18906
-1107
1570
-145
-236
21
1015
-290
72
-12
-4
8
-37
-297
7
-25
-7
21
1697
-27
248
-88
-370
-2
-37
-181
101
-16
0
1
-1
-35
1
-1
-12
2
0
-1
0
9
98
12
0
-2
9
-3
0
4
-4
-37
0
-1
0
18
752
-11
6
1
-143
-2
248
-61
23
-14
-7
0
-13
-108
0
-9
-11
1
214
10
16
-25
-410
-3
-38
-192
70
-13
1
0
0
5
0
15
1
0
0
0
0
0
4
1
0
0
0
0
0
0
3
-2
0
0
0
0
-9
0
0
-4
-2
0
-2
0
0
-3
0
0
-12
-69
0
0
0
0
-1
0
0
5
-31
0
-4
0
0
-10
0
0
-4
-9
0
0
0
-3
-3
0
0
-1
-19
0
0
-1
0
-16
-1
1
-3
-60
0
-4
-5
7
837
48
150
0
104
4
111
-22
6
0
0
1
-2
-41
1
-4
7
1
412
-5
22
-52
-126
-1
-53
-120
87
-7
0
0
0
-26
0
0
-1
1
0
-12
0
3
-53
0
0
0
0
-1
-7
6
-2
-39
-1
-8
0
-1
876
11
36
-2
-24
-1
237
12
29
-3
-11
0
-20
-107
1
-1
4
0
61
23
71
-57
-286
-11
37
-211
-13
-26
-7
0
1
9
-1
1
0
1
0
0
0
0
9
0
0
1
0
0
0
1
-5
-4
0
0
-1
3
0
0
0
0
0
0
0
0
0
0
0
0
0
1
0
0
0
0
0
0
0
-3
3
0
0
0
0
0
0
0
0
1
0
0
0
4
-1
0
0
-3
-10
0
0
0
0
0
0
9
0
-1
0
0
-6
18
-63
0
0
0
-7
0
0
0
0
0
0
0
0
4
1
0
0
0
0
0
0
-1
-5
0
0
0
0
-9
0
0
-6
-9
0
-1
0
0
0
0
0
0
-17
0
0
0
0
-3
-1
0
-6
-16
0
-3
0
0
-6
0
0
-4
-3
0
0
0
0
0
0
0
-2
-39
0
0
-1
0
-8
0
0
-7
-33
0
-2
-12
1
-14
-2
0
0
1
-1
-8
-6
0
0
0
0
0
0
-1
0
1
0
0
3
1
-2
-14
0
-2
0
0
0
0
0
0
-6
0
0
0
0
0
0
0
0
-23
-1
0
0
0
0
0
0
0
5
0
0
0
0
-8
0
-7
-1
-1
0
0
0
4
-2
2
0
0
11
0
-2
-2
0
-8
-1
7
-12
-63
2
-15
-20
7
702
19
79
-5
92
2
431
-5
36
4
4
2
-1
41
4
0
0
9
534
1
72
-26
-70
-13
33
-27
60
0
0
0
0
-1
0
0
0
0
0
0
0
0
-7
0
0
0
0
0
0
0
-3
70
18
0
2
6
416
1
30
-1
-17
3
-41
11
2
0
0
0
0
1
-2
-1
-5
-1
10
-7
51
-20
-41
1
-41
-89
88
-26
-1
0
0
-18
0
0
-6
0
0
0
0
0
-13
0
0
0
0
0
0
0
0
0
0
0
0
0
-4
-1
0
0
-11
0
0
0
-15
0
-1
0
0
0
0
0
0
0
-15
-4
0
0
-9
0
0
0
0
0
0
0
0
-4
0
0
0
0
0
0
0
-2
-6
0
-1
-1
0
-2
0
-6
-5
-3
0
-1
-2
-15
18
19
20
2
24
-4
19
-4
20
-1
0
0
-5
-34
-5
-1
0
-1
11
0
21
-10
-43
-1
-30
-43
53
0
-2
0
0
0
0
0
-2
1
0
1
0
0
-24
0
0
0
0
0
-1
0
-2
-18
0
0
-2
-1
181
4
64
-1
-18
-2
-66
-12
-50
-6
-3
0
-6
-93
3
0
-7
0
17
0
107
-93
-327
-15
-96
-320
-15
-252
-5
18
0
43
3
7
7
25
0
0
0
-10
-101
9
-4
2
0
-4
3
12
-1
15
5
-4
-15
37
0
0
0
3
10
5
0
2
0
0
0
0
1
-3
0
0
0
0
0
0
0
0
5
0
0
5
0
-8
-1
12
1
-11
1
-6
1
39
0
0
0
0
-7
0
0
0
0
0
1
1
-2
2
17
-3
-9
37
0
1
1
-4
20
0
0
0
0
0
0
0
6
6
0
0
0
0
0
0
0
-2
7
0
0
0
1
0
3
0
-1
5
0
0
2
1
0
1
0
0
10
0
1
-2
3
0
6
0
0
4
0
0
7
13
-8
0
0
0
1
0
0
-2
0
0
0
0
0
-19
-1
0
-1
0
0
0
0
0
17
0
0
1
2
3
12
9
-2
14
0
-11
1
5
0
0
0
0
-10
0
-1
-3
0
-13
4
5
-2
-16
-4
-8
0
16
0
1
0
0
-2
0
0
1
0
0
0
0
1
-7
0
0
0
0
0
4
0
0
-13
0
-1
1
0
-14
1
8
-1
-7
4
3
0
0
0
0
0
-3
-11
0
-12
0
0
-13
-2
4
3
-47
4
-4
-37
16
-63
-1
41
3
-62
0
-3
-6
14
0
0
0
0
-24
0
0
0
0
6
0
0
0
3
-1
0
-7
7
0
0
0
0
-28
7
0
0
2
0
0
7
-6
-11
5
0
0
0
-3
0
0
-6
34
1
0
0
0
-8
0
0
-12
-50
-1
0
0
1
0
0
0
0
-25
0
0
0
0
-5
0
0
0
-1
-5
-14
-8
10
-4
6
2
9
15
2
0
-3
2
0
-1
0
5
-45
0
0
-13
0
0
0
0
0
-15
0
0
-1
2
-15
0
0
-18
-49
36
-18
-11
6
0
-15
0
-21
-552
0
0
-24
0
-25
6
1
1
32
1
-1
3
-1
-48
0
0
-8
18
0
0
0
0
0
0
0
1
-69
0
-6
-10
0
-24
4
2
0
-47
0
-3
-22
27
-20
2
0
0
3
0
-18
1
1
0
0
0
0
-6
0
-1
0
0
0
0
0
0
-2
0
0
1
1
0
0
0
0
-38
0
-3
0
1
0
0
0
0
-49
0
-4
0
0
0
0
0
0
-3
0
-7
0
0
-2
2
0
-2
-3
-3
0
5
3
0
-2
0
-6
-10
0
0
0
0
-9
0
9
-8
-62
-1
-24
-24
20
-186
5
10
0
14
5
-19
3
1
0
0
0
0
-5
0
-2
0
0
-18
2
-6
7
-27
-1
-5
1
21
0
0
0
0
3
0
0
0
0
0
0
0
0
-16
0
0
0
0
0
0
0
0
-4
0
0
2
0
-29
0
0
-1
5
0
-23
-2
1
0
0
0
0
-5
0
0
0
0
-3
-2
0
7
-49
-1
-3
-17
2
-14
0
0
0
-17
0
-3
-6
0
0
0
0
0
-20
0
0
0
0
0
0
0
0
-8
0
-1
0
1
-2
0
0
-3
1
0
-3
-27
0
0
0
0
-12
-2
0
0
0
0
0
0
0
0
1
0
0
0
0
-1
0
0
0
6
0
0
0
0
0
0
0
-1
8
-14
0
-4
0
-1
0
-6
0
16
0
-1
30
5
-110
0
-4
0
4
0
-21
-1
1
0
0
3
0
11
0
0
0
0
-16
-6
5
-6
-10
-2
-11
1
6
0
0
0
0
0
0
0
0
0
0
0
0
-3
-10
0
0
0
0
-1
0
0
0
-13
0
-1
0
0
-77
-4
-14
-6
-32
-2
-12
-4
3
-4
-12
0
-2
-29
50
0
0
0
-88
-7
1
9
-76
-4
-131
-83
102
803
20
108
-7
-31
7
-74
-44
-164
0
-6
1
1
-31
3
1
-3
0
224
-3
49
-13
-132
-5
-106
-39
6
0
0
0
0
1
0
0
-3
15
0
0
0
0
12
6
0
-7
3
5
0
0
0
0
0
0
2
-1
177
-5
6
-2
-49
0
-35
-6
2
-2
0
0
-3
-17
5
0
0
0
-61
-1
6
-11
-102
-1
-33
-87
-25
-2
0
0
0
-3
0
0
0
0
0
0
0
0
-1
0
0
0
0
-2
0
0
0
0
0
0
0
0
0
0
0
-1
0
0
0
0
0
0
0
0
-27
-22
0
0
-3
0
0
0
0
0
-9
0
0
0
-1
-1
0
0
0
0
0
0
0
0
0
0
0
-3
0
-2
0
-1
0
0
0
0
-1
-2
0
-1
-2
5
152
8
10
1
-9
0
-47
-8
22
0
0
0
0
-8
0
0
0
0
-38
-1
4
-13
-26
-4
-33
-7
-172
0
0
0
0
0
0
0
0
0
0
0
0
0
-8
0
0
0
0
1
0
0
0
-1
0
0
0
0
253
-2
1
-6
-40
4
-10
-4
-103
-3
0
0
-5
-37
-1
-1
0
0
57
-2
24
-8
-108
0
-22
-51
120
-84
-10
-1
0
-22
0
-12
-3
0
0
0
0
0
-13
0
0
0
0
0
0
0
0
1
0
0
-2
6
-2
0
0
0
0
0
0
0
0
0
0
0
0
-8
0
0
0
0
0
0
0
0
1
0
0
0
0
0
0
0
0
1
0
0
-1
0
0
0
0
0
-5
0
0
0
0
-3
0
0
0
-2
0
0
-2
0
-2
-7
0
0
-1
0
0
0
0
0
0
0
0
-6
0
0
0
0
-1
0
0
0
-7
0
0
0
0
-14
0
0
0
-6
0
0
-3
1
-12
-3
0
-9
-185
0
0
-3
0
-10
-6
0
0
-1
0
0
-1
0
-21
0
0
0
-1
0
0
0
0
0
0
0
-9
-26
0
0
-1
0
-5
0
0
-8
-5
0
0
0
3
-23
-3
0
0
0
-7
-2
-1
0
0
0
0
0
1
0
0
0
0
0
0
2
0
1
0
0
0
1
-5
0
0
0
-27
0
0
0
1
-2
-6
0
-1
-18
0
-2
0
0
-3
0
0
0
1
0
-3
0
0
-4
0
0
0
3
0
0
0
0
0
-11
0
0
-16
0
-4
-1
0
-4
-1
-3
-22
-24
0
-7
-8
-12
25
9
-1
7
-2
8
-7
-23
-29
0
0
-1
0
-42
-1
0
-2
9
-67
20
-4
-18
-61
-1
-102
-48
22
0
0
0
15
9
0
0
0
0
0
0
0
0
-24
0
0
0
0
0
0
0
-1
-9
0
0
1
-1
-47
7
-2
0
-30
0
-94
-17
8
0
0
0
0
-37
-1
0
-7
0
-37
4
13
-3
-51
-1
-30
-24
-240
-21
0
0
0
-3
0
0
-3
0
0
0
0
0
-19
0
0
0
0
0
0
0
0
0
0
0
0
0
-12
-6
0
0
2
0
0
-6
0
-6
-9
0
0
-16
0
0
0
0
0
0
0
0
-14
0
0
0
0
-1
0
0
-1
-3
0
0
0
0
0
0
0
-4
0
0
-1
0
0
-5
0
0
-1
-18
0
-2
-5
1
71
13
25
-4
-19
-2
-45
-3
6
-6
0
3
0
-1
0
-2
3
6
-22
-6
14
-7
-37
-3
-26
-50
-97
0
0
0
0
-3
0
0
0
0
0
0
0
-3
-37
0
0
0
0
16
-1
-14
-1
-16
1
0
-7
-8
-66
-10
1
12
-11
2
-198
-26
-25
-3
-2
-1
-10
-87
6
2
-9
0
-114
7
55
-54
-331
-15
-258
-308
-825
-1324
123
375
16
542
151
1
11
430
0
33
18
0
13
5
-38
-62
36
19
47
68
-3
8
32
-1
8
334
-5
-2
0
0
5
0
1
0
0
-24
0
6
-8
197
10
0
0
0
-8
-3
1
-3
-7
2
-7
0
4
20
37
53
7
42
-6
-2
0
60
-3
8
1
-6
29
0
-1
-6
0
7
19
87
-2
-38
42
-5
-1
396
-6
0
1
0
9
0
0
2
9
0
0
0
0
3
1
0
0
0
0
0
0
0
2
3
0
1
1
0
0
0
0
1
0
0
0
9
0
0
0
-6
16
0
0
0
6
0
0
0
0
3
0
-6
0
2
0
0
0
-9
7
0
0
-1
0
0
0
0
-6
-1
0
0
0
0
-1
0
0
0
-7
0
-3
15
39
-41
63
26
0
97
14
-4
4
19
-4
3
0
-1
51
0
0
-3
0
-1
6
38
-4
42
18
5
-23
96
-5
1
2
0
-1
2
0
0
0
-3
0
0
0
20
3
0
0
0
-1
6
3
8
28
4
0
0
6
32
8
72
0
34
0
3
-6
24
0
5
0
0
37
2
5
-1
0
2
3
88
-2
56
11
1
-22
449
2
9
17
0
11
6
0
10
21
0
7
4
1
25
0
0
0
0
4
4
2
9
10
6
-1
2
16
0
0
0
0
23
1
0
0
1
0
0
0
0
3
0
0
0
2
0
0
1
-2
4
7
-2
0
3
0
1
2
0
7
1
0
0
-5
-3
10
0
0
-9
0
-2
-8
0
-1
1
0
-11
-9
0
-5
-7
26
-87
-13
2
0
23
2
-2
-3
2
0
2
0
0
34
9
1
0
0
-3
1
5
0
18
3
1
-4
9
-18
0
0
-6
-2
2
0
-2
-3
0
7
3
0
232
54
0
1
13
-10
3
0
-6
-21
0
-6
-1
0
-8
1
0
0
3
0
-4
-4
7
0
0
0
0
6
0
0
0
0
-15
0
-8
-7
-9
0
0
28
5
-28
7
-3
0
8
-4
0
-12
-2
0
1
0
0
3
0
0
3
1
-3
3
1
-1
-8
0
0
3
4
-42
8
0
0
-2
0
0
-3
0
-15
0
0
-27
-88
0
-1
0
2
-1
1
0
2
20
0
-3
-1
0
-25
12
-14
0
19
1
0
5
6
-1
-7
0
0
-5
-3
0
8
0
-4
8
5
2
20
14
-1
20
114
-60
40
31
-4
75
-2
-7
3
32
0
3
0
-1
79
2
0
-1
1
1
2
-7
-16
-6
0
-21
5
66
0
0
0
1
-1
1
1
-1
0
0
1
0
-2
-2
0
0
0
0
0
0
0
-1
8
5
-1
0
2
-12
13
12
0
13
3
-5
2
7
0
0
0
0
-7
0
0
0
1
-2
0
30
-2
-50
0
-7
-17
120
-8
1
1
0
3
0
-1
-3
0
0
0
0
0
-3
0
0
-3
0
0
0
0
0
9
0
0
0
3
-4
0
0
0
5
0
0
0
-3
0
0
0
0
101
0
0
0
0
-3
1
0
0
-1
0
0
0
0
0
0
0
0
7
1
0
-2
0
0
0
0
0
-5
0
0
0
0
-1
0
-12
9
-5
1
0
-2
5
-12
10
-12
-51
59
3
-11
-10
6
0
0
0
-1
21
0
0
-1
0
15
-2
2
-3
-10
0
-7
-5
19
-6
0
9
-1
1
1
0
-3
0
0
0
0
0
17
-4
-1
0
0
0
0
0
0
3
19
0
0
0
-29
30
19
-12
32
-4
-2
-9
24
3
2
0
-1
4
4
1
-4
1
3
-12
31
-15
-6
3
-47
-6
864
-1072
473
361
3
635
69
-66
-13
406
0
-3
13
0
-59
51
-5
-99
18
-7
54
126
-5
-35
20
-7
-37
551
1
11
11
-2
24
-2
0
9
5
0
11
0
-8
158
7
0
8
0
-6
3
4
1
-79
0
-13
-5
14
-6
160
115
-8
200
117
5
7
184
-4
12
0
0
144
3
-3
-24
1
7
85
158
-25
181
24
55
-46
723
-11
10
19
0
28
0
16
-8
33
0
17
0
2
82
19
0
-10
0
7
-1
0
4
28
6
12
-8
16
-2
0
18
11
20
10
0
-2
8
0
15
34
-8
309
63
1
1
1
-7
16
10
-4
-30
9
0
-3
14
-10
-3
11
0
63
3
0
3
2
0
1
0
0
19
8
0
-3
3
-1
1
11
-3
-2
-2
-6
-82
77
-60
257
89
7
379
55
-6
-7
106
0
0
6
-3
5
1
0
2
13
-8
25
94
-4
143
67
-13
-1
195
3
1
13
0
18
11
0
2
6
0
1
9
-1
-39
2
0
3
12
-3
1
2
2
-27
-1
-2
-4
16
-12
94
112
7
465
38
30
-38
216
-5
16
1
0
255
11
0
27
3
-24
11
267
-23
-53
53
-47
-97
1162
-840
446
134
-47
-187
10
7
-32
111
2
-10
-1
-13
-185
-1
5
3
12
-23
44
21
-5
-186
31
30
-27
262
-54
8
8
6
149
56
5
-35
29
-58
7
3
20
368
-15
1
-21
-3
-35
11
1
-11
116
3
-20
-19
59
-27
27
47
-20
4
24
-6
-4
56
-17
22
-1
-23
-223
8
-1
3
4
-26
41
47
-7
167
23
-12
-50
389
-804
114
93
19
208
39
24
-38
100
-3
13
-4
22
115
36
-29
-111
53
-11
41
1
-15
61
52
-10
-20
121
-653
28
52
-148
-261
231
-52
-116
132
-109
295
28
-485
0
485
-28
-295
109
-132
116
52
-231
261
148
-52
-28
653
-121
20
10
-52
-61
15
-1
-41
11
-53
111
29
-36
-115
-22
4
-13
3
-100
38
-24
-39
-208
-19
-93
-114
804
-389
50
12
-23
-167
7
-47
-41
26
-4
-3
1
-8
223
23
1
-22
17
-56
4
6
-24
-4
20
-47
-27
27
-59
19
20
-3
-116
11
-1
-11
35
3
21
-1
15
-368
-20
-3
-7
58
-29
35
-5
-56
-149
-6
-8
-8
54
-262
27
-30
-31
186
5
-21
-44
23
-12
-3
-5
1
185
13
1
10
-2
-111
32
-7
-10
187
47
-134
-446
840
-1162
97
47
-53
53
23
-267
-11
24
-3
-27
0
-11
-255
0
-1
-16
5
-216
38
-30
-38
-465
-7
-112
-94
12
-16
4
2
1
27
-2
-2
-1
3
-12
-3
0
-2
39
1
-9
-1
0
-6
-2
0
-11
-18
0
-13
-1
-3
-195
1
13
-67
-143
4
-94
-25
8
-13
-2
0
-1
-5
3
-6
0
0
-106
7
6
-55
-379
-7
-89
-257
60
-77
82
6
2
2
3
-11
-1
1
-3
3
0
-8
-19
0
0
-1
0
-2
-3
0
-3
-63
0
-11
3
10
-14
3
0
-9
30
4
-10
-16
7
-1
-1
-1
-63
-309
8
-34
-15
0
-8
2
0
-10
-20
-11
-18
0
2
-16
8
-12
-6
-28
-4
0
1
-7
0
10
0
-19
-82
-2
0
-17
0
-33
8
-16
0
-28
0
-19
-10
11
-723
46
-55
-24
-181
25
-158
-85
-7
-1
24
3
-3
-144
0
0
-12
4
-184
-7
-5
-117
-200
8
-115
-160
6
-14
5
13
0
79
-1
-4
-3
6
0
-8
0
-7
-158
8
0
-11
0
-5
-9
0
2
-24
2
-11
-11
-1
-551
37
7
-20
35
5
-126
-54
7
-18
99
5
-51
59
0
-13
3
0
-406
13
66
-69
-635
-3
-361
-473
1072
-864
6
47
-3
6
15
-31
12
-3
-1
4
-1
-4
-4
1
0
-2
-3
-24
9
2
4
-32
12
-19
-30
29
0
0
0
-19
-3
0
0
0
0
0
0
1
4
-17
0
0
0
0
0
3
0
-1
-1
1
-9
0
6
-19
5
7
0
10
3
-2
2
-15
0
1
0
0
-21
1
0
0
0
-6
10
11
-3
-59
51
12
-10
12
-5
2
0
-1
5
-9
12
0
1
0
0
0
0
5
0
0
0
0
0
2
0
-1
-7
0
0
0
0
0
0
0
0
1
0
0
-1
3
0
0
0
0
-101
0
0
0
0
3
0
0
0
-5
0
0
0
4
-3
0
0
0
-9
0
0
0
0
0
3
0
0
3
0
0
0
0
0
3
1
0
-3
0
-1
-1
8
-120
17
7
0
50
2
-30
0
2
-1
0
0
0
7
0
0
0
0
-7
-2
5
-3
-13
0
-12
-13
12
-2
0
1
-5
-8
1
0
0
0
0
0
0
0
2
2
0
-1
0
0
1
-1
-1
1
-1
0
0
0
-66
-5
21
0
6
16
7
-2
-1
-1
1
0
-2
-79
1
0
-3
0
-32
-3
7
2
-75
4
-31
-40
60
-114
-20
1
-14
-20
-2
-5
-8
4
0
-8
0
3
5
0
0
7
1
-6
-5
0
-1
-19
0
14
-12
25
0
1
3
0
-20
-2
0
-1
1
-2
0
1
0
88
27
0
0
15
0
3
0
0
2
0
0
-8
42
-4
-3
0
0
8
1
-1
-3
3
-1
-3
0
0
-3
0
0
-1
0
2
12
0
4
-8
0
3
-7
28
-5
-28
0
0
9
7
8
0
15
0
0
0
0
-6
0
0
0
0
-7
4
4
0
-3
0
0
-1
8
0
1
6
0
21
6
0
-3
10
-13
-1
0
-54
-232
0
-3
-7
0
3
2
0
-2
2
6
0
0
18
-9
4
-1
-3
-18
0
-5
-1
3
0
0
-1
-9
-34
0
0
-2
0
-2
3
2
-2
-23
0
-2
13
87
-26
7
5
0
9
11
0
-1
1
0
8
2
0
9
0
0
-10
3
5
0
0
-1
-7
0
-2
-1
0
-3
0
2
-7
-4
2
-1
0
0
-2
0
0
0
-3
0
0
0
0
-1
0
0
-1
-23
0
0
0
0
-16
-2
1
-6
-10
-9
-2
-4
-4
0
0
0
0
-25
-1
-4
-7
0
-21
-10
0
-6
-11
0
-17
-9
-2
-449
22
-1
-11
-56
2
-88
-3
-2
0
1
-5
-2
-37
0
0
-5
0
-24
6
-3
0
-34
0
-72
-8
-32
-6
0
0
-4
-28
-8
-3
-6
1
0
0
0
-3
-20
0
0
0
3
0
0
0
-2
1
0
-2
-1
5
-96
23
-5
-18
-42
4
-38
-6
1
0
3
0
0
-51
1
0
-3
4
-19
-4
4
-14
-97
0
-26
-63
41
-39
-15
3
0
7
0
0
0
1
0
0
0
0
1
6
0
0
0
0
1
0
0
-7
9
0
0
0
-2
0
6
0
-3
0
0
0
0
-6
0
0
0
-16
6
0
0
0
-9
0
0
0
-1
0
0
0
0
-1
-1
0
-3
-2
0
0
0
0
0
0
0
-1
-3
0
0
0
0
-9
-2
0
0
-9
0
-1
0
6
-396
1
5
-42
38
2
-87
-19
-7
0
6
1
0
-29
6
-1
-8
3
-60
0
2
6
-42
-7
-53
-37
-20
-4
0
7
-2
7
3
-1
3
8
0
0
0
-10
-197
8
-6
0
24
0
0
-1
0
-5
0
0
2
5
-334
-8
1
-32
-8
3
-68
-47
-19
-36
62
38
-5
-13
0
-18
-33
0
-430
-11
-1
-151
-542
-16
-375
-123
1324
825
308
258
15
331
54
-55
-7
114
0
9
-2
-6
87
10
1
2
3
25
26
198
-2
11
-12
-1
10
66
8
7
0
-1
16
1
14
1
-16
0
0
0
0
37
3
0
0
0
0
0
0
0
3
0
0
0
0
97
50
26
3
37
7
-14
6
22
-6
-3
2
0
1
0
-3
0
6
-6
3
45
2
19
4
-25
-13
-71
-1
5
2
0
18
1
0
0
5
0
0
1
0
0
4
0
0
0
0
0
0
0
3
1
0
0
1
0
0
0
0
14
0
0
0
0
0
0
0
0
16
0
0
9
6
0
6
0
0
-2
0
0
6
12
0
0
0
0
0
0
0
0
0
0
0
0
0
19
0
0
0
0
0
3
0
0
3
0
0
0
21
240
24
30
1
51
3
-13
-4
37
0
7
0
1
37
0
0
0
0
-8
17
94
0
30
0
2
-7
47
1
-1
0
0
9
1
0
0
0
0
0
0
0
24
0
0
0
0
0
0
0
0
-9
-15
0
0
0
-22
48
102
1
61
18
4
-20
67
-9
2
0
1
42
0
1
0
0
29
23
7
-8
2
-7
1
-9
-25
12
8
7
0
24
22
3
1
4
0
1
4
0
16
0
0
11
0
0
0
0
0
-3
0
0
0
4
0
0
3
0
-1
0
0
0
3
0
0
2
0
18
1
0
6
2
-1
0
0
0
27
0
0
0
5
-1
0
0
0
-1
0
-2
0
0
0
0
0
0
-1
0
0
0
0
0
1
2
7
0
0
0
3
23
-3
0
0
0
5
8
0
0
5
0
1
0
0
26
9
0
0
0
0
0
0
0
1
0
0
0
21
0
1
0
0
1
0
0
6
10
0
3
0
0
185
9
0
3
12
-1
3
0
0
6
0
0
0
14
0
0
0
0
7
0
0
0
1
0
0
0
0
6
0
0
0
0
0
0
0
0
1
0
0
7
2
0
2
0
0
2
0
0
0
3
0
0
0
0
5
0
0
0
0
0
1
0
0
-1
0
0
0
0
0
0
0
0
-1
0
0
0
0
0
0
0
0
8
0
0
0
0
0
0
0
0
0
0
0
0
2
-6
2
0
0
-1
0
0
0
0
0
0
0
0
13
0
0
0
0
0
3
12
0
22
0
1
10
84
-120
51
22
0
108
8
-24
2
-57
0
0
1
1
37
5
0
0
3
103
4
10
-4
40
6
-1
2
-253
0
0
0
0
1
0
0
0
-1
0
0
0
0
8
0
0
0
0
0
0
0
0
0
0
0
0
0
172
7
33
4
26
13
-4
1
38
0
0
0
0
8
0
0
0
0
-22
8
47
0
9
-1
-10
-8
-152
-5
2
1
0
2
1
0
0
0
0
1
0
2
0
3
0
0
0
0
0
0
0
0
0
0
0
1
1
0
0
0
9
0
0
0
0
0
3
0
0
22
27
0
0
0
0
0
0
0
0
1
0
0
0
0
0
0
0
0
0
0
0
2
0
0
0
0
1
0
0
0
0
0
0
0
0
3
0
0
0
2
25
87
33
1
102
11
-6
1
61
0
0
0
-5
17
3
0
0
2
-2
6
35
0
49
2
-6
5
-177
1
-2
0
0
0
0
0
0
-5
-3
7
0
-6
-12
0
0
0
0
-15
3
0
0
-1
0
0
0
0
-6
39
106
5
132
13
-49
3
-224
0
3
-1
-3
31
-1
-1
6
0
164
44
74
-7
31
7
-108
-20
-803
-102
83
131
4
76
-9
-1
7
88
0
0
0
-50
29
2
0
12
4
-3
4
12
2
32
6
14
4
77
0
0
1
0
13
0
0
0
1
0
0
0
0
10
3
0
0
0
0
0
0
0
0
0
0
0
0
-6
-1
11
2
10
6
-5
6
16
0
0
0
0
-11
0
-3
0
0
-1
1
21
0
-4
0
4
0
110
-5
-30
1
0
-16
0
6
0
1
0
4
0
14
-8
1
0
0
0
0
0
0
0
-6
0
0
0
1
0
0
0
0
-1
0
0
0
0
0
0
0
0
2
12
0
0
0
0
27
3
0
-1
3
0
0
2
-1
0
1
0
8
0
0
0
0
0
0
0
0
20
0
0
0
0
0
6
3
0
17
0
0
0
14
-2
17
3
1
49
-7
0
2
3
0
0
0
0
5
0
0
0
0
-1
2
23
0
-5
1
0
0
29
0
-2
0
0
4
0
0
0
0
0
0
0
0
16
0
0
0
0
0
0
0
0
-3
0
0
0
0
-21
-1
5
1
27
-7
6
-2
18
0
0
2
0
5
0
0
0
0
-1
-3
19
-5
-14
0
-10
-5
186
-20
24
24
1
62
8
-9
0
9
0
0
0
0
10
6
0
2
0
-3
-5
0
3
3
2
0
-2
2
0
0
7
0
3
0
0
0
0
0
0
4
0
49
0
0
0
0
-1
0
3
0
38
0
0
0
0
-1
-1
0
0
2
0
0
0
0
0
0
1
0
6
0
0
0
0
-1
-1
18
0
-3
0
0
-2
20
-27
22
3
0
47
0
-2
-4
24
0
10
6
0
69
-1
0
0
0
0
0
0
0
-18
8
0
0
48
1
-3
1
-1
-32
-1
-1
-6
25
0
24
0
0
552
21
0
15
0
-6
11
18
-36
49
18
0
0
15
-2
1
0
0
15
0
0
0
0
0
13
0
0
45
-5
0
1
0
-2
3
0
-2
-15
-9
-2
-6
4
-10
8
14
5
1
0
0
0
5
0
0
0
0
25
0
0
0
0
-1
0
0
1
50
12
0
0
8
0
0
0
-1
-34
6
0
0
3
0
0
0
-5
11
6
-7
0
0
-2
0
0
-7
28
0
0
0
0
-7
7
0
1
-3
0
0
0
-6
0
0
0
0
24
0
0
0
0
-14
6
3
0
62
-3
-41
1
63
-16
37
4
-4
47
-3
-4
2
13
0
0
12
0
11
3
0
0
0
0
0
-3
-4
7
1
-8
-1
14
0
-1
1
0
13
0
0
-4
0
0
0
0
0
7
-1
0
0
0
0
-1
0
0
2
0
0
-1
0
-16
0
8
4
16
2
-5
-4
13
0
3
1
0
10
0
0
0
0
-5
-1
11
0
-14
2
-9
-12
-3
-2
-1
0
0
-17
0
0
0
0
0
1
0
1
19
0
0
0
0
0
2
0
0
-1
0
0
0
8
-13
-7
0
0
-4
0
0
-6
0
-3
2
-1
0
-10
0
0
-1
0
-1
-2
0
0
-5
1
0
-3
0
-1
0
0
0
-7
2
0
0
0
0
0
0
0
-6
-6
0
0
0
0
0
0
0
-20
4
-1
-1
0
-37
9
3
-17
-2
2
-1
-1
0
0
0
0
0
7
0
0
0
0
-39
-1
6
-1
11
-1
-12
1
8
0
-5
0
0
-5
0
0
0
0
0
0
0
0
3
-1
0
0
0
0
-2
0
-5
-10
-3
0
0
0
-37
15
4
-5
-15
1
-12
-3
4
0
-2
4
-9
101
10
0
0
0
-25
-7
-7
-3
-43
0
-18
5
252
15
320
96
15
327
93
-107
0
-17
0
7
0
-3
93
6
0
3
6
50
12
66
2
18
1
-64
-4
-181
1
2
0
0
18
2
0
1
0
0
0
0
0
24
0
0
-1
0
-1
2
0
0
0
0
0
2
0
-53
43
30
1
43
10
-21
0
-11
1
0
1
5
34
5
0
0
1
-20
4
-19
4
-24
-2
-20
-19
-18
15
2
1
0
3
5
6
0
2
0
1
1
0
6
2
0
0
0
0
0
0
0
4
0
0
0
0
0
0
0
0
9
0
0
4
15
0
0
0
0
0
0
0
1
0
15
0
0
0
11
0
0
1
4
0
0
0
0
0
0
0
0
0
0
0
0
0
13
0
0
0
0
0
6
0
0
18
0
0
1
26
-88
89
41
-1
41
20
-51
7
-10
1
5
1
2
-1
0
0
0
0
-2
-11
41
-3
17
1
-30
-1
-416
-6
-2
0
-18
-70
3
0
0
0
0
0
0
0
7
0
0
0
0
0
0
0
0
1
0
0
0
0
-60
27
-33
13
70
26
-72
-1
-534
-9
0
0
-4
-41
1
-2
-4
-4
-36
5
-431
-2
-92
5
-79
-19
-702
-7
20
15
-2
63
12
-7
1
8
0
2
2
0
-11
0
0
-2
2
-4
0
0
0
1
1
7
0
8
0
0
0
0
-5
0
0
0
0
0
0
0
1
23
0
0
0
0
0
0
0
0
6
0
0
0
0
0
0
2
0
14
2
-1
-3
0
0
-1
0
1
0
0
0
0
0
0
6
8
1
-1
0
0
2
14
-1
12
2
0
33
7
0
0
8
0
1
0
0
39
2
0
0
0
0
0
0
0
3
4
0
0
6
0
0
3
0
16
6
0
1
3
0
0
0
0
17
0
0
0
0
0
0
1
0
9
6
0
0
9
0
0
0
0
5
1
0
0
0
0
0
0
-1
-4
0
0
0
0
0
0
0
0
7
0
0
0
63
-18
6
0
0
1
0
-9
0
0
0
0
0
0
10
3
0
0
1
-4
0
0
0
-1
0
0
0
0
0
0
0
0
-3
3
0
0
0
0
0
0
0
-1
0
0
0
0
0
0
0
0
0
0
0
0
0
-3
1
0
0
4
5
-1
0
0
0
-1
0
0
-9
0
0
0
0
-1
0
-1
1
-9
-1
0
7
26
13
211
-37
11
286
57
-71
-23
-61
0
-4
1
-1
107
20
0
11
3
-29
-12
-237
1
24
2
-36
-11
-876
1
0
8
1
39
2
-6
7
1
0
0
0
0
53
-3
0
12
0
-1
1
0
0
26
0
0
0
7
-87
120
53
1
126
52
-22
5
-412
-1
-7
4
-1
41
2
-1
0
0
-6
22
-111
-4
-104
0
-150
-48
-837
-7
5
4
0
60
3
-1
1
16
0
1
0
0
19
1
0
0
3
3
0
0
0
9
4
0
0
10
0
0
4
0
31
-5
0
0
1
0
0
0
0
69
12
0
0
3
0
0
2
0
2
4
0
0
9
0
0
0
0
2
-3
0
0
0
0
0
0
-1
-4
0
0
0
0
0
-1
-15
0
-5
0
0
-1
13
-70
192
38
3
410
25
-16
-10
-214
-1
11
9
0
108
13
0
7
14
-23
61
-248
2
143
-1
-6
11
-752
-18
0
1
0
37
4
-4
0
3
-9
2
0
-12
-98
-9
0
1
0
-2
12
1
-1
35
1
-1
0
16
-101
181
37
2
370
88
-248
27
-1697
-21
7
25
-7
297
37
-8
4
12
-72
290
-1015
-21
236
145
-1570
1107
-18906
