-20480866
-4977045
-1523278
-1466319
-4488187
-225292
-668772
-1966732
-67548
-231448
-178379
-69723
-700486
-2339185
-15073
-440640
-319206
-1722
-84382
-25043
0
-359821
-1169121
-28553
-85116
-262190
-55910
-302998
-50749
-6786
-64583
-471126
-18396
-21738
-94013
2318
-115276
-116607
-19260
-320942
-1613828
-4133
-140184
-60074
1934
-128059
-52524
-5042
-122497
-349402
-1576
-77889
-30416
-12555
-118533
-5000
-7657
-28557
-307547
-6866
0
0
0
-90208
-62942
-8615
-164063
-778816
-5189
-103379
-31801
-1201
-21341
-3585
689
-94175
-264984
-13979
-47020
-441899
0
-302998
-63187
1265
-12741
-67581
-4501
-2650
-37926
1186
-16634
-9652
-1339
-56431
-236794
-222
-24898
-31232
613
-2498
-277
0
-29586
-127037
-109
-1874
-11232
1232
-297668
-36723
-7413
-91135
-475341
-10346
-46237
-84045
1182
-71718
-48499
-12211
-335788
-1746035
-2772
-108152
-39003
1479
-60209
-8721
-861
-39513
-148373
-548
-16872
-2922
0
-157426
-13393
-11905
-39829
-222472
-627
0
-2923
10
-50357
-60663
-3096
-73931
-312571
-164
-29146
-5692
2063
-32604
-18946
-3137
-18649
-50967
-495
-93341
-57860
12555
-118533
-4255
-6573
-7614
-75306
-5746
0
-6319
-664
-2539
-287
327
-24799
-132651
279
-7740
-12019
952
0
0
0
0
0
0
0
0
0
-157426
-31188
-3337
-32823
-176810
-7780
-14254
-19833
-172
-37715
-22796
-2071
-103370
-565540
-2948
-30168
-14812
-50
-33704
-11015
-834
-15123
-54031
-562
-12675
-1877
-1232
-24792
546
-3271
-5666
-38335
207
0
-959
191
-29790
-21210
-1874
-36501
-125087
-1730
-25162
-3930
-336
-6870
-223
487
-74681
-253735
-7633
-16665
-201121
55910
-231448
-29387
-520
-16188
-68879
-2364
-1548
-11089
161
-5436
-2793
-124
-9225
-30130
-103
-3856
-3923
2
-193
36
0
-5015
-9906
-258
-358
-1800
336
-16634
-1633
-186
-4850
-12508
-1063
-302
-2886
30
-7467
-4847
-1950
-24658
-120079
-467
-10366
-2444
-86
-5402
-571
-330
-6521
-15231
-94
-3316
-1244
-2063
-2539
44
100
-202
-4132
-6
0
0
0
-4167
-1498
4
-6317
-30738
-30
-3705
-585
0
-325
-8
40
-2222
-5342
98
-397
-8940
1201
-115276
-22869
-2
-7464
-23712
-1545
-6982
-3981
-46
-7467
-3883
-18
-20959
-83868
-214
-8512
-7390
-80
-2049
-341
0
-5936
-9870
-164
-2015
-980
50
-71718
-5084
-869
-19707
-61983
-3337
-10729
-11043
-115
-22362
-13652
-1822
-100711
-486230
-1696
-28911
-9648
0
-17886
-3499
-177
-9745
-26446
-372
-5142
-773
-1479
-37715
-678
-2833
-7504
-18638
8
0
-587
-24
-6341
-3601
-374
-12007
-48789
-352
-5920
-1317
86
-6032
-623
-849
-1902
-4953
-486
-22853
-9833
-1934
-90208
-6993
-6484
-5540
-15658
-486
-4283
-1754
-578
-4167
-2235
-560
-7042
-36143
-254
-3662
-1849
0
0
0
0
-1196
-5797
-188
-899
-671
-952
-50357
-23957
-1224
-15671
-70605
-2407
-6202
-8027
4
-6341
-3326
-676
-24742
-96683
-940
-7991
-5049
80
-4953
-314
-114
-2094
-5824
-60
-2275
-274
-613
-29790
-5005
-5340
-4773
-20406
-215
0
-354
-122
-3896
-5892
-208
-3832
-16354
-378
-1488
-401
-2
-15448
-3270
-1106
-13057
-29152
-662
-45327
-26462
1722
-84382
-2720
-2521
-2265
-30906
-1737
-98
-1060
-36
-193
-38
60
-5309
-19380
-244
-1361
-2690
122
0
0
0
-1845
-2414
-258
-712
-1679
-191
-2498
-90
-40
-124
-3596
10
-128
-1114
210
-2049
-773
-56
-6324
-41986
-256
-2044
-1067
24
-1493
-12
-94
-2347
-6238
148
-1356
-1030
-10
0
0
0
0
0
0
0
0
0
0
0
0
0
0
0
0
0
0
0
0
0
0
0
0
0
0
0
-128059
-39545
-1398
-8172
-47989
-2278
-3397
-12242
212
-5402
-3321
-919
-19809
-109039
-505
-9269
-10975
-4
-1493
-44
0
-4111
-23299
-8
-722
-2342
172
-60209
-7468
-973
-16624
-69128
-2525
-7050
-9466
0
-17886
-10206
-3073
-64536
-386506
-1103
-18418
-7675
115
-13780
-987
-643
-9117
-35624
-704
-5162
-1973
-1182
-33704
-1927
-1916
-7628
-31767
-186
0
-264
-210
-4953
-3942
-178
-8162
-42817
-279
-3693
-710
-30
-6817
-1607
-826
-2053
-5494
-564
-22829
-16828
-2318
-21341
1045
-2174
-930
-16776
776
-1230
-1702
0
-325
508
967
-5505
-26708
1494
-1465
-2002
578
0
0
0
-767
-586
-125
-612
-423
664
-32604
-14907
-943
-7973
-49098
-1847
-4094
-5307
-212
-6032
-5376
-892
-17406
-98266
-264
-4811
-3628
46
-6817
-2432
-363
-3562
-12252
-48
-4959
-819
-1186
-6870
701
-2102
-1001
-13240
107
0
-26
36
-15448
-11331
-1088
-23805
-109104
-854
-16350
-3793
-161
-1496
880
2098
-43443
-138880
-5813
-4192
-182374
67548
-1466319
-228840
17001
-72138
-637658
-4951
-21422
-129360
5813
-16188
-7411
-144
-75073
-457491
439
-27160
-37668
662
-2265
-73
0
-25943
-122522
601
-1837
-15147
7633
-12741
-1643
178
-3541
-16778
-577
-232
-3310
564
-7464
-4213
26
-22464
-154608
620
-8601
-2830
486
-8172
-411
-95
-14862
-56427
-25
-7500
-4740
495
-7614
870
3631
-4020
-25133
1548
0
0
0
-5540
-3370
396
-15755
-97360
-226
-4956
-2426
-98
-930
554
1613
-6944
-24181
0
-2376
-23877
13979
-64583
-7733
316
-3541
-13988
-202
-26
-10833
48
-4850
-3648
44
-12899
-59730
52
-3506
-7132
60
-124
-110
0
-5318
-38418
-150
-460
-4182
562
-91135
-7963
-210
-24696
-174850
-1247
-9252
-19951
704
-19707
-9239
17
-102254
-893793
273
-26463
-16090
372
-16624
-464
-246
-11178
-47840
0
-4362
-1101
548
-32823
-810
-2935
-7950
-52765
-287
0
-1383
-148
-15671
-14800
-121
-26104
-159099
154
-8670
-2396
94
-7973
118
-417
-6180
-22785
25
-17463
-14587
1576
-28557
147
1327
-4020
-39144
390
0
-1783
125
-202
24
178
-4345
-26762
840
-508
-3426
188
0
0
0
0
0
0
0
0
0
-39829
-8933
155
-7950
-68897
-1736
-1686
-6114
8
-7504
-3282
4
-36126
-322872
315
-5901
-6851
164
-7628
-835
-164
-5373
-21646
150
-2177
-591
109
-5666
753
1124
-952
-4987
708
0
-375
258
-4773
-2460
108
-8581
-42661
-144
-3427
-1326
258
-1001
976
2139
-14215
-57370
-601
-2770
-45382
28553
-700486
-153902
3932
-75073
-352589
-4199
-36120
-47702
854
-9225
-3686
56
-24576
-95540
-21
-10020
-17475
378
-5309
-41
0
-9429
-27800
144
-4527
-5199
1730
-56431
-3485
-88
-12899
-57139
-3626
-5159
-11513
279
-20959
-12421
-322
-78703
-497082
-790
-22929
-8816
352
-19809
-1901
-875
-32912
-96922
-154
-12895
-7650
164
-24799
-58
-296
-4345
-33628
-168
0
0
0
-7042
-2353
421
-17061
-82126
0
-7184
-1265
30
-5505
180
-42
-7992
-20815
226
-7351
-17820
5189
-320942
-75181
951
-22464
-76941
-1540
-27607
-19986
264
-24658
-10931
84
-78703
-256235
193
-29551
-34949
940
-6324
-51
0
-28370
-56393
-315
-6533
-7234
2948
-335788
-19302
-1501
-102254
-429849
-12789
-51632
-85386
1103
-100711
-50911
-845
-547696
-2952535
0
-140232
-58445
1696
-64536
-7660
-582
-63224
-169004
-273
-19010
-4290
2772
-103370
-3671
-3840
-36126
-119772
174
0
-2717
256
-24742
-14491
-105
-54818
-187335
790
-18024
-3926
467
-17406
-2816
-676
-10278
-21295
-620
-62283
-19736
4133
-164063
-12557
-7923
-15755
-41291
-1072
-5622
-10412
-1494
-6317
-1766
-119
-17061
-90103
0
-7390
-6529
254
0
0
0
-4223
-32689
-840
-1660
-2530
-279
-73931
-25799
-448
-26104
-169424
-2240
-10253
-17328
505
-12007
-3760
-462
-54818
-308279
-193
-15842
-14396
214
-8162
-345
-82
-5052
-19796
-52
-2544
-808
222
-36501
-2721
-3143
-8581
-40414
254
0
-1167
244
-3832
-3020
-77
-9092
-27158
21
-3720
-672
103
-23805
-1181
-1082
-30035
-57893
-439
-86434
-36953
15073
-359821
-47929
-12437
-25943
-137582
-160
-13316
-8832
-107
-5015
-3154
-289
-9429
-46546
-254
-4035
-6859
215
-1845
-190
0
-6808
-39686
-708
-8210
-5659
-207
-29586
-2065
32
-5318
-51058
-2552
-3206
-6270
186
-5936
-3252
-185
-28370
-264180
-174
-6773
-7161
-8
-4111
-128
-345
-7171
-30564
287
-2244
-1543
627
0
0
0
0
0
0
0
0
0
-1196
-923
-46
-4223
-54999
168
-1593
-230
6
-767
108
0
-4039
-38039
-1548
-5720
-6041
6866
-122497
-79905
3548
-14862
-99424
-1177
-10641
-16923
1847
-6521
-3126
452
-32912
-249982
2240
-12030
-25693
2407
-2347
58
0
-7171
-36001
1736
-1601
-4354
7780
-39513
-2577
481
-11178
-52907
0
-6217
-7418
2525
-9745
-6840
4725
-63224
-526210
12789
-13524
-5108
3337
-9117
796
565
-8560
-46394
1247
-3386
-3324
10346
-15123
387
-657
-5373
-12230
2552
0
-382
-10
-2094
-1241
1630
-5052
-31538
3626
-1617
241
1063
-3562
1095
-310
-1461
-3179
577
-11278
-5099
18396
-94175
-18408
-7391
-6944
-46964
0
-7878
-5972
-776
-2222
-1755
894
-7992
-102552
1072
-2866
-6996
486
0
0
0
-4039
-41338
-390
-8719
-3005
5746
-18649
-15084
1513
-6180
-45468
1177
-2342
-4523
2278
-1902
-394
2574
-10278
-79893
1540
-2279
-3451
1545
-2053
189
-22
-1461
-6673
202
-1134
-97
4501
-74681
-3490
-4011
-14215
-62569
160
0
-2132
1737
-13057
-11343
2921
-30035
-117190
4199
-17845
-2810
2364
-43443
-520
20419
-38760
-117140
4951
-124017
-112036
225292
-668772
-6773
-33678
-21422
-424519
-20419
-224
-15198
-2098
-1548
257
2380
-36120
-210583
1082
-11691
-21643
1106
-98
0
0
-13316
-18525
-2139
-4433
-8746
-487
-2650
116
582
-26
-10028
310
-146
-2727
826
-6982
-1558
560
-27607
-225274
676
-8294
-5325
849
-3397
1322
253
-10641
-34437
417
-4037
-1697
3137
0
0
0
0
0
0
0
0
0
-4283
-1980
-544
-5622
-35541
42
-3062
-877
-40
-1230
146
0
-7878
-8532
-1613
-1773
-4700
-689
-21738
1070
1024
-232
-4998
22
-146
-3399
363
-302
-46
20
-5159
-16191
82
-651
-1732
114
-128
-46
0
-3206
-19222
164
-274
-2286
834
-46237
-3784
-152
-9252
-60732
-565
-4452
-6226
643
-10729
-2569
644
-51632
-383573
582
-14493
-6836
177
-7050
430
0
-6217
-23587
246
-1847
-305
861
-14254
486
-942
-1686
-29844
345
0
-413
94
-6202
-2092
1043
-10253
-61947
875
-2947
-861
330
-4094
2298
-253
-2342
-8040
95
-5469
-3519
5042
0
0
0
0
0
0
0
0
0
0
0
0
0
0
0
0
0
0
0
0
0
0
0
0
0
0
0
0
0
0
0
0
0
0
0
0
0
0
0
0
0
0
0
0
0
0
0
0
0
0
0
0
0
0
0
0
0
0
0
0
0
0
0
0
0
0
0
0
0
0
0
0
0
0
0
0
0
0
0
0
0
-440640
-90644
8385
-27160
-123850
-2921
-11691
-15184
1088
-3856
-1514
44
-10020
-46392
77
-5470
-9376
208
-1361
-22
0
-4035
-26741
-108
-1107
-3744
1874
-24898
-2198
22
-3506
-26695
-1630
-651
-4759
178
-8512
-4740
-61
-29551
-217488
105
-9198
-3953
374
-9269
-963
-1043
-12030
-51262
121
-4789
-5049
3096
-7740
47
74
-508
-13580
46
0
0
0
-3662
-2231
0
-7390
-39989
-421
-2094
-777
-4
-1465
79
544
-2866
-10211
-396
-1756
-8900
8615
-140184
-23603
888
-8601
-17148
-2574
-8294
-4947
892
-10366
-3389
310
-22929
-73816
462
-9198
-7275
676
-2044
-303
0
-6773
-19822
-4
-1340
-1632
2071
-108152
-6801
-158
-26463
-70239
-4725
-14493
-11944
3073
-28911
-11522
0
-140232
-755679
845
-30862
-13897
1822
-18418
-1815
-644
-13524
-47350
-17
-5036
-961
12211
-30168
-426
-1536
-5901
-13539
185
0
-706
56
-7991
-5195
61
-15842
-62842
322
-5349
-692
1950
-4811
-417
-560
-2279
-7375
-26
-16330
-7273
19260
-103379
-5977
-5941
-4956
-12963
-894
-3062
-2095
-967
-3705
-1028
0
-7184
-37509
119
-2094
-1285
560
0
0
0
-1593
-7997
-178
-810
-706
-327
-29146
-9400
-290
-8670
-41122
-452
-2947
-3084
919
-5920
-1805
-310
-18024
-99508
-84
-5349
-3574
18
-3693
-184
-20
-1617
-5004
-44
-714
-115
1339
-25162
-1983
-2298
-3427
-8627
289
0
-301
-60
-1488
-1368
-44
-3720
-8712
-56
-1020
-321
124
-16350
-705
-2380
-17845
-31869
144
-48007
-15108
69723
-85116
10458
-9917
-1837
-47879
4011
-4433
-503
2102
-358
624
2298
-4527
-22565
3143
-1107
1698
5340
-712
-20
0
-8210
-10994
-1124
-6424
-6823
3271
-1874
120
612
-460
-7617
657
-274
-1421
1916
-2015
574
1536
-6533
-46734
3840
-1340
-1115
2833
-722
2395
942
-1601
-5218
2935
-12
1956
11905
0
0
0
0
0
0
0
0
0
-899
-326
-74
-1660
-17310
296
-810
-59
-100
-612
-48
0
-8719
-13266
-3631
-5669
-6286
7657
-77889
-34252
148
-7500
-28607
-1513
-4037
-6611
943
-3316
-1228
290
-12895
-78791
448
-4789
-7675
1224
-1356
-28
0
-2244
-15885
-155
-12
-2197
3337
-16872
-3150
0
-4362
-18448
-481
-1847
-2248
973
-5142
-3494
158
-19010
-148542
1501
-5036
-2557
869
-5162
-308
152
-3386
-26400
210
-1806
-1276
7413
-12675
-470
-612
-2177
-9733
-32
0
-212
40
-2275
-1674
-22
-2544
-12679
88
-714
-104
186
-4959
-484
-582
-1134
-2972
-178
-8522
-3538
6786
-47020
7466
0
-2376
-28129
7391
-1773
-3653
2174
-397
1054
5941
-7351
-27092
7923
-1756
-3122
6484
0
0
0
-5720
-9027
-1327
-5669
-3596
6573
-93341
-21842
-148
-17463
-75481
-3548
-5469
-11139
1398
-22853
-13128
-888
-62283
-364149
-951
-16330
-8519
2
-22829
-4294
-1024
-11278
-26884
-316
-8522
-1272
-1265
-16665
10323
9917
-2770
-30011
12437
0
-4
2521
-45327
-30664
-8385
-86434
-418983
-3932
-48007
-14860
520
-4192
13845
33678
-124017
-518692
-17001
-7264
-814253
1523278
-4977045
-801526
814253
-228840
-1022387
112036
-6773
-275770
182374
-29387
-6643
15108
-153902
-452658
36953
-90644
-99829
26462
-2720
5845
0
-47929
46859
45382
10458
-20298
201121
-63187
-8455
3538
-7733
-42312
5099
1070
-40792
16828
-22869
-17756
7273
-75181
-372093
19736
-23603
-12177
9833
-39545
-1159
3519
-79905
-122567
14587
-34252
-5955
57860
-4255
5622
6286
147
39667
6041
0
0
0
-6993
11030
8900
-12557
-9100
17820
-5977
3280
8940
1045
17212
4700
-18408
67427
23877
7466
0
441899
-50749
-8455
1272
-1643
-5950
97
116
-5119
819
-1633
-970
115
-3485
-2085
808
-2198
-2528
274
-90
0
0
-2065
-8090
591
120
-2178
1877
-36723
-5576
1276
-7963
-37716
3324
-3784
-6317
1973
-5084
-340
961
-19302
-41632
4290
-6801
-4983
773
-7468
677
305
-2577
1497
1101
-3150
0
2922
-31188
1750
-1956
-8933
3405
1543
0
-624
1030
-23957
-24116
5049
-25799
-31157
7650
-9400
1943
1244
-14907
-4684
1697
-15084
-1585
4740
-21842
5955
30416
-5000
5622
3596
870
18664
3005
0
216
423
44
293
706
-58
32152
2530
47
814
671
0
0
0
0
0
0
0
0
0
-13393
1750
2197
-810
12124
4354
486
-74
2342
-678
9328
1632
-3671
59210
7234
-426
1303
980
-1927
2881
2286
387
37454
4182
-470
2178
11232
546
8764
6823
753
36464
5659
0
429
1679
-5005
3737
3744
-2721
7112
5199
-1983
4583
1800
701
9820
8746
-3490
42470
15147
10323
20298
262190
-178379
-6643
14860
-7411
7880
2810
257
-6080
3793
-2793
-1646
321
-3686
1867
672
-1514
-2621
401
-38
91
0
-3154
-1965
1326
624
-4583
3930
-9652
-970
104
-3648
-1570
-241
-46
-604
710
-3883
-442
692
-10931
-6132
3926
-3389
74
1317
-3321
738
861
-3126
22643
2396
-1228
-1943
5692
-287
293
59
24
5452
230
0
0
0
-2235
-380
777
-1766
-2139
1265
-1028
0
585
508
974
877
-1755
-346
2426
1054
-3280
31801
-116607
-17756
8519
-4213
-10408
3451
-1558
-3237
3628
-4847
-442
3574
-12421
6559
14396
-4740
-6151
5049
-773
1571
0
-3252
22087
6851
574
-1303
14812
-48499
-340
2557
-9239
24373
5108
-2569
-2949
7675
-13652
1352
13897
-50911
244609
58445
-11522
0
9648
-10206
12823
6836
-6840
102114
16090
-3494
4983
39003
-22796
9328
1115
-3282
45393
7161
0
-81
1067
-3326
6762
3953
-3760
62469
8816
-1805
-74
2444
-5376
4240
5325
-394
7986
2830
-13128
12177
60074
-62942
11030
3122
-3370
20616
6996
-1980
-1635
2002
-1498
-380
1285
-2353
39121
6529
-2231
0
1849
0
0
0
-923
48619
3426
-326
-814
12019
-60663
-24116
7675
-14800
-20626
25693
-2092
-19014
10975
-3601
6762
7275
-14491
275019
34949
-5195
6151
7390
-3942
18172
1732
-1241
122312
7132
-1674
2528
31232
-21210
3737
-1698
-2460
7943
6859
0
-96
2690
-5892
12330
9376
-3020
77915
17475
-1368
2621
3923
-11331
31697
21643
-11343
141604
37668
-30664
99829
319206
-25043
5845
4
-73
14895
2132
0
-312
26
36
91
301
-41
5926
1167
-22
96
354
0
0
0
-190
8322
375
-20
-429
959
-277
0
212
-110
2049
382
-46
-34
264
-341
1571
706
-51
24599
2717
-303
81
587
-44
1952
413
58
24071
1383
-28
624
2923
0
0
0
0
0
0
0
0
0
0
0
0
0
0
0
0
0
0
0
0
0
0
0
0
0
0
0
-52524
-1159
11139
-411
17046
4523
1322
-1277
5307
-571
738
3084
-1901
156849
17328
-963
19014
8027
-12
1952
0
-128
8507
6114
2395
74
19833
-8721
677
2248
-464
61630
7418
430
0
9466
-3499
12823
11944
-7660
1039767
85386
-1815
2949
11043
-987
1334
6226
796
215039
19951
-308
6317
84045
-11015
2881
1421
-835
56530
6270
0
34
1114
-314
18172
4759
-345
80874
11513
-184
604
2886
-2432
11391
2727
189
29135
3310
-4294
40792
94013
-3585
17212
3653
554
27925
5972
146
0
1702
-8
974
2095
180
78185
10412
79
1635
1754
0
0
0
108
38250
1783
-48
-216
6319
-18946
-4684
6611
118
45239
16923
2298
1277
12242
-623
4240
4947
-2816
179426
19986
-417
3237
3981
-1607
11391
3399
1095
111748
10833
-484
5119
37926
-223
9820
503
976
51269
8832
0
312
1060
-3270
31697
15184
-1181
308667
47702
-705
6080
11089
880
28416
15198
-520
607657
129360
13845
275770
1966732
-4488187
-1022387
518692
-637658
-2309100
117140
-424519
-607657
138880
-68879
7880
31869
-352589
-1513871
57893
-123850
-141604
29152
-30906
14895
0
-137582
-145036
57370
-47879
-42470
253735
-67581
-5950
2972
-13988
-84196
3179
-4998
-29135
5494
-23712
-10408
7375
-76941
-496978
21295
-17148
-7986
4953
-47989
17046
8040
-99424
-154598
22785
-28607
1585
50967
-75306
18664
13266
-39144
-95387
38039
0
0
0
-15658
20616
10211
-41291
-22245
20815
-12963
346
5342
-16776
27925
8532
-46964
0
24181
-28129
-67427
264984
-471126
-42312
26884
-16778
-84196
6673
-10028
-111748
12252
-12508
-1570
5004
-57139
-218940
19796
-26695
-122312
5824
-3596
2049
0
-51058
-233337
21646
-7617
-37454
54031
-475341
-37716
26400
-174850
-1651880
46394
-60732
-215039
35624
-61983
24373
47350
-429849
-3796457
169004
-70239
-102114
26446
-69128
61630
23587
-52907
0
47840
-18448
-1497
148373
-176810
12124
5218
-68897
-337300
30564
0
-24071
6238
-70605
-20626
51262
-169424
-43559
96922
-41122
-22643
15231
-49098
45239
34437
-45468
154598
56427
-75481
122567
349402
-307547
39667
9027
-25133
-95387
41338
0
-38250
586
-4132
5452
7997
-33628
-66421
32689
-13580
-48619
5797
0
0
0
0
0
0
0
0
0
-222472
3405
15885
-52765
-337300
36001
-29844
-8507
23299
-18638
45393
19822
-119772
-708477
56393
-13539
-22087
9870
-31767
56530
19222
-12230
233337
38418
-9733
8090
127037
-38335
36464
10994
-4987
66534
39686
0
-8322
2414
-20406
7943
26741
-40414
-117479
27800
-8627
1965
9906
-13240
51269
18525
-62569
145036
122522
-30011
-46859
1169121
-2339185
-452658
418983
-457491
-1513871
117190
-210583
-308667
109104
-30130
1867
8712
-95540
-237530
27158
-46392
-77915
16354
-19380
5926
0
-46546
117479
42661
-22565
-7112
125087
-236794
-2085
12679
-59730
-218940
31538
-16191
-80874
42817
-83868
6559
62842
-256235
-1021609
187335
-73816
-62469
48789
-109039
156849
61947
-249982
43559
159099
-78791
31157
312571
-132651
32152
17310
-26762
-66421
54999
0
0
0
-36143
39121
39989
-90103
0
82126
-37509
2139
30738
-26708
78185
35541
-102552
22245
97360
-27092
9100
778816
-1613828
-372093
364149
-154608
-496978
79893
-225274
-179426
98266
-120079
-6132
99508
-497082
-1021609
308279
-217488
-275019
96683
-41986
24599
0
-264180
708477
322872
-46734
-59210
565540
-1746035
-41632
148542
-893793
-3796457
526210
-383573
-1039767
386506
-486230
244609
755679
-2952535
0
2952535
-755679
-244609
486230
-386506
1039767
383573
-526210
3796457
893793
-148542
41632
1746035
-565540
59210
46734
-322872
-708477
264180
0
-24599
41986
-96683
275019
217488
-308279
1021609
497082
-99508
6132
120079
-98266
179426
225274
-79893
496978
154608
-364149
372093
1613828
-778816
-9100
27092
-97360
-22245
102552
-35541
-78185
26708
-30738
-2139
37509
-82126
0
90103
-39989
-39121
36143
0
0
0
-54999
66421
26762
-17310
-32152
132651
-312571
-31157
78791
-159099
-43559
249982
-61947
-156849
109039
-48789
62469
73816
-187335
1021609
256235
-62842
-6559
83868
-42817
80874
16191
-31538
218940
59730
-12679
2085
236794
-125087
7112
22565
-42661
-117479
46546
0
-5926
19380
-16354
77915
46392
-27158
237530
95540
-8712
-1867
30130
-109104
308667
210583
-117190
1513871
457491
-418983
452658
2339185
-1169121
46859
30011
-122522
-145036
62569
-18525
-51269
13240
-9906
-1965
8627
-27800
117479
40414
-26741
-7943
20406
-2414
8322
0
-39686
-66534
4987
-10994
-36464
38335
-127037
-8090
9733
-38418
-233337
12230
-19222
-56530
31767
-9870
22087
13539
-56393
708477
119772
-19822
-45393
18638
-23299
8507
29844
-36001
337300
52765
-15885
-3405
222472
0
0
0
0
0
0
0
0
0
-5797
48619
13580
-32689
66421
33628
-7997
-5452
4132
-586
38250
0
-41338
95387
25133
-9027
-39667
307547
-349402
-122567
75481
-56427
-154598
45468
-34437
-45239
49098
-15231
22643
41122
-96922
43559
169424
-51262
20626
70605
-6238
24071
0
-30564
337300
68897
-5218
-12124
176810
-148373
1497
18448
-47840
0
52907
-23587
-61630
69128
-26446
102114
70239
-169004
3796457
429849
-47350
-24373
61983
-35624
215039
60732
-46394
1651880
174850
-26400
37716
475341
-54031
37454
7617
-21646
233337
51058
0
-2049
3596
-5824
122312
26695
-19796
218940
57139
-5004
1570
12508
-12252
111748
10028
-6673
84196
16778
-26884
42312
471126
-264984
67427
28129
-24181
0
46964
-8532
-27925
16776
-5342
-346
12963
-20815
22245
41291
-10211
-20616
15658
0
0
0
-38039
95387
39144
-13266
-18664
75306
-50967
-1585
28607
-22785
154598
99424
-8040
-17046
47989
-4953
7986
17148
-21295
496978
76941
-7375
10408
23712
-5494
29135
4998
-3179
84196
13988
-2972
5950
67581
-253735
42470
47879
-57370
145036
137582
0
-14895
30906
-29152
141604
123850
-57893
1513871
352589
-31869
-7880
68879
-138880
607657
424519
-117140
2309100
637658
-518692
1022387
4488187
-1966732
-275770
-13845
-129360
-607657
520
-15198
-28416
-880
-11089
-6080
705
-47702
-308667
1181
-15184
-31697
3270
-1060
-312
0
-8832
-51269
-976
-503
-9820
223
-37926
-5119
484
-10833
-111748
-1095
-3399
-11391
1607
-3981
-3237
417
-19986
-179426
2816
-4947
-4240
623
-12242
-1277
-2298
-16923
-45239
-118
-6611
4684
18946
-6319
216
48
-1783
-38250
-108
0
0
0
-1754
-1635
-79
-10412
-78185
-180
-2095
-974
8
-1702
0
-146
-5972
-27925
-554
-3653
-17212
3585
-94013
-40792
4294
-3310
-29135
-189
-2727
-11391
2432
-2886
-604
184
-11513
-80874
345
-4759
-18172
314
-1114
-34
0
-6270
-56530
835
-1421
-2881
11015
-84045
-6317
308
-19951
-215039
-796
-6226
-1334
987
-11043
-2949
1815
-85386
-1039767
7660
-11944
-12823
3499
-9466
0
-430
-7418
-61630
464
-2248
-677
8721
-19833
-74
-2395
-6114
-8507
128
0
-1952
12
-8027
-19014
963
-17328
-156849
1901
-3084
-738
571
-5307
1277
-1322
-4523
-17046
411
-11139
1159
52524
0
0
0
0
0
0
0
0
0
0
0
0
0
0
0
0
0
0
0
0
0
0
0
0
0
0
0
-2923
-624
28
-1383
-24071
-58
-413
-1952
44
-587
-81
303
-2717
-24599
51
-706
-1571
341
-264
34
46
-382
-2049
110
-212
0
277
-959
429
20
-375
-8322
190
0
0
0
-354
-96
22
-1167
-5926
41
-301
-91
-36
-26
312
0
-2132
-14895
73
-4
-5845
25043
-319206
-99829
30664
-37668
-141604
11343
-21643
-31697
11331
-3923
-2621
1368
-17475
-77915
3020
-9376
-12330
5892
-2690
96
0
-6859
-7943
2460
1698
-3737
21210
-31232
-2528
1674
-7132
-122312
1241
-1732
-18172
3942
-7390
-6151
5195
-34949
-275019
14491
-7275
-6762
3601
-10975
19014
2092
-25693
20626
14800
-7675
24116
60663
-12019
814
326
-3426
-48619
923
0
0
0
-1849
0
2231
-6529
-39121
2353
-1285
380
1498
-2002
1635
1980
-6996
-20616
3370
-3122
-11030
62942
-60074
-12177
13128
-2830
-7986
394
-5325
-4240
5376
-2444
74
1805
-8816
-62469
3760
-3953
-6762
3326
-1067
81
0
-7161
-45393
3282
-1115
-9328
22796
-39003
-4983
3494
-16090
-102114
6840
-6836
-12823
10206
-9648
0
11522
-58445
-244609
50911
-13897
-1352
13652
-7675
2949
2569
-5108
-24373
9239
-2557
340
48499
-14812
1303
-574
-6851
-22087
3252
0
-1571
773
-5049
6151
4740
-14396
-6559
12421
-3574
442
4847
-3628
3237
1558
-3451
10408
4213
-8519
17756
116607
-31801
3280
-1054
-2426
346
1755
-877
-974
-508
-585
0
1028
-1265
2139
1766
-777
380
2235
0
0
0
-230
-5452
-24
-59
-293
287
-5692
1943
1228
-2396
-22643
3126
-861
-738
3321
-1317
-74
3389
-3926
6132
10931
-692
442
3883
-710
604
46
241
1570
3648
-104
970
9652
-3930
4583
-624
-1326
1965
3154
0
-91
38
-401
2621
1514
-672
-1867
3686
-321
1646
2793
-3793
6080
-257
-2810
-7880
7411
-14860
6643
178379
-262190
-20298
-10323
-15147
-42470
3490
-8746
-9820
-701
-1800
-4583
1983
-5199
-7112
2721
-3744
-3737
5005
-1679
-429
0
-5659
-36464
-753
-6823
-8764
-546
-11232
-2178
470
-4182
-37454
-387
-2286
-2881
1927
-980
-1303
426
-7234
-59210
3671
-1632
-9328
678
-2342
74
-486
-4354
-12124
810
-2197
-1750
13393
0
0
0
0
0
0
0
0
0
-671
-814
-47
-2530
-32152
58
-706
-293
-44
-423
-216
0
-3005
-18664
-870
-3596
-5622
5000
-30416
-5955
21842
-4740
1585
15084
-1697
4684
14907
-1244
-1943
9400
-7650
31157
25799
-5049
24116
23957
-1030
624
0
-1543
-3405
8933
1956
-1750
31188
-2922
0
3150
-1101
-1497
2577
-305
-677
7468
-773
4983
6801
-4290
41632
19302
-961
340
5084
-1973
6317
3784
-3324
37716
7963
-1276
5576
36723
-1877
2178
-120
-591
8090
2065
0
0
90
-274
2528
2198
-808
2085
3485
-115
970
1633
-819
5119
-116
-97
5950
1643
-1272
8455
50749
-441899
0
-7466
-23877
-67427
18408
-4700
-17212
-1045
-8940
-3280
5977
-17820
9100
12557
-8900
-11030
6993
0
0
0
-6041
-39667
-147
-6286
-5622
4255
-57860
5955
34252
-14587
122567
79905
-3519
1159
39545
-9833
12177
23603
-19736
372093
75181
-7273
17756
22869
-16828
40792
-1070
-5099
42312
7733
-3538
8455
63187
-201121
20298
-10458
-45382
-46859
47929
0
-5845
2720
-26462
99829
90644
-36953
452658
153902
-15108
6643
29387
-182374
275770
6773
-112036
1022387
228840
-814253
801526
4977045
-1523278
814253
7264
17001
518692
124017
-33678
-13845
4192
-520
14860
48007
3932
418983
86434
8385
30664
45327
-2521
4
0
-12437
30011
2770
-9917
-10323
16665
1265
1272
8522
316
26884
11278
1024
4294
22829
-2
8519
16330
951
364149
62283
888
13128
22853
-1398
11139
5469
3548
75481
17463
148
21842
93341
-6573
3596
5669
1327
9027
5720
0
0
0
-6484
3122
1756
-7923
27092
7351
-5941
-1054
397
-2174
3653
1773
-7391
28129
2376
0
-7466
47020
-6786
3538
8522
178
2972
1134
582
484
4959
-186
104
714
-88
12679
2544
22
1674
2275
-40
212
0
32
9733
2177
612
470
12675
-7413
1276
1806
-210
26400
3386
-152
308
5162
-869
2557
5036
-1501
148542
19010
-158
3494
5142
-973
2248
1847
481
18448
4362
0
3150
16872
-3337
2197
12
155
15885
2244
0
28
1356
-1224
7675
4789
-448
78791
12895
-290
1228
3316
-943
6611
4037
1513
28607
7500
-148
34252
77889
-7657
6286
5669
3631
13266
8719
0
48
612
100
59
810
-296
17310
1660
74
326
899
0
0
0
0
0
0
0
0
0
-11905
-1956
12
-2935
5218
1601
-942
-2395
722
-2833
1115
1340
-3840
46734
6533
-1536
-574
2015
-1916
1421
274
-657
7617
460
-612
-120
1874
-3271
6823
6424
1124
10994
8210
0
20
712
-5340
-1698
1107
-3143
22565
4527
-2298
-624
358
-2102
503
4433
-4011
47879
1837
9917
-10458
85116
-69723
15108
48007
-144
31869
17845
2380
705
16350
-124
321
1020
56
8712
3720
44
1368
1488
60
301
0
-289
8627
3427
2298
1983
25162
-1339
115
714
44
5004
1617
20
184
3693
-18
3574
5349
84
99508
18024
310
1805
5920
-919
3084
2947
452
41122
8670
290
9400
29146
327
706
810
178
7997
1593
0
0
0
-560
1285
2094
-119
37509
7184
0
1028
3705
967
2095
3062
894
12963
4956
5941
5977
103379
-19260
7273
16330
26
7375
2279
560
417
4811
-1950
692
5349
-322
62842
15842
-61
5195
7991
-56
706
0
-185
13539
5901
1536
426
30168
-12211
961
5036
17
47350
13524
644
1815
18418
-1822
13897
30862
-845
755679
140232
0
11522
28911
-3073
11944
14493
4725
70239
26463
158
6801
108152
-2071
1632
1340
4
19822
6773
0
303
2044
-676
7275
9198
-462
73816
22929
-310
3389
10366
-892
4947
8294
2574
17148
8601
-888
23603
140184
-8615
8900
1756
396
10211
2866
-544
-79
1465
4
777
2094
421
39989
7390
0
2231
3662
0
0
0
-46
13580
508
-74
-47
7740
-3096
5049
4789
-121
51262
12030
1043
963
9269
-374
3953
9198
-105
217488
29551
61
4740
8512
-178
4759
651
1630
26695
3506
-22
2198
24898
-1874
3744
1107
108
26741
4035
0
22
1361
-208
9376
5470
-77
46392
10020
-44
1514
3856
-1088
15184
11691
2921
123850
27160
-8385
90644
440640
0
0
0
0
0
0
0
0
0
0
0
0
0
0
0
0
0
0
0
0
0
0
0
0
0
0
0
0
0
0
0
0
0
0
0
0
0
0
0
0
0
0
0
0
0
0
0
0
0
0
0
0
0
0
0
0
0
0
0
0
0
0
0
0
0
0
0
0
0
0
0
0
0
0
0
0
0
0
0
0
0
-5042
3519
5469
-95
8040
2342
253
-2298
4094
-330
861
2947
-875
61947
10253
-1043
2092
6202
-94
413
0
-345
29844
1686
942
-486
14254
-861
305
1847
-246
23587
6217
0
-430
7050
-177
6836
14493
-582
383573
51632
-644
2569
10729
-643
6226
4452
565
60732
9252
152
3784
46237
-834
2286
274
-164
19222
3206
0
46
128
-114
1732
651
-82
16191
5159
-20
46
302
-363
3399
146
-22
4998
232
-1024
-1070
21738
689
4700
1773
1613
8532
7878
0
-146
1230
40
877
3062
-42
35541
5622
544
1980
4283
0
0
0
0
0
0
0
0
0
-3137
1697
4037
-417
34437
10641
-253
-1322
3397
-849
5325
8294
-676
225274
27607
-560
1558
6982
-826
2727
146
-310
10028
26
-582
-116
2650
487
8746
4433
2139
18525
13316
0
0
98
-1106
21643
11691
-1082
210583
36120
-2380
-257
1548
2098
15198
224
20419
424519
21422
33678
6773
668772
-225292
112036
124017
-4951
117140
38760
-20419
520
43443
-2364
2810
17845
-4199
117190
30035
-2921
11343
13057
-1737
2132
0
-160
62569
14215
4011
3490
74681
-4501
97
1134
-202
6673
1461
22
-189
2053
-1545
3451
2279
-1540
79893
10278
-2574
394
1902
-2278
4523
2342
-1177
45468
6180
-1513
15084
18649
-5746
3005
8719
390
41338
4039
0
0
0
-486
6996
2866
-1072
102552
7992
-894
1755
2222
776
5972
7878
0
46964
6944
7391
18408
94175
-18396
5099
11278
-577
3179
1461
310
-1095
3562
-1063
-241
1617
-3626
31538
5052
-1630
1241
2094
10
382
0
-2552
12230
5373
657
-387
15123
-10346
3324
3386
-1247
46394
8560
-565
-796
9117
-3337
5108
13524
-12789
526210
63224
-4725
6840
9745
-2525
7418
6217
0
52907
11178
-481
2577
39513
-7780
4354
1601
-1736
36001
7171
0
-58
2347
-2407
25693
12030
-2240
249982
32912
-452
3126
6521
-1847
16923
10641
1177
99424
14862
-3548
79905
122497
-6866
6041
5720
1548
38039
4039
0
-108
767
-6
230
1593
-168
54999
4223
46
923
1196
0
0
0
0
0
0
0
0
0
-627
1543
2244
-287
30564
7171
345
128
4111
8
7161
6773
174
264180
28370
185
3252
5936
-186
6270
3206
2552
51058
5318
-32
2065
29586
207
5659
8210
708
39686
6808
0
190
1845
-215
6859
4035
254
46546
9429
289
3154
5015
107
8832
13316
160
137582
25943
12437
47929
359821
-15073
36953
86434
439
57893
30035
1082
1181
23805
-103
672
3720
-21
27158
9092
77
3020
3832
-244
1167
0
-254
40414
8581
3143
2721
36501
-222
808
2544
52
19796
5052
82
345
8162
-214
14396
15842
193
308279
54818
462
3760
12007
-505
17328
10253
2240
169424
26104
448
25799
73931
279
2530
1660
840
32689
4223
0
0
0
-254
6529
7390
0
90103
17061
119
1766
6317
1494
10412
5622
1072
41291
15755
7923
12557
164063
-4133
19736
62283
620
21295
10278
676
2816
17406
-467
3926
18024
-790
187335
54818
105
14491
24742
-256
2717
0
-174
119772
36126
3840
3671
103370
-2772
4290
19010
273
169004
63224
582
7660
64536
-1696
58445
140232
0
2952535
547696
845
50911
100711
-1103
85386
51632
12789
429849
102254
1501
19302
335788
-2948
7234
6533
315
56393
28370
0
51
6324
-940
34949
29551
-193
256235
78703
-84
10931
24658
-264
19986
27607
1540
76941
22464
-951
75181
320942
-5189
17820
7351
-226
20815
7992
42
-180
5505
-30
1265
7184
0
82126
17061
-421
2353
7042
0
0
0
168
33628
4345
296
58
24799
-164
7650
12895
154
96922
32912
875
1901
19809
-352
8816
22929
790
497082
78703
322
12421
20959
-279
11513
5159
3626
57139
12899
88
3485
56431
-1730
5199
4527
-144
27800
9429
0
41
5309
-378
17475
10020
21
95540
24576
-56
3686
9225
-854
47702
36120
4199
352589
75073
-3932
153902
700486
-28553
45382
2770
601
57370
14215
-2139
-976
1001
-258
1326
3427
144
42661
8581
-108
2460
4773
-258
375
0
-708
4987
952
-1124
-753
5666
-109
591
2177
-150
21646
5373
164
835
7628
-164
6851
5901
-315
322872
36126
-4
3282
7504
-8
6114
1686
1736
68897
7950
-155
8933
39829
0
0
0
0
0
0
0
0
0
-188
3426
508
-840
26762
4345
-178
-24
202
-125
1783
0
-390
39144
4020
-1327
-147
28557
-1576
14587
17463
-25
22785
6180
417
-118
7973
-94
2396
8670
-154
159099
26104
121
14800
15671
148
1383
0
287
52765
7950
2935
810
32823
-548
1101
4362
0
47840
11178
246
464
16624
-372
16090
26463
-273
893793
102254
-17
9239
19707
-704
19951
9252
1247
174850
24696
210
7963
91135
-562
4182
460
150
38418
5318
0
110
124
-60
7132
3506
-52
59730
12899
-44
3648
4850
-48
10833
26
202
13988
3541
-316
7733
64583
-13979
23877
2376
0
24181
6944
-1613
-554
930
98
2426
4956
226
97360
15755
-396
3370
5540
0
0
0
-1548
25133
4020
-3631
-870
7614
-495
4740
7500
25
56427
14862
95
411
8172
-486
2830
8601
-620
154608
22464
-26
4213
7464
-564
3310
232
577
16778
3541
-178
1643
12741
-7633
15147
1837
-601
122522
25943
0
73
2265
-662
37668
27160
-439
457491
75073
144
7411
16188
-5813
129360
21422
4951
637658
72138
-17001
228840
1466319
-67548
182374
4192
5813
138880
43443
-2098
-880
1496
161
3793
16350
854
109104
23805
1088
11331
15448
-36
26
0
-107
13240
1001
2102
-701
6870
1186
819
4959
48
12252
3562
363
2432
6817
-46
3628
4811
264
98266
17406
892
5376
6032
212
5307
4094
1847
49098
7973
943
14907
32604
-664
423
612
125
586
767
0
0
0
-578
2002
1465
-1494
26708
5505
-967
-508
325
0
1702
1230
-776
16776
930
2174
-1045
21341
2318
16828
22829
564
5494
2053
826
1607
6817
30
710
3693
279
42817
8162
178
3942
4953
210
264
0
186
31767
7628
1916
1927
33704
1182
1973
5162
704
35624
9117
643
987
13780
-115
7675
18418
1103
386506
64536
3073
10206
17886
0
9466
7050
2525
69128
16624
973
7468
60209
-172
2342
722
8
23299
4111
0
44
1493
4
10975
9269
505
109039
19809
919
3321
5402
-212
12242
3397
2278
47989
8172
1398
39545
128059
0
0
0
0
0
0
0
0
0
0
0
0
0
0
0
0
0
0
0
0
0
0
0
0
0
0
0
10
1030
1356
-148
6238
2347
94
12
1493
-24
1067
2044
256
41986
6324
56
773
2049
-210
1114
128
-10
3596
124
40
90
2498
191
1679
712
258
2414
1845
0
0
0
-122
2690
1361
244
19380
5309
-60
38
193
36
1060
98
1737
30906
2265
2521
2720
84382
-1722
26462
45327
662
29152
13057
1106
3270
15448
2
401
1488
378
16354
3832
208
5892
3896
122
354
0
215
20406
4773
5340
5005
29790
613
274
2275
60
5824
2094
114
314
4953
-80
5049
7991
940
96683
24742
676
3326
6341
-4
8027
6202
2407
70605
15671
1224
23957
50357
952
671
899
188
5797
1196
0
0
0
0
1849
3662
254
36143
7042
560
2235
4167
578
1754
4283
486
15658
5540
6484
6993
90208
1934
9833
22853
486
4953
1902
849
623
6032
-86
1317
5920
352
48789
12007
374
3601
6341
24
587
0
-8
18638
7504
2833
678
37715
1479
773
5142
372
26446
9745
177
3499
17886
0
9648
28911
1696
486230
100711
1822
13652
22362
115
11043
10729
3337
61983
19707
869
5084
71718
-50
980
2015
164
9870
5936
0
341
2049
80
7390
8512
214
83868
20959
18
3883
7467
46
3981
6982
1545
23712
7464
2
22869
115276
-1201
8940
397
-98
5342
2222
-40
8
325
0
585
3705
30
30738
6317
-4
1498
4167
0
0
0
6
4132
202
-100
-44
2539
2063
1244
3316
94
15231
6521
330
571
5402
86
2444
10366
467
120079
24658
1950
4847
7467
-30
2886
302
1063
12508
4850
186
1633
16634
-336
1800
358
258
9906
5015
0
-36
193
-2
3923
3856
103
30130
9225
124
2793
5436
-161
11089
1548
2364
68879
16188
520
29387
231448
-55910
201121
16665
7633
253735
74681
-487
223
6870
336
3930
25162
1730
125087
36501
1874
21210
29790
-191
959
0
-207
38335
5666
3271
-546
24792
1232
1877
12675
562
54031
15123
834
11015
33704
50
14812
30168
2948
565540
103370
2071
22796
37715
172
19833
14254
7780
176810
32823
3337
31188
157426
0
0
0
0
0
0
0
0
0
-952
12019
7740
-279
132651
24799
-327
287
2539
664
6319
0
5746
75306
7614
6573
4255
118533
-12555
57860
93341
495
50967
18649
3137
18946
32604
-2063
5692
29146
164
312571
73931
3096
60663
50357
-10
2923
0
627
222472
39829
11905
13393
157426
0
2922
16872
548
148373
39513
861
8721
60209
-1479
39003
108152
2772
1746035
335788
12211
48499
71718
-1182
84045
46237
10346
475341
91135
7413
36723
297668
-1232
11232
1874
109
127037
29586
0
277
2498
-613
31232
24898
222
236794
56431
1339
9652
16634
-1186
37926
2650
4501
67581
12741
-1265
63187
302998
0
441899
47020
13979
264984
94175
-689
3585
21341
1201
31801
103379
5189
778816
164063
8615
62942
90208
0
0
0
6866
307547
28557
7657
5000
118533
12555
30416
77889
1576
349402
122497
5042
52524
128059
-1934
60074
140184
4133
1613828
320942
19260
116607
115276
-2318
94013
21738
18396
471126
64583
6786
50749
302998
55910
262190
85116
28553
1169121
359821
0
25043
84382
1722
319206
440640
15073
2339185
700486
69723
178379
231448
67548
1966732
668772
225292
4488187
1466319
1523278
4977045
20480866
