-35278
-7660
-3627
-1796
-6505
2
-1955
-4433
1083
-503
-303
356
-906
-3285
-266
-1374
-739
-30
-1290
-119
242
-755
-3639
-725
-1157
-1517
-519
-92
10
10
-64
373
-1
-62
116
-102
-148
-68
-70
-228
-1223
-198
-102
89
63
-182
-62
0
-16
-384
-115
-114
-142
162
-428
106
-182
110
581
-99
-22
-112
235
-302
-467
-82
-59
-1835
-111
-448
-416
75
-184
-29
74
-691
-1419
-108
-903
-1717
0
-92
-64
0
0
90
0
0
-8
34
-128
0
112
0
-47
42
0
0
-127
0
-46
0
-28
-74
8
0
-24
-18
-348
0
0
-62
-13
60
-62
-36
126
0
6
-50
-244
-247
0
-203
-36
113
-55
-113
0
-50
-106
0
-114
-96
0
-617
0
60
0
-352
60
0
-36
0
-64
0
0
-58
-646
0
-196
-99
57
-167
-56
52
-52
-115
0
-164
-46
-162
-428
-30
86
-64
52
137
-58
0
88
0
0
48
-20
-38
0
-20
42
-72
62
36
61
0
7
-62
38
-82
0
-617
428
16
0
317
0
0
-62
-42
-199
-108
-2
-202
-1021
-270
-491
-63
-45
-149
-100
46
-50
-690
-44
-52
-126
18
-510
140
-2
0
61
-46
12
0
202
-206
-178
-50
-404
-2194
-98
-705
-131
-54
-728
-56
136
-292
-1250
-376
-465
-1908
519
-503
0
46
0
0
0
0
0
-72
0
0
0
0
60
0
0
0
0
0
0
0
0
-92
22
0
-79
54
-128
0
0
0
0
0
0
0
0
0
0
0
-50
-63
22
-2
-108
0
0
-57
0
0
-121
0
-64
-44
-57
0
0
-16
0
0
0
0
0
0
0
0
0
-54
-44
22
0
0
0
0
0
0
0
-96
0
-131
26
-75
-148
0
0
0
0
0
0
0
0
0
0
0
0
-18
0
0
0
0
0
0
0
0
0
0
0
0
45
0
44
0
0
-14
0
0
0
0
0
0
0
-354
-614
-110
-249
-210
0
-108
0
0
-50
-178
0
-28
-61
-113
-199
0
0
-78
-63
0
0
0
0
-175
0
0
-330
-514
0
-190
-46
0
-203
0
0
-52
-86
0
-74
-44
-63
-302
0
0
0
26
-115
-43
-62
0
0
0
0
0
-276
0
0
-142
0
0
0
0
0
0
0
0
-64
72
-64
0
0
0
60
0
0
0
0
-175
-120
-58
-72
-1140
-177
-22
-233
0
-60
-112
0
-50
-406
0
-61
-126
127
-206
56
0
-26
-18
0
-50
0
0
-92
-50
0
0
-187
14
-170
-46
0
-447
-50
-61
-50
-283
-44
-293
-247
30
-1290
-193
-124
0
-102
-2
-64
-49
-56
0
0
0
0
-75
0
0
-49
0
-102
-51
0
-44
-50
-38
0
-50
-202
0
56
0
0
0
0
0
0
0
0
0
0
-59
79
0
0
0
0
0
0
0
0
-145
0
0
0
0
62
56
0
0
0
0
0
0
0
0
0
0
0
0
-50
0
0
0
0
0
0
-36
122
-166
-120
-318
-235
-182
0
0
0
-128
-30
0
-119
-36
0
-64
0
-192
-203
0
0
-62
0
0
0
0
0
-199
0
0
0
42
-55
0
0
-170
-9
0
-108
0
0
-108
-62
-355
-435
-1566
-122
-280
-104
0
-124
-114
0
-52
-409
-46
-68
-86
-126
-149
0
0
-115
-57
0
0
0
0
-60
-42
-42
-323
-417
-74
-230
33
0
-210
-75
0
-52
-118
-46
-224
-63
102
-184
64
-30
0
-120
-50
-43
-4
0
0
0
56
0
56
14
0
-10
0
0
0
0
-44
42
-52
-56
0
-88
-167
0
-36
0
-54
0
0
-36
36
-203
-163
0
-450
-1002
-42
-306
-166
0
-210
-34
0
-64
-666
-46
-40
0
-34
-728
-48
0
0
26
-136
0
0
56
-447
-222
0
-313
-1665
-90
-310
-54
72
-1026
-36
138
-420
-2214
-210
-1234
-2632
-1083
-1796
120
341
0
251
-16
16
-26
210
0
0
0
44
-8
0
50
50
44
0
176
0
44
-88
20
-146
-48
376
0
0
0
0
50
0
0
0
46
0
-28
0
101
-111
20
0
0
0
0
0
0
0
-63
59
0
0
0
-64
0
0
0
0
0
0
0
166
0
-64
0
0
-244
240
0
-308
0
0
0
36
0
114
0
-181
-284
108
-64
0
0
0
26
-30
0
-56
46
0
0
0
-64
449
0
-56
64
0
0
0
0
-48
0
0
-48
0
44
-62
0
0
0
413
0
0
46
46
0
0
0
-64
-87
-59
-44
2
0
-170
0
0
0
0
0
0
0
0
0
0
0
56
0
0
0
0
0
0
0
0
0
-292
0
0
0
0
0
-16
0
0
0
-59
-110
0
115
110
0
0
0
-167
0
52
0
52
0
0
0
0
165
0
0
0
0
0
0
0
0
26
0
0
0
62
0
0
0
56
0
0
0
0
0
-78
0
0
-129
-1226
-43
-62
-44
0
-115
0
0
0
0
0
-50
0
-8
0
38
70
0
138
20
0
0
38
-26
96
0
-58
-167
0
-122
0
-22
0
110
0
0
296
-20
-92
-190
725
-906
0
0
44
216
0
14
0
90
0
0
72
0
525
46
0
0
-14
0
0
0
0
60
0
17
16
98
0
0
0
-64
112
50
0
-24
74
0
52
28
-6
703
88
0
-44
0
-192
50
50
-48
-76
0
0
0
0
-20
0
0
0
56
0
0
0
50
0
0
0
0
-56
0
0
0
-22
0
0
0
0
-134
-240
-18
0
111
-228
-90
0
101
229
68
-48
0
42
-50
0
239
-6
999
188
0
-56
177
-59
0
0
-42
-26
43
-42
-59
270
-244
94
0
-64
115
18
-48
0
122
-354
-86
-150
-610
-980
0
-362
-120
110
-435
40
59
-48
-396
59
-116
-58
0
-202
0
0
-129
-114
-58
0
0
0
-72
0
0
-200
-725
-88
-232
-102
-22
-450
-134
43
-36
-360
-20
-237
-44
198
-59
0
0
0
106
288
-43
2
-14
-54
0
0
0
64
0
0
0
0
0
0
0
0
-56
0
-48
0
0
-58
0
0
0
4
46
0
-56
0
-330
0
0
-200
-1009
-188
-369
-62
0
-323
0
0
-71
-184
0
-18
0
-42
-404
-56
12
-58
138
-60
-61
0
0
0
0
0
-460
-1725
-46
-543
0
0
-313
-46
-102
-44
-290
0
-176
-100
266
-755
361
82
44
-103
-44
-20
62
136
0
56
0
0
-71
60
-54
0
0
-44
0
0
0
-23
-20
-46
0
46
-28
0
0
-48
0
0
0
0
0
0
0
0
-42
-438
58
0
0
0
0
55
0
0
0
0
0
0
-60
0
0
0
0
52
0
10
-52
0
0
-28
0
0
-212
0
0
-62
0
-44
0
0
0
-135
0
0
-95
99
-16
36
-6
0
193
-18
0
0
0
0
46
88
-48
-10
-46
0
-56
0
0
0
0
0
36
0
0
0
0
-50
0
0
0
-32
0
0
0
0
-50
-44
0
-48
-726
-18
0
0
0
-52
-80
0
0
-468
0
-40
-60
-60
-50
0
0
0
-96
0
0
46
0
-50
-28
0
-71
-173
-50
0
-49
0
-64
0
0
0
-118
0
0
-63
1
-691
-59
-250
0
-834
0
-55
-256
50
0
-23
-140
0
-1632
-288
-162
-451
115
-36
0
-49
0
-28
0
-134
0
-137
-52
0
0
0
6
18
0
0
30
-52
0
0
-36
-121
-68
-54
-44
0
-52
0
0
0
-98
30
0
0
0
-292
353
0
0
-226
44
0
0
2
-50
62
0
-44
-395
0
-140
0
0
-420
38
241
-440
555
16
-356
-442
-2
-1955
-92
73
16
-706
-241
0
-200
-138
0
0
54
14
-404
102
0
-264
61
-64
0
0
-20
-48
0
-20
-63
-136
0
0
0
0
0
0
0
0
0
0
0
0
-48
-233
-43
0
-44
0
0
0
0
0
0
0
0
0
-52
-58
32
0
52
0
0
0
0
0
-43
0
0
-43
-80
0
0
96
0
-43
0
0
-55
-44
-36
-3
-58
-74
-62
0
0
0
0
0
0
-56
0
0
0
0
0
46
0
0
0
0
0
0
0
0
0
0
0
0
-46
-62
0
0
0
0
0
0
0
0
0
-64
0
-48
-781
-59
0
0
0
-108
0
0
0
-115
0
0
0
0
0
0
0
0
0
0
0
0
0
0
0
0
0
-239
-50
0
-46
0
0
0
0
0
0
0
0
0
0
-22
-82
140
0
0
49
0
0
0
0
0
0
0
0
0
0
0
0
0
0
0
10
0
0
10
0
-61
0
0
0
0
0
0
0
0
0
0
0
0
0
0
0
0
0
0
0
0
0
0
0
0
0
0
0
12
0
0
0
0
0
0
0
0
-50
-50
-16
-61
-108
0
-101
0
0
0
0
0
0
-68
0
0
-246
-242
-1374
-70
0
50
-106
0
0
0
0
0
0
0
0
174
0
0
0
0
0
0
16
-54
-122
0
0
0
50
0
0
0
-56
266
0
0
-24
42
0
50
56
0
-137
0
28
0
0
0
0
0
0
0
0
0
50
0
-20
0
0
0
0
0
0
0
0
0
0
0
0
-399
0
0
0
0
0
0
0
-162
-327
0
0
-46
82
-102
26
52
0
0
0
0
-56
0
-2
256
42
0
35
0
28
-56
58
0
0
0
0
-56
0
0
-59
2
-203
469
0
-44
110
0
0
0
355
-249
615
0
-362
-1725
150
-360
-52
0
-280
-86
0
0
-392
0
-48
-62
50
-491
0
0
-62
-100
0
0
0
0
-22
0
-56
-369
-1066
-28
-275
-56
0
-306
-102
0
-54
-402
0
-116
0
70
-448
0
0
0
-23
140
0
-56
-56
0
0
0
0
-66
0
0
0
0
0
0
0
0
-316
0
0
0
-48
-196
0
0
0
-38
-88
0
0
0
-190
-64
-42
-232
-851
-239
-275
0
0
-230
-63
0
0
-260
0
-49
-88
-112
-705
-411
0
-122
-281
0
-101
0
0
-170
-256
0
-543
-1754
-72
-520
0
0
-310
-98
-54
-140
-241
0
-249
-96
-356
-1157
32
-64
-146
23
0
-20
-60
0
0
174
0
17
224
-12
0
-60
0
0
0
0
-46
-322
-70
-48
0
2
0
0
0
-48
-42
0
0
0
0
0
0
0
-42
-268
0
0
0
0
0
0
0
0
-24
0
0
0
-60
38
104
0
0
0
0
10
0
0
0
0
0
-48
-158
0
0
0
16
-56
0
0
-134
-76
0
-160
28
182
-114
-26
0
0
0
0
0
0
36
-64
0
0
0
55
0
0
14
0
0
0
0
0
0
0
0
0
-16
-114
0
0
0
0
0
0
0
0
-28
-44
0
-116
-876
0
-48
0
0
-68
-78
0
-40
-274
0
-80
0
0
-52
0
0
-50
0
0
0
0
0
-61
0
0
-18
-379
0
-49
-49
0
-40
0
0
0
-198
0
-149
0
-10
-903
-103
0
-181
-556
250
-3
28
30
-131
-28
0
-18
-354
0
0
28
0
-120
0
-140
0
-122
0
-160
-44
-86
-164
0
0
-110
23
6
0
-46
0
-74
0
-52
-237
-1371
0
-116
-44
0
-224
0
0
0
-112
0
-149
0
0
-465
-2
64
-92
-171
-82
0
0
124
-293
-166
0
-176
-3114
0
-249
-90
-46
-1234
-166
-73
-356
-3877
-341
-1782
-4598
3627
-7660
932
4598
120
1930
442
-92
174
2632
0
-2
96
0
823
100
-70
61
247
-193
344
246
361
755
190
32
-208
1908
-64
669
0
0
713
63
0
0
63
0
0
0
-90
1771
44
26
0
44
0
0
0
36
-275
0
-26
41
46
-30
28
-28
0
395
95
-82
51
318
0
0
46
0
545
0
0
0
-26
64
117
58
-59
124
284
-103
0
1717
10
669
0
0
-64
0
0
0
0
0
16
88
0
336
0
0
0
126
56
0
0
0
0
0
0
0
126
0
0
0
0
766
60
0
0
86
44
62
62
94
345
58
469
0
61
0
0
0
0
-196
0
0
0
96
428
0
0
0
-38
0
0
0
0
0
0
-50
0
-178
0
0
0
44
0
0
0
0
-144
0
0
-41
142
106
28
44
0
49
0
32
0
0
0
16
0
0
118
0
0
0
64
56
0
0
0
42
0
104
0
82
0
0
0
0
0
0
0
0
0
0
-22
59
0
305
59
0
0
0
0
0
0
0
-184
0
0
0
24
140
110
0
38
152
0
0
0
50
56
98
0
-56
293
-16
-411
56
79
-48
42
63
353
498
48
-2
208
1517
-303
-2
90
0
59
0
0
16
54
0
0
0
0
223
0
0
0
46
0
0
0
56
105
0
174
-56
131
0
16
49
0
433
49
0
-36
-33
0
0
56
0
2551
102
256
0
46
-64
0
46
46
733
0
0
0
99
0
16
0
0
0
62
0
0
0
0
0
0
0
39
0
0
0
0
0
0
-96
-23
-64
308
-28
0
416
-68
0
44
-28
106
44
0
44
166
0
0
0
52
1111
62
50
102
233
0
0
0
0
106
44
0
0
63
6
62
0
0
1053
0
-64
0
104
0
96
52
-86
5098
120
615
0
210
-62
48
0
-44
98
-2
-44
0
36
-108
-22
0
0
-23
0
0
0
0
-120
0
0
0
323
44
-64
0
108
-163
-48
44
0
-56
0
0
0
-89
-467
0
-28
-64
359
451
0
0
10
0
0
0
0
111
0
0
0
142
0
0
0
-28
50
0
0
0
-42
0
0
-14
0
362
56
0
0
62
0
0
56
0
707
56
0
-102
0
-42
0
0
-28
-114
-64
0
0
0
-178
98
60
96
158
0
-50
0
49
-50
0
0
0
-141
0
-256
0
0
-222
0
264
62
59
-50
-166
-61
739
-119
344
0
176
-19
0
0
0
0
0
0
0
0
-14
0
0
0
0
-51
0
0
0
52
0
0
0
0
-46
0
0
0
0
-46
0
-36
0
0
0
0
0
739
0
0
0
0
0
0
0
0
568
0
0
0
36
36
0
0
0
0
52
0
0
0
0
0
0
0
0
0
0
0
0
0
0
0
0
-43
0
0
-51
112
-62
0
46
0
14
0
0
44
36
-57
0
0
50
231
56
0
0
0
0
0
0
55
116
0
0
0
62
-113
0
0
0
121
0
0
0
0
0
48
0
40
3424
0
-86
0
0
-114
0
0
-80
-155
-46
-78
0
36
-100
0
0
0
-55
0
0
36
0
-112
0
24
0
186
24
-63
36
0
-34
-16
0
0
6
0
0
0
-116
-29
117
-28
0
119
256
0
0
4
0
0
56
0
128
-2
0
0
62
0
0
0
0
0
0
0
0
0
-56
0
0
-16
56
0
0
-44
119
0
-48
56
-134
590
0
-102
-44
0
-75
-16
56
0
28
56
0
0
8
-56
42
60
110
58
-62
0
0
49
-50
0
0
-46
1190
0
-98
-16
0
-36
0
200
38
471
26
-166
-174
4433
-6505
1930
3877
251
1080
-555
-706
-471
2214
0
59
241
216
-283
290
-106
-59
283
-102
-19
68
-103
-133
-296
23
-498
1250
90
-64
198
26
779
118
0
-6
118
0
106
402
229
-335
360
0
56
86
-128
14
0
193
-44
0
0
144
115
52
49
76
-167
94
135
0
43
-122
26
359
327
106
1333
134
-23
64
96
-120
119
44
-834
0
-114
-556
-124
1419
373
713
112
50
779
98
0
-28
666
0
433
260
112
1087
184
266
114
406
0
0
0
0
20
0
-42
184
690
-13
766
274
413
3942
468
0
155
409
-14
1053
392
115
6629
396
110
-98
178
-9
121
115
-32
0
0
0
196
106
317
0
24
0
713
0
0
-568
145
60
362
0
4
-416
76
-38
-733
121
-54
56
0
6
44
63
23
275
384
581
395
122
0
94
28
0
0
-42
0
0
316
56
-7
56
0
-50
0
0
0
0
52
0
-26
0
-42
-7
-352
-38
0
0
713
-36
0
-116
199
-63
-23
56
-114
-548
26
-100
-106
0
-57
-55
0
-96
-20
0
0
0
74
61
152
322
138
1574
23
0
-52
50
-18
158
122
138
1538
-60
-281
-105
92
26
58
48
-226
133
88
-171
-755
3639
-3285
823
3114
-8
-283
395
-404
-1190
1665
60
223
1754
525
-822
1725
174
141
187
-75
-14
108
-71
-1538
167
224
-293
2194
-47
336
379
449
1087
173
46
-186
417
-18
1111
1066
999
6144
725
35
-323
514
-203
231
239
-10
416
292
55
178
646
-38
118
158
165
-7
212
0
0
0
-276
111
399
64
0
56
-66
-39
44
56
128
80
-1632
-1333
244
-354
-545
1835
-1223
1771
1371
-111
-335
121
-233
-590
1002
-63
2551
851
703
6144
1009
-137
-707
1140
79
739
0
-438
548
1226
-268
-305
1021
-247
345
876
-87
6629
726
-781
-3424
1566
-614
5098
1725
-980
0
980
-1725
-5098
614
-1566
3424
781
-726
-6629
87
-876
-345
247
-1021
305
268
-1226
-548
438
0
-739
-79
-1140
707
137
-1009
-6144
-703
-851
-2551
63
-1002
590
233
-121
335
111
-1371
-1771
1223
-1835
545
354
-244
1333
1632
-80
-128
-56
-44
39
66
-56
0
-64
-399
-111
276
0
0
0
-212
7
-165
-158
-118
38
-646
-178
-55
-292
-416
10
-239
-231
203
-514
323
-35
-725
-6144
-999
-1066
-1111
18
-417
186
-46
-173
-1087
-449
-379
-336
47
-2194
293
-224
-167
1538
71
-108
14
75
-187
-141
-174
-1725
822
-525
-1754
-223
-60
-1665
1190
404
-395
283
8
-3114
-823
3285
-3639
755
171
-88
-133
226
-48
-58
-26
-92
105
281
60
-1538
-138
-122
-158
18
-50
52
0
-23
-1574
-138
-322
-152
-61
-74
0
0
0
20
96
0
55
57
0
106
100
-26
548
114
-56
23
63
-199
116
0
36
-713
0
0
38
352
7
42
0
26
0
-52
0
0
0
0
50
0
-56
7
-56
-316
0
0
42
0
0
-28
-94
0
-122
-395
-581
-384
-275
-23
-63
-44
-6
0
-56
54
-121
733
38
-76
416
-4
0
-362
-60
-145
568
0
0
-713
0
-24
0
-317
-106
-196
0
0
0
32
-115
-121
9
-178
98
-110
-396
-6629
-115
-392
-1053
14
-409
-155
0
-468
-3942
-413
-274
-766
13
-690
-184
42
0
-20
0
0
0
0
-406
-114
-266
-184
-1087
-112
-260
-433
0
-666
28
0
-98
-779
-50
-112
-713
-373
-1419
124
556
114
0
834
-44
-119
120
-96
-64
23
-134
-1333
-106
-327
-359
-26
122
-43
0
-135
-94
167
-76
-49
-52
-115
-144
0
0
44
-193
0
-14
128
-86
-56
0
-360
335
-229
-402
-106
0
-118
6
0
-118
-779
-26
-198
64
-90
-1250
498
-23
296
133
103
-68
19
102
-283
59
106
-290
283
-216
-241
-59
0
-2214
471
706
555
-1080
-251
-3877
-1930
6505
-4433
174
166
-26
-471
-38
-200
0
36
0
16
98
0
-1190
46
0
0
50
-49
0
0
62
-58
-110
-60
-42
56
-8
0
0
-56
-28
0
-56
16
75
0
44
102
0
-590
134
-56
48
0
-119
44
0
0
-56
16
0
0
56
0
0
0
0
0
0
0
0
0
-62
0
0
2
-128
0
-56
0
0
-4
0
0
-256
-119
0
28
-117
29
116
0
0
0
-6
0
0
16
34
0
-36
63
-24
-186
0
-24
0
112
0
-36
0
0
55
0
0
0
100
-36
0
78
46
155
80
0
0
114
0
0
86
0
-3424
-40
0
-48
0
0
0
0
0
-121
0
0
0
113
-62
0
0
0
-116
-55
0
0
0
0
0
0
-56
-231
-50
0
0
57
-36
-44
0
0
-14
0
-46
0
62
-112
51
0
0
43
0
0
0
0
0
0
0
0
0
0
0
0
0
0
0
0
-52
0
0
0
0
-36
-36
0
0
0
-568
0
0
0
0
0
0
0
0
-739
0
0
0
0
0
36
0
46
0
0
0
0
46
0
0
0
0
-52
0
0
0
51
0
0
0
0
14
0
0
0
0
0
0
0
0
19
-176
0
-344
119
-739
61
166
50
-59
-62
-264
0
222
0
0
256
0
141
0
0
0
50
-49
0
50
0
-158
-96
-60
-98
178
0
0
0
64
114
28
0
0
42
0
102
0
-56
-707
0
-56
0
0
-62
0
0
-56
-362
0
14
0
0
42
0
0
0
-50
28
0
0
0
-142
0
0
0
-111
0
0
0
0
-10
0
0
-451
-359
64
28
0
467
89
0
0
0
56
0
-44
48
163
-108
0
64
-44
-323
0
0
0
120
0
0
0
0
23
0
0
22
108
-36
0
44
2
-98
44
0
-48
62
-210
0
-615
-120
-5098
86
-52
-96
0
-104
0
64
0
-1053
0
0
-62
-6
-63
0
0
-44
-106
0
0
0
0
-233
-102
-50
-62
-1111
-52
0
0
0
-166
-44
0
-44
-106
28
-44
0
68
-416
0
28
-308
64
23
96
0
0
0
0
0
0
-39
0
0
0
0
0
0
0
-62
0
0
0
-16
0
-99
0
0
0
-733
-46
-46
0
64
-46
0
-256
-102
-2551
0
-56
0
0
33
36
0
-49
-433
0
-49
-16
0
-131
56
-174
0
-105
-56
0
0
0
-46
0
0
0
-223
0
0
0
0
-54
-16
0
0
-59
0
-90
2
303
-1517
-208
2
-48
-498
-353
-63
-42
48
-79
-56
411
16
-293
56
0
-98
-56
-50
0
0
0
-152
-38
0
-110
-140
-24
0
0
0
184
0
0
0
0
0
0
0
-59
-305
0
-59
22
0
0
0
0
0
0
0
0
0
0
-82
0
-104
0
-42
0
0
0
-56
-64
0
0
0
-118
0
0
-16
0
0
0
-32
0
-49
0
-44
-28
-106
-142
41
0
0
144
0
0
0
0
-44
0
0
0
178
0
50
0
0
0
0
0
0
38
0
0
0
-428
-96
0
0
0
196
0
0
0
0
-61
0
-469
-58
-345
-94
-62
-62
-44
-86
0
0
-60
-766
0
0
0
0
-126
0
0
0
0
0
0
0
-56
-126
0
0
0
-336
0
-88
-16
0
0
0
0
0
64
0
0
-669
-10
-1717
0
103
-284
-124
59
-58
-117
-64
26
0
0
0
-545
0
-46
0
0
-318
-51
82
-95
-395
0
28
-28
30
-46
-41
26
0
275
-36
0
0
0
-44
0
-26
-44
-1771
90
0
0
0
-63
0
0
-63
-713
0
0
-669
64
-1908
208
-32
-190
-755
-361
-246
-344
193
-247
-61
70
-100
-823
0
-96
2
0
-2632
-174
92
-442
-1930
-120
-4598
-932
7660
-3627
4598
1782
341
3877
356
73
166
1234
46
90
249
0
3114
176
0
166
293
-124
0
0
82
171
92
-64
2
465
0
0
149
0
112
0
0
0
224
0
44
116
0
1371
237
52
0
74
0
46
0
-6
-23
110
0
0
164
86
44
160
0
122
0
140
0
120
0
-28
0
0
354
18
0
28
131
-30
-28
3
-250
556
181
0
103
903
10
0
149
0
198
0
0
0
40
0
49
49
0
379
18
0
0
61
0
0
0
0
0
50
0
0
52
0
0
80
0
274
40
0
78
68
0
0
48
0
876
116
0
44
28
0
0
0
0
0
0
0
0
114
16
0
0
0
0
0
0
0
0
0
-14
0
0
-55
0
0
0
64
-36
0
0
0
0
0
0
26
114
-182
-28
160
0
76
134
0
0
56
-16
0
0
0
158
48
0
0
0
0
0
-10
0
0
0
0
-104
-38
60
0
0
0
24
0
0
0
0
0
0
0
0
268
42
0
0
0
0
0
0
0
42
48
0
0
0
-2
0
48
70
322
46
0
0
0
0
60
0
12
-224
-17
0
-174
0
0
60
20
0
-23
146
64
-32
1157
356
96
249
0
241
140
54
98
310
0
0
520
72
1754
543
0
256
170
0
0
101
0
281
122
0
411
705
112
88
49
0
260
0
0
63
230
0
0
275
239
851
232
42
64
190
0
0
0
88
38
0
0
0
196
48
0
0
0
316
0
0
0
0
0
0
0
0
66
0
0
0
0
56
56
0
-140
23
0
0
0
448
-70
0
116
0
402
54
0
102
306
0
56
275
28
1066
369
56
0
22
0
0
0
0
100
62
0
0
491
-50
62
48
0
392
0
0
86
280
0
52
360
-150
1725
362
0
-615
249
-355
0
0
0
-110
44
0
-469
203
-2
59
0
0
56
0
0
0
0
-58
56
-28
0
-35
0
-42
-256
2
0
56
0
0
0
0
-52
-26
102
-82
46
0
0
327
162
0
0
0
0
0
0
0
399
0
0
0
0
0
0
0
0
0
0
0
0
20
0
-50
0
0
0
0
0
0
0
0
0
-28
0
137
0
-56
-50
0
-42
24
0
0
-266
56
0
0
0
-50
0
0
0
122
54
-16
0
0
0
0
0
0
-174
0
0
0
0
0
0
0
0
106
-50
0
70
1374
242
246
0
0
68
0
0
0
0
0
0
101
0
108
61
16
50
50
0
0
0
0
0
0
0
0
-12
0
0
0
0
0
0
0
0
0
0
0
0
0
0
0
0
0
0
0
0
0
0
0
0
0
0
0
61
0
-10
0
0
-10
0
0
0
0
0
0
0
0
0
0
0
0
0
0
0
-49
0
0
-140
82
22
0
0
0
0
0
0
0
0
0
0
46
0
50
239
0
0
0
0
0
0
0
0
0
0
0
0
0
0
0
0
0
115
0
0
0
108
0
0
0
59
781
48
0
64
0
0
0
0
0
0
0
0
0
62
46
0
0
0
0
0
0
0
0
0
0
0
0
-46
0
0
0
0
0
56
0
0
0
0
0
0
62
74
58
3
36
44
55
0
0
43
0
-96
0
0
80
43
0
0
43
0
0
0
0
0
-52
0
-32
58
52
0
0
0
0
0
0
0
0
0
44
0
43
233
48
0
0
0
0
0
0
0
0
0
0
0
0
136
63
20
0
48
20
0
0
64
-61
264
0
-102
404
-14
-54
0
0
138
200
0
241
706
-16
-73
92
1955
2
442
356
-16
-555
440
-241
-38
420
0
0
140
0
395
44
0
-62
50
-2
0
0
-44
226
0
0
-353
292
0
0
0
-30
98
0
0
0
52
0
44
54
68
121
36
0
0
52
-30
0
0
-18
-6
0
0
0
52
137
0
134
0
28
0
49
0
36
-115
451
162
288
1632
0
140
23
0
-50
256
55
0
834
0
250
59
691
-1
63
0
0
118
0
0
0
64
0
49
0
50
173
71
0
28
50
0
-46
0
0
96
0
0
0
50
60
60
40
0
468
0
0
80
52
0
0
0
18
726
48
0
44
50
0
0
0
0
32
0
0
0
50
0
0
0
0
-36
0
0
0
0
0
56
0
46
10
48
-88
-46
0
0
0
0
18
-193
0
6
-36
16
-99
95
0
0
135
0
0
0
44
0
62
0
0
212
0
0
28
0
0
52
-10
0
-52
0
0
0
0
60
0
0
0
0
0
0
-55
0
0
0
0
-58
438
42
0
0
0
0
0
0
0
0
48
0
0
28
-46
0
46
20
23
0
0
0
44
0
0
54
-60
71
0
0
-56
0
-136
-62
20
44
103
-44
-82
-361
755
-266
100
176
0
290
44
102
46
313
0
0
543
46
1725
460
0
0
0
0
0
61
60
-138
58
-12
56
404
42
0
18
0
184
71
0
0
323
0
62
369
188
1009
200
0
0
330
0
56
0
-46
-4
0
0
0
58
0
0
48
0
56
0
0
0
0
0
0
0
0
-64
0
0
0
54
14
-2
43
-288
-106
0
0
0
59
-198
44
237
20
360
36
-43
134
450
22
102
232
88
725
200
0
0
72
0
0
0
58
114
129
0
0
202
0
58
116
-59
396
48
-59
-40
435
-110
120
362
0
980
610
150
86
354
-122
0
48
-18
-115
64
0
-94
244
-270
59
42
-43
26
42
0
0
59
-177
56
0
-188
-999
6
-239
0
50
-42
0
48
-68
-229
-101
0
90
228
-111
0
18
240
134
0
0
0
0
22
0
0
0
56
0
0
0
0
-50
0
0
0
-56
0
0
0
20
0
0
0
0
76
48
-50
-50
192
0
44
0
-88
-703
6
-28
-52
0
-74
24
0
-50
-112
64
0
0
0
-98
-16
-17
0
-60
0
0
0
0
14
0
0
-46
-525
0
-72
0
0
-90
0
-14
0
-216
-44
0
0
906
-725
190
92
20
-296
0
0
-110
0
22
0
122
0
167
58
0
-96
26
-38
0
0
-20
-138
0
-70
-38
0
8
0
50
0
0
0
0
0
115
0
44
62
43
1226
129
0
0
78
0
0
0
0
0
-56
0
0
0
-62
0
0
0
-26
0
0
0
0
0
0
0
0
-165
0
0
0
0
-52
0
-52
0
167
0
0
0
-110
-115
0
110
59
0
0
0
16
0
0
0
0
0
292
0
0
0
0
0
0
0
0
0
-56
0
0
0
0
0
0
0
0
0
0
0
170
0
-2
44
59
87
64
0
0
0
-46
-46
0
0
-413
0
0
0
62
-44
0
48
0
0
48
0
0
0
0
-64
56
0
-449
64
0
0
0
-46
56
0
30
-26
0
0
0
64
-108
284
181
0
-114
0
-36
0
0
0
308
0
-240
244
0
0
64
0
-166
0
0
0
0
0
0
0
64
0
0
0
-59
63
0
0
0
0
0
0
0
-20
111
-101
0
28
0
-46
0
0
0
-50
0
0
0
0
-376
48
146
-20
88
-44
0
-176
0
-44
-50
-50
0
8
-44
0
0
0
-210
26
-16
16
-251
0
-341
-120
1796
1083
2632
1234
210
2214
420
-138
36
1026
-72
54
310
90
1665
313
0
222
447
-56
0
0
136
-26
0
0
48
728
34
0
40
46
666
64
0
34
210
0
166
306
42
1002
450
0
163
203
-36
36
0
0
54
0
36
0
167
88
0
56
52
-42
44
0
0
0
0
10
0
-14
-56
0
-56
0
0
0
4
43
50
120
0
30
-64
184
-102
63
224
46
118
52
0
75
210
0
-33
230
74
417
323
42
42
60
0
0
0
0
57
115
0
0
149
126
86
68
46
409
52
0
114
124
0
104
280
122
1566
435
355
62
108
0
0
108
0
9
170
0
0
55
-42
0
0
0
199
0
0
0
0
0
62
0
0
203
192
0
64
0
36
119
0
30
128
0
0
0
182
235
318
120
166
-122
36
0
0
0
0
0
0
50
0
0
0
0
0
0
0
0
0
0
0
0
-56
-62
0
0
0
0
145
0
0
0
0
0
0
0
0
-79
59
0
0
0
0
0
0
0
0
0
0
-56
0
202
50
0
38
50
44
0
51
102
0
49
0
0
75
0
0
0
0
56
49
64
2
102
0
124
193
1290
-30
247
293
44
283
50
61
50
447
0
46
170
-14
187
0
0
50
92
0
0
50
0
18
26
0
-56
206
-127
126
61
0
406
50
0
112
60
0
233
22
177
1140
72
58
120
175
0
0
0
0
-60
0
0
0
64
-72
64
0
0
0
0
0
0
0
0
142
0
0
276
0
0
0
0
0
62
43
115
-26
0
0
0
302
63
44
74
0
86
52
0
0
203
0
46
190
0
514
330
0
0
175
0
0
0
0
63
78
0
0
199
113
61
28
0
178
50
0
0
108
0
210
249
110
614
354
0
0
0
0
0
0
0
14
0
0
-44
0
-45
0
0
0
0
0
0
0
0
0
0
0
0
18
0
0
0
0
0
0
0
0
0
0
0
0
148
75
-26
131
0
96
0
0
0
0
0
0
0
-22
44
54
0
0
0
0
0
0
0
0
0
16
0
0
57
44
64
0
121
0
0
57
0
0
108
2
-22
63
50
0
0
0
0
0
0
0
0
0
0
0
128
-54
79
0
-22
92
0
0
0
0
0
0
0
0
-60
0
0
0
0
72
0
0
0
0
0
-46
0
503
-519
1908
465
376
1250
292
-136
56
728
54
131
705
98
2194
404
50
178
206
-202
0
-12
46
-61
0
2
-140
510
-18
126
52
44
690
50
-46
100
149
45
63
491
270
1021
202
2
108
199
42
62
0
0
-317
0
-16
-428
617
0
82
-38
62
-7
0
-61
-36
-62
72
-42
20
0
38
20
-48
0
0
-88
0
58
-137
-52
64
-86
30
428
162
46
164
0
115
52
-52
56
167
-57
99
196
0
646
58
0
0
64
0
36
0
-60
352
0
-60
0
617
0
96
114
0
106
50
0
113
55
-113
36
203
0
247
244
50
-6
0
-126
36
62
-60
13
62
0
0
348
18
24
0
-8
74
28
0
46
0
127
0
0
-42
47
0
-112
0
128
-34
8
0
0
-90
0
0
64
92
0
1717
903
108
1419
691
-74
29
184
-75
416
448
111
1835
59
82
467
302
-235
112
22
99
-581
-110
182
-106
428
-162
142
114
115
384
16
0
62
182
-63
-89
102
198
1223
228
70
68
148
102
-116
62
1
-373
64
-10
-10
92
519
1517
1157
725
3639
755
-242
119
1290
30
739
1374
266
3285
906
-356
303
503
-1083
4433
1955
-2
6505
1796
3627
7660
35278
