-50714
-242
-6070
-553
-101
-1424
-6353
-112
-1115
-3989
-57
-1092
-455
0
-1351
-1551
0
-1940
-4728
58
-1916
-257
0
-64
-1685
0
-5264
-553
-101
-1424
-2
0
-88
-123
-57
-1226
0
0
-122
-108
-52
0
-56
0
0
-81
0
-16
0
0
0
-110
0
-177
-6353
-112
-1115
-123
-57
-1226
-2416
-100
-416
295
0
189
-26
0
-334
-383
0
53
-390
0
-262
0
0
-46
-681
0
-354
-470
0
-128
-64
0
-50
-84
0
-315
46
-64
-64
-64
-112
-64
0
0
0
-24
0
-56
0
0
0
-20
0
-81
-64
0
-50
0
0
128
10
0
-260
0
0
0
0
0
0
0
0
0
0
0
-175
0
0
-58
0
64
0
-84
0
-315
10
0
-260
-300
0
-576
511
0
-237
0
0
-188
0
0
-21
-66
0
-244
0
0
-34
0
0
-347
0
0
0
0
0
-310
-107
0
-414
0
59
0
0
0
-107
-180
-104
-128
-37
0
0
-28
0
-60
-138
0
-397
0
0
-310
0
0
0
0
-64
-240
-122
0
0
0
0
-112
0
0
0
-64
0
0
0
0
0
0
0
0
-107
0
-414
0
-64
-240
-128
0
-1200
0
-64
-147
0
-48
-540
0
0
-240
50
0
-35
0
0
0
-102
0
-1854
-1717
0
74
-218
0
45
-985
0
-425
16
103
296
239
-183
-236
-3037
0
-1264
-724
0
8
-126
-55
0
-1192
0
-173
0
-59
-59
0
-159
-64
163
0
-156
42
-161
0
-107
-95
0
-106
0
-112
-196
0
0
42
-62
-62
44
0
-54
-596
0
381
-39
-36
-213
-900
0
201
537
0
817
130
-112
-178
-4223
0
-83
144
0
-140
-104
0
42
-371
0
-383
347
0
0
50
0
0
0
0
0
1678
-128
75
511
0
0
-197
0
-56
-106
0
0
0
0
0
63
0
30
0
0
0
0
-59
0
0
0
0
52
0
0
282
254
-162
0
0
-219
0
0
0
0
-62
0
0
0
-47
173
0
14
0
0
-158
-835
0
56
1193
209
368
393
-216
-1024
-483
0
-1280
-410
0
0
175
0
-298
-237
0
-425
0
-64
-22
0
0
0
0
0
-132
-64
0
0
0
0
-202
-383
0
-79
-63
0
-55
-60
0
-64
-129
0
-412
0
0
0
0
0
0
0
-64
-192
0
0
-64
0
-221
0
-182
0
-160
0
0
0
0
0
0
-64
0
0
-52
0
0
0
0
0
18
-52
-898
44
0
-66
0
0
-383
-122
0
-729
-56
0
-36
18
0
0
-76
0
-877
-1456
0
-142
0
0
0
-905
0
45
-722
-64
0
-156
0
0
-2029
-40
-109
-1028
0
6
16
0
0
-1789
0
-1105
0
0
-56
0
0
0
0
0
-164
0
0
0
120
0
0
-64
-156
0
62
0
64
0
44
0
801
0
-111
-50
0
-48
0
0
0
0
0
-44
347
0
42
327
0
0
-935
0
-118
127
0
62
213
0
0
498
-128
33
0
0
0
-64
0
0
0
0
0
142
0
0
44
0
-50
38
-125
-80
-230
0
0
50
0
0
30
0
-102
0
0
0
0
0
0
0
0
0
0
0
0
120
173
0
0
0
0
122
0
0
63
0
0
0
0
-52
0
0
0
0
0
0
-60
0
0
0
0
0
62
0
-52
162
0
-92
62
0
177
58
0
0
-498
0
247
0
0
0
0
0
0
-383
-63
-216
-80
-64
0
256
0
0
-528
0
-443
-138
59
0
28
0
0
-26
0
-1081
0
0
0
0
0
0
0
0
0
0
0
0
0
0
0
0
0
-64
-44
0
-64
0
0
64
289
59
148
-285
-57
-80
0
0
-306
-1304
0
-608
0
-50
0
-59
-171
-400
-6140
0
-981
-273
0
-170
-211
0
-50
-4660
8
1506
-3989
-57
-1092
0
0
-122
295
0
189
-100
0
0
0
0
44
36
0
86
-205
0
-403
0
0
0
-56
0
-128
-455
0
-1351
-108
-52
0
-26
0
-334
0
0
44
0
0
0
0
0
0
0
0
-335
0
0
0
0
0
0
-1551
0
-1940
-56
0
0
-383
0
53
36
0
86
0
0
0
-208
0
0
158
0
-192
0
0
0
-176
0
-73
46
-64
-64
0
0
0
511
0
-237
0
0
0
0
0
0
0
0
0
7
0
-242
0
0
0
0
0
-259
-64
-112
-64
0
0
0
0
0
-188
0
0
0
0
0
0
0
0
0
90
0
-745
0
0
-168
0
0
-64
0
0
0
0
0
0
0
0
-21
0
0
0
0
0
0
0
0
0
-63
0
-110
0
0
-56
-56
0
-598
0
59
0
-122
0
0
0
-64
-147
0
0
0
0
0
0
0
0
0
0
0
0
0
0
0
0
0
40
0
0
-107
0
0
-112
0
-48
-540
0
0
0
0
0
0
0
0
0
0
0
0
0
0
0
0
0
-310
-180
-104
-128
0
0
0
0
0
-240
0
0
0
0
0
0
0
0
0
0
0
0
0
0
0
0
0
-237
134
0
0
0
0
0
62
0
0
50
0
0
0
0
0
-4
0
334
0
0
0
0
0
0
-64
0
12
0
0
0
0
0
0
0
0
0
0
0
0
0
0
0
0
0
0
0
0
0
0
0
0
0
0
0
-62
0
0
0
0
0
36
0
0
185
0
0
-16
0
0
-372
0
0
-108
0
0
0
0
0
216
0
193
0
0
0
0
0
0
0
0
0
0
0
0
0
0
0
0
0
0
0
0
0
0
0
0
0
0
0
0
0
0
0
0
0
0
0
0
0
0
0
0
0
0
0
0
0
0
0
0
0
0
0
0
0
0
0
0
0
0
0
0
0
0
0
0
0
0
0
0
0
0
0
0
0
0
0
0
0
0
0
0
0
-64
0
0
0
0
0
0
0
0
0
0
0
0
0
0
0
0
0
0
0
0
0
0
0
0
0
0
0
0
0
0
0
-64
0
0
0
0
0
0
0
0
0
0
0
0
0
0
0
0
0
0
0
0
-63
0
0
0
0
0
0
0
0
0
0
0
0
0
0
0
0
0
0
0
0
0
0
0
0
0
0
0
-47
0
42
0
0
0
0
0
0
-70
0
0
102
0
0
0
0
0
206
0
184
0
0
0
526
0
-33
0
0
0
0
-57
0
0
0
0
0
0
0
0
0
0
0
0
0
86
0
-55
0
0
0
0
0
0
0
0
0
0
0
0
0
0
0
-138
0
0
-64
0
0
-176
0
-59
6
0
-64
0
0
0
35
0
56
0
0
0
0
0
0
0
0
0
0
0
0
0
0
0
0
0
0
144
0
0
0
0
0
0
0
-114
0
0
0
0
0
0
0
0
0
0
0
0
0
0
0
0
0
0
90
20
0
0
0
0
0
0
-52
0
0
0
0
0
0
0
0
0
0
0
0
0
0
0
0
0
0
-60
0
0
0
0
0
0
0
-62
-56
0
0
0
0
0
0
0
45
0
0
0
-58
0
0
0
0
-52
73
0
0
0
0
0
234
0
819
0
0
0
0
0
0
0
0
0
0
0
0
0
0
0
0
0
-584
0
0
0
0
0
0
-8
0
158
0
0
0
0
0
0
0
0
-26
0
0
-52
-16
0
0
-366
0
278
0
0
-34
0
0
0
-233
0
-2
-4728
58
-1916
-81
0
-16
-390
0
-262
-205
0
-403
0
0
-335
158
0
-192
-516
0
-562
161
0
10
-130
0
-263
-257
0
-64
0
0
0
0
0
-46
0
0
0
0
0
0
0
0
0
161
0
10
0
0
0
0
0
0
-1685
0
-5264
-110
0
-177
-681
0
-354
-56
0
-128
0
0
0
-176
0
-73
-130
0
-263
0
0
0
-34
0
-116
-24
0
-56
0
0
-175
-66
0
-244
7
0
-242
90
0
-745
-63
0
-110
-126
0
64
0
0
0
0
0
-417
0
0
0
0
0
-58
0
0
-34
0
0
0
0
0
-168
0
0
-56
0
0
0
0
0
-92
0
0
-46
-20
0
-81
0
64
0
0
0
-347
0
0
-259
0
0
-64
-56
0
-598
0
0
-417
0
0
-46
0
0
-320
-37
0
0
-64
0
0
50
0
-35
0
0
0
0
0
0
0
0
0
-88
0
0
0
0
-218
107
0
-212
-28
0
-60
0
0
0
0
0
0
0
0
0
0
0
0
0
0
0
0
0
-218
0
0
0
0
0
0
-138
0
-397
0
0
0
-102
0
-1854
0
0
40
0
0
-310
0
0
-237
107
0
-212
0
0
0
-224
0
-240
0
0
16
0
0
0
50
0
0
111
0
194
57
0
0
0
0
0
-115
0
111
61
0
0
114
0
6
0
0
0
0
0
0
0
0
0
0
0
0
0
0
0
0
0
0
-42
0
0
0
0
0
0
0
0
516
0
0
-22
0
0
0
0
-66
376
0
44
56
0
0
-396
0
110
351
0
0
0
0
0
290
0
64
0
0
0
0
0
0
0
0
0
0
0
0
0
0
0
0
0
0
0
0
0
0
0
0
0
0
0
0
0
0
0
0
0
0
0
0
0
0
0
0
0
0
0
0
0
0
0
0
0
0
0
0
0
0
0
0
0
0
0
0
0
0
0
0
0
0
50
50
64
0
0
0
0
0
0
0
0
0
0
0
54
0
0
0
0
0
0
0
0
0
0
0
0
0
0
0
0
0
0
0
58
0
232
0
64
-38
0
405
0
0
0
0
0
0
0
0
0
0
0
0
0
0
0
0
0
0
0
0
0
0
0
0
0
0
0
0
0
-28
0
0
0
0
0
-22
0
0
-64
0
0
-63
0
0
186
54
0
0
502
0
0
56
0
624
-22
0
0
0
0
0
56
0
0
0
0
0
83
0
0
0
0
0
82
0
34
0
0
0
360
0
63
0
0
0
0
0
0
0
0
0
0
0
0
0
0
0
0
0
0
113
0
45
0
0
0
186
0
0
0
0
0
0
0
0
0
0
0
0
0
38
16
0
0
84
0
0
84
0
0
0
0
0
274
0
0
0
0
0
0
0
0
0
0
0
0
0
0
0
0
0
0
0
0
0
0
0
0
0
0
0
0
0
0
0
0
0
0
0
0
0
0
0
0
0
0
0
0
0
0
0
0
0
0
0
0
0
0
0
0
0
0
0
0
0
0
0
0
0
0
0
0
0
64
0
0
0
-64
0
0
0
0
0
0
0
0
-56
0
0
0
0
0
0
0
0
0
0
0
0
0
0
0
0
0
0
9
0
0
0
0
0
164
0
401
0
0
0
0
0
0
0
0
0
0
0
0
0
0
0
0
0
0
34
0
-55
64
-57
0
-8
0
20
0
0
0
-22
0
0
-28
0
0
0
0
0
0
0
0
-72
0
2
52
0
-17
226
0
0
350
0
1212
-1717
0
74
0
-59
-59
-596
0
381
134
0
0
0
0
0
-62
0
0
0
0
16
0
0
0
516
0
0
-218
0
45
0
-159
-64
-39
-36
-213
0
0
0
0
0
0
0
0
0
0
0
0
0
0
0
-22
0
0
-985
0
-425
163
0
-156
-900
0
201
62
0
0
0
0
0
36
0
0
50
0
0
0
0
0
0
0
-66
347
0
0
0
0
0
173
0
14
0
0
0
0
0
0
0
0
0
0
0
0
0
0
0
0
0
0
50
0
0
0
-59
0
0
0
-158
0
0
0
0
0
0
0
0
0
0
0
0
0
0
0
0
0
0
0
0
0
0
0
0
-835
0
56
0
0
0
0
0
0
0
0
0
0
0
0
0
0
0
0
0
0
0
-64
-22
0
0
0
-52
0
0
-64
0
0
0
0
0
0
0
0
0
0
0
0
0
0
0
0
-28
0
0
0
0
0
0
0
0
0
0
0
0
0
0
-64
0
0
0
0
0
0
0
0
0
0
0
0
0
0
-132
0
-64
-192
18
-52
-898
0
0
0
0
0
0
0
0
0
0
0
0
0
0
0
0
0
-22
-288
0
0
0
0
0
0
0
0
98
0
46
26
0
0
-51
0
0
-51
0
0
-62
0
0
137
0
132
0
0
0
0
0
0
-48
0
0
0
0
0
44
0
0
0
0
0
0
0
0
0
0
0
0
0
0
0
0
0
-48
0
0
-8
0
0
-48
0
0
963
0
0
49
0
21
-4
0
0
26
0
0
-1
0
-84
0
0
0
0
0
0
0
0
0
0
0
0
0
0
0
0
0
0
0
0
0
0
0
0
0
0
0
0
0
0
0
0
0
0
0
0
0
0
0
0
0
0
0
0
0
0
0
0
0
0
0
0
0
0
0
0
0
0
0
0
0
0
0
0
0
0
0
0
0
0
0
0
0
0
0
0
0
0
0
0
0
0
0
0
0
0
0
0
0
0
0
0
0
0
0
0
0
0
0
0
0
0
0
0
0
0
0
0
0
0
0
0
0
0
0
0
0
0
0
0
0
0
0
0
0
0
0
0
0
0
0
0
0
0
0
0
0
0
0
0
0
0
0
0
0
0
0
0
0
0
0
0
0
0
0
0
0
0
0
0
0
0
-61
0
0
0
0
0
99
0
0
0
0
0
0
0
0
207
0
0
102
0
0
64
0
0
2108
0
0
0
0
0
0
0
0
-92
0
0
0
0
0
0
0
0
0
0
0
0
0
0
0
0
0
0
0
0
0
0
0
0
0
0
0
0
0
156
0
0
124
0
0
112
0
0
248
0
0
0
0
0
728
0
0
-84
0
0
0
0
0
-32
0
0
0
0
0
0
0
0
0
0
0
0
0
0
0
0
0
0
0
0
0
0
0
0
0
0
0
0
0
0
0
0
0
0
0
0
0
0
0
0
0
0
0
0
0
0
0
0
0
0
0
0
0
0
0
0
0
0
0
0
0
0
0
0
0
0
0
0
0
0
0
0
0
0
0
0
0
0
0
0
0
0
0
-58
0
0
0
0
0
-46
0
0
26
0
0
0
0
0
226
0
56
0
0
0
0
0
0
0
0
0
0
0
0
0
0
0
0
0
0
0
0
0
0
0
0
0
0
0
0
0
0
0
-63
0
-197
0
0
355
0
16
776
0
0
62
0
-80
102
0
23
-36
0
0
4
0
148
16
103
296
42
-161
0
537
0
817
50
0
0
0
0
0
185
0
0
111
0
194
0
0
0
376
0
44
239
-183
-236
-107
-95
0
130
-112
-178
0
0
0
0
0
0
-16
0
0
57
0
0
0
0
0
56
0
0
-3037
0
-1264
-106
0
-112
-4223
0
-83
-4
0
334
0
0
0
-372
0
0
0
0
0
0
0
0
-396
0
110
1678
-128
75
52
0
0
1193
209
368
0
0
0
0
0
0
0
0
0
0
0
0
0
0
0
0
0
0
511
0
0
282
254
-162
393
-216
-1024
0
0
0
0
0
0
0
0
0
0
0
0
0
0
0
50
50
64
-197
0
-56
0
0
-219
-483
0
-1280
0
0
0
0
0
0
0
0
0
0
0
0
0
0
0
0
0
0
-64
0
0
0
0
-64
44
0
-66
0
0
0
0
0
0
0
0
0
0
0
0
0
0
0
0
0
-64
0
0
-202
0
-221
0
0
0
-383
0
0
0
0
0
0
0
0
0
0
0
0
0
0
0
0
0
-63
-383
0
-79
-182
0
-160
-122
0
-729
0
0
0
0
0
0
0
0
0
0
0
0
0
0
0
0
0
186
98
0
46
0
0
0
-48
0
0
168
0
0
190
0
0
-1138
0
96
-120
0
0
56
0
0
752
0
194
26
0
0
44
0
0
963
0
0
190
0
0
168
0
0
0
0
-24
-8
0
0
175
0
0
-68
0
42
-51
0
0
0
0
0
49
0
21
-1138
0
96
0
0
-24
-152
0
450
-62
0
36
0
0
0
-19
0
-704
0
0
0
0
0
0
0
0
0
0
0
0
0
0
0
0
0
0
0
0
0
0
0
0
0
0
0
0
0
0
0
0
0
0
0
0
0
0
0
0
0
0
0
0
0
0
0
0
0
0
0
0
0
0
0
0
0
0
0
0
0
0
0
0
0
0
0
0
0
0
0
0
0
0
0
0
0
0
0
0
0
0
0
0
0
0
0
0
0
0
0
0
0
0
0
0
0
0
0
0
0
0
0
0
0
0
0
0
0
0
0
0
0
0
0
0
0
0
0
0
0
0
0
0
0
0
0
0
0
0
0
0
0
0
0
0
0
0
0
0
0
0
0
0
0
0
0
0
0
0
0
0
0
0
0
0
0
0
0
0
0
0
0
0
0
0
0
0
0
0
0
0
0
0
0
0
0
84
0
0
223
0
0
0
0
0
1319
0
-44
0
0
0
0
0
0
-62
0
0
0
0
0
0
0
0
11
0
0
158
0
0
151
0
0
999
0
0
0
0
0
0
0
0
0
0
0
0
0
0
646
0
0
-170
0
0
359
0
0
106
0
0
788
0
42
0
0
0
0
0
0
0
0
0
0
0
0
0
0
0
0
0
0
0
0
0
0
0
0
0
0
0
0
0
0
0
0
0
0
0
0
0
0
0
0
0
0
0
0
0
0
0
0
0
0
0
64
112
0
0
0
-40
0
0
0
0
0
0
0
0
0
0
0
0
0
0
0
0
0
0
0
0
0
0
0
0
0
0
0
0
0
0
0
0
0
-44
0
0
0
0
0
0
0
0
0
0
0
0
0
0
48
0
239
0
0
0
0
0
0
0
0
0
0
0
0
0
0
0
0
0
0
0
0
0
0
156
0
52
0
128
-120
0
0
0
0
0
20
0
0
-223
0
0
-239
0
-154
-291
0
-63
0
0
0
0
0
0
-64
0
414
-724
0
8
-196
0
0
144
0
-140
0
0
0
0
0
0
-108
0
0
-115
0
111
-42
0
0
351
0
0
-126
-55
0
42
-62
-62
-104
0
42
0
0
0
0
0
0
0
0
0
61
0
0
0
0
0
0
0
0
-1192
0
-173
44
0
-54
-371
0
-383
-64
0
12
0
0
0
216
0
193
114
0
6
0
0
0
290
0
64
-106
0
0
0
0
0
-410
0
0
0
0
0
0
0
0
0
0
0
0
0
0
0
0
0
0
0
0
0
0
0
0
-62
0
175
0
-298
0
0
0
0
0
0
0
0
0
0
0
0
0
0
0
0
0
0
63
0
30
0
0
-47
-237
0
-425
0
0
0
0
0
0
0
0
0
0
0
0
0
0
0
0
0
54
-63
0
-55
0
0
0
-56
0
-36
0
0
0
0
0
0
0
0
0
0
58
0
0
0
0
54
0
0
-60
0
-64
0
0
0
18
0
0
0
0
0
0
0
0
0
0
0
232
0
64
0
0
0
502
0
0
-129
0
-412
-64
0
0
-76
0
-877
0
0
0
0
0
-63
0
0
0
-38
0
405
0
0
0
56
0
624
-51
0
0
0
0
0
-4
0
0
-120
0
0
-8
0
0
-62
0
36
334
0
0
81
0
0
92
0
-63
-62
0
0
0
0
0
26
0
0
56
0
0
175
0
0
0
0
0
81
0
0
0
0
0
0
0
0
137
0
132
0
0
0
-1
0
-84
752
0
194
-68
0
42
-19
0
-704
92
0
-63
0
0
0
-108
0
0
0
0
0
0
0
0
0
0
0
0
0
0
0
0
0
0
0
0
0
0
0
0
0
0
0
0
0
0
0
0
0
0
0
0
0
0
0
0
0
0
0
0
0
0
0
0
0
0
0
0
0
0
0
0
0
0
0
0
0
0
0
0
0
0
0
0
0
0
0
0
0
0
0
0
0
0
0
0
0
0
0
0
0
0
0
0
0
0
0
0
0
0
0
0
0
0
0
0
0
0
0
0
0
0
0
92
0
0
0
0
0
0
0
0
0
0
0
0
0
0
0
0
0
0
0
0
0
0
0
110
0
0
-102
0
0
0
0
0
0
0
0
0
0
0
0
0
0
0
0
0
0
0
0
92
0
0
-102
0
0
-112
0
412
0
0
0
0
0
0
0
0
0
60
0
0
92
0
0
245
0
0
24
0
0
100
0
0
487
0
58
0
0
0
0
0
0
0
0
0
0
0
0
0
0
0
63
0
0
-56
0
0
59
0
0
424
0
0
0
0
0
0
0
0
0
0
0
34
0
0
152
0
0
772
0
22
617
0
0
62
0
0
761
0
0
0
0
0
0
0
0
0
0
0
0
0
0
0
0
0
0
0
0
0
0
0
0
0
0
0
0
0
0
0
0
0
0
0
0
0
0
0
0
0
0
0
0
0
0
0
0
0
0
0
0
0
0
0
0
0
0
0
0
0
0
0
0
46
0
0
0
0
0
0
0
0
0
0
0
0
0
0
0
0
0
0
0
0
0
0
0
0
0
0
0
0
0
0
0
0
0
0
0
0
-42
0
0
0
0
0
128
0
54
0
0
0
0
0
0
0
0
0
0
0
0
0
0
0
0
0
0
0
0
0
99
0
0
489
0
0
-62
0
0
0
0
0
-113
0
0
132
0
0
-62
0
0
42
0
0
-144
0
-46
0
0
0
-115
0
553
-1456
0
-142
0
0
-56
-50
0
-48
-47
0
42
0
0
0
0
0
0
-22
0
0
0
0
0
0
0
0
0
0
0
0
0
0
0
0
0
0
0
0
0
-57
0
0
0
0
0
0
0
0
0
0
0
0
0
-905
0
45
0
0
-164
0
0
-44
0
0
0
0
0
0
0
0
0
56
0
0
0
0
0
0
0
0
0
0
0
0
0
0
0
0
0
0
0
0
0
0
0
0
0
0
0
0
0
0
0
0
0
0
0
-64
0
0
0
0
0
0
0
0
0
0
0
0
0
0
0
0
0
0
0
0
0
0
0
0
0
0
0
0
0
0
0
0
-60
0
0
0
0
0
0
0
0
0
0
0
0
0
0
0
0
0
0
0
0
0
0
0
0
0
0
-285
-57
-80
-56
0
0
0
0
0
0
0
0
0
0
0
0
0
0
0
0
0
0
0
0
0
0
0
0
0
-306
0
0
0
0
0
0
0
0
0
0
0
0
0
0
0
-22
0
0
-383
-63
-216
0
0
0
-1304
0
-608
0
0
45
0
0
0
0
0
-26
0
0
0
0
0
0
-28
0
0
-61
0
0
0
0
0
0
0
0
0
0
0
0
0
0
0
0
0
0
0
0
0
0
0
0
0
0
0
0
0
0
0
0
0
0
0
0
0
0
0
0
0
0
0
0
0
0
0
0
0
0
0
0
0
99
0
0
-92
0
0
0
0
0
0
0
0
-62
0
0
0
0
0
0
0
0
0
0
0
0
0
0
-84
0
0
0
0
0
0
0
0
0
0
0
0
0
0
0
0
-40
0
0
0
0
0
0
0
0
0
0
0
0
0
0
0
0
0
0
0
0
0
0
0
0
0
0
0
0
0
0
0
0
0
0
0
0
-32
0
0
0
0
0
0
0
0
0
0
0
0
0
0
0
0
0
0
0
0
0
0
0
0
0
46
0
0
0
0
0
0
0
0
0
0
0
0
0
0
0
-120
0
0
0
0
0
0
0
0
-62
0
0
0
0
0
0
0
0
0
-63
0
0
0
0
0
0
0
0
0
0
0
0
0
0
0
0
0
0
0
0
0
0
0
0
0
-197
0
0
0
0
0
0
0
0
20
0
0
0
0
0
0
0
0
-113
0
0
0
0
0
0
0
0
0
0
0
0
0
0
0
0
0
0
0
0
0
0
0
0
0
0
0
0
0
0
0
0
0
0
0
0
0
0
0
0
0
0
0
0
0
0
0
0
0
0
0
0
0
0
0
0
0
0
0
0
0
0
0
0
0
0
0
0
0
0
0
0
0
0
0
0
0
0
0
0
0
0
0
0
0
0
0
0
0
0
0
0
0
0
0
0
0
0
0
0
0
0
0
0
0
0
0
0
0
0
0
0
0
0
0
0
0
0
0
0
0
0
0
0
0
0
0
0
0
0
0
0
0
0
0
0
0
0
0
0
0
0
0
0
0
0
0
0
0
0
0
0
0
0
0
0
0
0
0
0
0
0
0
0
0
0
-44
0
0
0
0
0
-22
0
0
0
0
0
0
0
0
0
0
0
0
0
0
0
0
0
0
0
0
0
0
0
0
57
0
0
0
0
0
0
0
0
0
0
0
0
0
0
0
0
0
36
0
0
0
0
-22
57
0
0
86
0
0
0
0
0
0
0
0
-16
0
0
0
0
0
0
0
0
282
0
143
-722
-64
0
0
0
0
347
0
42
-70
0
0
0
0
0
-138
0
0
0
0
0
0
0
0
0
0
38
-156
0
0
120
0
0
327
0
0
102
0
0
0
0
0
-64
0
0
83
0
0
0
0
0
16
0
0
-2029
-40
-109
-64
-156
0
-935
0
-118
0
0
0
0
0
0
-176
0
-59
0
0
0
0
0
0
84
0
0
142
0
0
0
0
0
0
0
0
0
0
0
0
0
0
0
0
0
0
0
0
0
0
0
0
0
0
44
0
-50
120
173
0
62
0
-52
0
0
0
0
0
0
0
0
0
0
0
0
0
0
0
0
64
0
38
-125
-80
0
0
0
162
0
-92
0
0
0
0
0
0
0
0
0
0
0
0
0
0
0
0
0
-64
-80
-64
0
0
0
0
0
-50
0
0
0
0
0
0
0
0
0
-52
0
0
0
0
0
0
0
0
0
256
0
0
0
0
0
-59
-171
-400
-58
0
0
0
0
0
-16
0
0
0
0
0
0
0
0
0
0
0
-528
0
-443
0
0
-64
-6140
0
-981
0
0
-52
0
0
-584
-366
0
278
0
0
0
0
0
0
-72
0
2
0
0
0
0
0
0
156
0
0
0
0
0
0
0
0
0
0
0
60
0
0
0
0
0
34
0
0
0
0
0
0
0
0
124
0
0
0
0
0
0
0
0
646
0
0
92
0
0
0
0
0
152
0
0
207
0
0
0
0
0
112
0
0
84
0
0
11
0
0
-170
0
0
245
0
0
63
0
0
772
0
22
0
0
0
0
0
0
0
0
0
0
0
0
0
0
0
0
0
0
0
0
0
0
0
0
0
0
0
0
0
0
0
0
0
0
0
0
0
0
0
0
0
0
0
0
0
0
0
0
0
0
0
0
0
0
0
0
0
0
0
0
0
0
0
0
0
0
0
0
0
0
0
0
0
0
0
0
0
0
0
0
0
-58
0
0
0
0
0
355
0
16
-44
0
0
0
0
0
-223
0
0
0
0
0
0
0
0
132
0
0
0
0
0
0
0
0
776
0
0
0
0
0
0
0
0
-239
0
-154
0
0
0
0
0
0
-62
0
0
-46
0
0
0
0
0
62
0
-80
0
0
0
0
0
0
-291
0
-63
0
0
0
0
0
0
42
0
0
0
0
0
0
0
0
0
0
0
0
0
0
0
0
0
50
0
0
174
0
0
0
0
0
182
0
0
0
0
0
0
0
0
0
0
0
0
0
0
0
0
0
262
0
0
63
0
0
0
0
0
2567
0
52
0
0
0
0
0
0
0
0
0
50
0
0
262
0
0
144
0
0
232
0
0
63
0
0
116
0
50
0
0
0
0
0
0
0
0
0
0
0
0
0
0
0
0
0
0
0
0
0
0
0
0
0
0
0
0
0
0
0
0
0
0
0
0
0
0
0
0
0
0
0
0
0
0
0
0
0
0
0
0
0
0
0
0
0
0
0
0
0
0
0
0
0
0
0
0
0
0
0
0
0
0
0
0
0
0
0
0
0
0
0
0
0
0
0
0
0
0
0
0
0
0
0
0
0
0
0
0
0
0
0
0
0
62
0
0
0
0
0
0
0
0
0
0
0
0
0
0
0
0
0
-52
0
0
0
0
0
0
0
0
122
0
22
0
0
0
0
0
0
-16
0
0
0
0
0
-52
0
0
-568
0
424
0
0
0
0
0
0
90
0
64
-1028
0
6
62
0
64
127
0
62
206
0
184
86
0
-55
6
0
-64
82
0
34
113
0
45
84
0
0
16
0
0
0
44
0
213
0
0
0
0
0
0
0
0
0
0
0
0
0
0
0
0
0
0
0
0
-1789
0
-1105
801
0
-111
498
-128
33
526
0
-33
0
0
0
35
0
56
360
0
63
186
0
0
274
0
0
-230
0
0
122
0
0
62
0
177
144
0
0
90
20
0
-60
0
0
0
0
0
0
0
0
0
0
0
50
0
0
63
0
0
58
0
0
0
0
0
0
0
0
0
0
0
0
0
0
0
0
0
0
0
0
30
0
-102
0
0
-52
-498
0
247
0
0
-114
0
0
-52
0
0
-62
0
0
0
0
0
0
0
0
-56
-138
59
0
-44
0
-64
-273
0
-170
73
0
0
0
0
0
0
0
-34
9
0
0
34
0
-55
52
0
-17
28
0
0
0
0
64
-211
0
-50
0
0
0
0
0
0
0
0
0
0
0
0
64
-57
0
226
0
0
-26
0
-1081
289
59
148
-4660
8
1506
234
0
819
-8
0
158
-233
0
-2
164
0
401
-8
0
20
350
0
1212
102
0
0
0
0
0
248
0
0
223
0
0
158
0
0
359
0
0
24
0
0
-56
0
0
617
0
0
64
0
0
0
0
0
0
0
0
0
0
0
151
0
0
106
0
0
100
0
0
59
0
0
62
0
0
2108
0
0
0
0
0
728
0
0
1319
0
-44
999
0
0
788
0
42
487
0
58
424
0
0
761
0
0
0
0
0
0
0
0
0
0
0
0
0
0
0
0
0
0
0
0
0
0
0
0
0
0
0
0
0
0
0
0
0
0
0
0
0
0
0
0
0
0
0
0
0
0
0
0
0
0
0
0
0
0
0
0
0
0
0
0
0
0
0
0
0
0
0
0
64
112
0
0
0
0
0
0
0
0
0
0
0
0
0
26
0
0
0
0
0
102
0
23
0
0
0
0
0
0
0
0
0
-42
0
0
0
0
0
-144
0
-46
0
0
0
0
0
0
-36
0
0
0
0
0
0
156
0
0
0
0
0
0
0
99
0
0
0
0
0
226
0
56
0
0
0
4
0
148
48
0
239
52
0
128
-64
0
414
128
0
54
489
0
0
-115
0
553
0
0
0
0
0
0
0
0
0
174
0
0
63
0
0
232
0
0
0
0
0
0
0
0
168
0
6
0
0
0
0
0
0
0
0
0
0
0
0
0
0
0
63
0
0
0
0
0
0
0
0
56
0
0
0
0
0
0
0
0
0
0
0
182
0
0
2567
0
52
116
0
50
168
0
6
56
0
0
868
0
0
0
0
0
0
0
0
0
0
0
0
0
0
0
0
0
0
0
0
0
0
0
0
0
0
0
0
0
0
0
0
0
0
0
0
0
0
0
0
0
0
0
0
0
0
0
0
0
0
0
0
0
0
0
0
0
0
0
0
0
0
0
0
0
0
0
0
0
0
0
0
0
0
0
0
0
0
0
0
0
0
0
0
0
0
0
0
0
0
0
0
0
0
0
0
0
0
0
0
0
252
0
0
64
0
0
248
0
102
0
0
0
0
0
0
0
0
0
0
0
0
0
0
0
0
0
0
64
0
0
0
0
0
1082
0
58
0
0
0
36
0
0
282
0
143
62
0
0
122
0
22
90
0
64
248
0
102
1082
0
58
1346
0
1124
-3714
-120
-448
-128
0
-184
26
-50
108
-589
0
-97
148
-23
-2239
188
-64
-164
473
0
84
62
-123
-196
93
0
-346
-128
0
-184
0
0
0
0
0
0
-118
0
0
0
0
0
0
0
0
0
0
-150
0
0
0
0
0
0
26
-50
108
0
0
0
0
-128
0
63
0
147
0
0
-64
-54
0
14
0
0
-13
0
0
0
56
0
138
-180
0
-12
0
0
0
-187
0
-60
781
0
-110
52
0
0
104
0
-46
33
32
68
0
0
0
-48
0
-207
0
0
0
0
0
0
0
0
0
-64
0
0
0
0
0
0
0
0
0
0
0
0
0
-64
0
-46
10
-187
0
-60
0
0
0
0
0
0
-64
0
-49
50
0
-70
-63
0
0
-82
0
-108
0
0
0
128
0
6
0
0
-198
-64
0
0
-106
0
-218
0
0
0
0
0
-62
-230
0
-30
-62
0
0
0
0
-64
-116
0
76
-64
0
0
0
0
0
0
0
0
0
0
0
0
0
0
0
0
0
0
0
0
0
0
0
0
0
-42
-106
0
-218
0
0
0
0
0
236
0
0
295
0
0
0
-63
0
-45
0
0
56
0
0
0
0
0
460
-840
-64
-250
-190
0
-363
-112
0
-18
-418
0
-1441
297
-128
-317
-2474
18
-469
-1109
0
-653
75
0
16
-292
0
-1863
-130
-64
-64
0
0
-106
0
0
-64
-160
0
-524
99
93
0
-136
0
0
0
0
-30
0
0
0
0
0
-223
-502
0
-183
174
-60
-363
0
0
112
-554
0
-381
-12
0
130
-104
-52
-187
-64
0
-48
0
0
0
0
0
-88
-400
0
38
108
0
-58
112
0
-131
2551
152
107
5565
622
-2354
-1717
0
-4202
214
0
136
217
46
-362
-1010
32
-1363
-84
0
0
63
62
-130
0
0
-116
264
0
0
-311
-547
-658
-165
-52
-3866
0
0
0
0
0
-78
0
0
-552
370
0
116
0
0
0
-64
0
-24
0
0
105
108
-177
-1143
-52
18
-1780
0
0
0
-50
0
0
0
0
-761
0
0
-122
0
0
0
-237
0
-296
-58
0
-181
-91
78
-662
-895
-64
-1730
-105
0
-59
50
-64
-265
-528
0
677
0
0
0
0
0
0
-64
0
50
0
0
0
0
138
-236
0
0
-174
-63
0
0
0
-64
0
0
0
-56
-62
0
-37
0
0
-90
-20
0
26
0
-58
599
130
-315
-2661
-285
-36
-2711
-60
0
0
0
0
-404
-399
0
-873
-918
-60
-77
0
0
-193
-851
0
0
344
-64
-21
0
0
0
-1327
0
-188
-246
0
978
-48
0
0
-177
0
-19
-36
0
0
0
0
0
-56
0
0
0
0
0
0
0
0
-104
0
-36
117
0
0
0
0
0
0
0
-46
-384
0
52
0
0
-57
0
36
128
107
-64
-64
0
0
0
0
0
0
64
0
421
0
0
0
0
0
6
-33
0
0
0
0
0
-325
0
-46
0
0
0
0
0
0
-59
-44
-541
-83
-46
0
-69
0
0
-182
0
182
0
0
0
0
0
0
0
0
0
0
0
0
0
0
0
0
0
0
-44
0
0
108
0
-108
0
0
69
170
0
0
0
0
0
0
0
-32
0
0
0
0
0
0
0
0
150
140
0
-140
0
0
44
0
46
83
-112
0
-80
46
0
0
64
0
-8
-191
0
0
155
125
612
40
0
-828
-6
0
0
46
0
0
19
0
177
0
0
0
0
0
0
0
0
0
0
0
0
0
0
0
0
0
-64
0
0
0
0
0
0
0
0
48
-83
0
-62
0
-60
-425
-438
0
-169
79
0
-31
222
-59
-263
-831
-36
-150
-421
0
-64
0
0
-117
-978
0
246
-589
0
-97
-118
0
0
63
0
147
0
82
168
0
-64
-64
-64
63
-50
564
124
337
0
0
0
-25
0
437
148
-23
-2239
0
0
0
0
0
-64
0
-64
-64
0
0
0
0
0
0
245
59
127
0
-44
0
0
0
42
188
-64
-164
0
0
0
-54
0
14
-64
63
-50
0
0
0
0
0
0
0
34
-2
0
0
0
50
64
124
781
0
-110
-64
0
0
-64
0
-49
0
0
230
0
0
0
0
63
8
138
64
390
0
0
0
78
64
-48
52
0
0
0
0
0
50
0
-70
0
0
0
0
0
0
0
0
0
0
52
0
96
-173
-120
176
0
-288
104
0
-46
0
0
0
-63
0
0
0
63
8
0
0
0
126
126
0
0
0
70
0
0
0
0
0
-90
0
0
0
0
0
0
0
0
295
0
0
0
0
0
0
-84
0
56
0
0
0
0
0
0
0
62
300
0
0
-62
0
0
0
0
0
0
0
0
0
0
0
0
0
0
0
0
0
0
0
0
-32
0
0
34
-230
0
-30
0
0
0
-63
0
-45
-84
0
56
0
0
0
-112
0
28
-106
-146
0
0
0
0
0
0
-76
407
0
263
9
0
0
-435
61
178
1264
259
571
628
0
942
-66
50
308
933
-44
-222
0
0
0
-383
0
1437
-514
-355
-779
0
0
0
0
0
0
-196
-1609
-1441
0
0
0
0
0
0
105
4
-533
0
0
0
0
0
-48
144
0
-142
0
0
0
0
-109
-8
64
0
-173
0
0
0
14
0
-42
229
62
-222
0
0
0
78
50
-54
860
0
1321
-92
-64
-64
7
44
113
1504
198
221
1697
2051
733
-749
-544
-1153
760
46
0
-14
0
-196
147
64
-32
0
0
0
0
0
0
0
0
0
0
0
0
0
0
0
0
0
0
0
0
0
0
0
0
0
0
0
-58
0
0
0
0
0
0
0
0
0
0
0
0
0
0
0
150
307
0
0
0
0
0
0
-61
0
-98
-332
0
-79
-57
0
-56
0
0
8
0
0
196
-64
-2
79
-44
127
-471
0
0
0
0
0
-198
-114
0
112
0
0
0
0
0
0
0
0
0
0
0
0
0
0
0
0
0
0
0
0
0
0
0
0
0
0
0
606
0
-48
0
0
-63
0
0
-206
193
-58
-293
-63
98
44
-72
62
-477
-46
0
0
0
0
0
64
0
261
-130
-108
-121
0
0
0
0
0
0
261
316
160
0
0
0
-172
0
0
150
36
831
64
0
0
828
0
-40
-271
0
-48
0
0
0
0
-211
-338
0
93
149
0
0
0
-418
-680
-626
263
59
-222
0
0
0
-612
-125
-155
-6
-57
-823
0
0
0
0
0
0
-36
5
63
0
0
0
0
0
0
31
0
-79
0
0
0
0
0
191
10
0
0
0
0
0
-10
-16
109
0
0
0
0
0
0
218
0
-218
-150
0
0
0
0
0
541
44
59
0
0
0
0
0
0
0
0
0
0
0
0
0
0
0
0
0
0
0
0
0
0
0
0
0
0
0
0
0
0
0
0
0
-52
0
-22
0
0
0
0
0
0
0
0
0
0
0
0
0
0
0
0
0
0
16
0
0
0
0
0
52
-64
0
0
0
0
626
680
418
0
0
172
0
0
0
36
0
104
188
0
1327
0
0
0
0
0
0
0
0
0
0
0
0
0
0
0
0
0
0
0
0
0
0
0
0
0
0
0
-192
-64
-160
0
0
0
-54
-72
-15
-63
-5
36
-149
-93
0
-160
-316
-261
64
64
-107
0
0
0
21
64
-344
473
0
84
0
0
-150
0
0
-13
564
124
337
245
59
127
0
34
-2
760
236
214
44
0
-107
100
0
-42
62
-123
-196
0
0
0
0
0
0
0
0
0
0
-44
0
0
0
0
44
0
-107
0
0
0
0
0
0
93
0
-346
0
0
0
56
0
138
-25
0
437
0
0
42
50
64
124
100
0
-42
0
0
0
0
0
16
33
32
68
0
0
0
-82
0
-108
138
64
390
0
52
0
0
0
70
0
0
216
0
0
0
0
0
48
0
0
0
0
0
-64
0
0
0
0
0
0
96
-173
-120
0
0
0
0
0
0
0
0
0
0
0
0
-48
0
-207
0
-46
10
128
0
6
78
64
-48
176
0
-288
0
0
-90
0
0
48
0
0
0
0
0
56
-62
0
0
0
0
0
0
0
56
0
0
0
0
0
0
-106
-146
0
-32
256
0
56
0
-62
-303
-16
374
0
0
-64
0
0
0
0
0
0
0
0
0
0
0
-32
0
0
0
56
0
-62
0
-88
0
0
0
0
-116
0
76
0
0
-42
0
0
460
0
62
300
0
0
34
0
0
-76
-303
-16
374
0
0
0
-126
0
948
931
0
191
0
0
0
64
0
69
2358
313
770
605
-121
179
112
0
166
525
52
456
0
0
0
36
0
138
0
0
0
0
0
0
0
0
0
-44
63
397
58
63
0
0
0
0
188
63
-10
0
0
0
0
0
0
-28
0
232
0
0
0
0
0
45
493
109
926
112
0
765
107
56
-44
61
0
434
0
0
0
0
0
0
448
0
275
0
0
-3
30
0
514
1726
0
1205
931
411
2276
167
-203
255
-4
0
890
118
0
-62
-63
0
541
0
0
0
0
0
0
0
0
0
0
0
0
0
0
0
0
0
0
0
0
0
0
0
0
0
0
0
190
0
-160
0
0
0
0
0
77
391
0
719
0
0
832
-56
64
-1817
0
0
105
0
0
-48
-58
0
-499
0
0
-102
0
0
0
604
0
50
0
0
0
254
232
50
0
0
-8
661
62
0
177
-55
-1
34
0
174
0
0
0
0
0
0
0
0
0
0
0
0
0
0
0
0
0
0
-16
0
-102
0
0
0
0
0
-42
436
0
-4
0
0
-140
0
0
118
0
0
317
412
530
-201
-68
21
-817
42
125
391
0
0
-350
-43
56
227
95
0
521
0
0
0
0
0
0
15
72
54
0
0
0
0
64
-52
169
0
438
0
0
0
8
0
-64
0
0
0
0
0
0
0
0
0
0
0
0
0
0
0
0
0
0
425
60
0
0
0
0
0
0
-46
111
0
-270
0
0
0
0
0
0
160
64
192
0
0
0
0
0
-16
62
0
83
0
0
0
80
0
112
0
0
0
32
0
0
76
0
-76
22
0
52
0
0
0
-109
16
10
32
0
0
0
0
0
46
0
325
0
0
0
0
0
0
0
0
-32
0
0
0
0
0
0
0
0
0
0
0
0
0
0
0
0
0
0
0
0
0
0
0
0
0
0
0
0
0
0
0
0
0
0
0
-10
0
0
-170
0
0
0
0
0
33
0
0
0
0
0
0
0
0
0
0
0
0
338
211
0
0
0
0
-128
-36
0
0
0
56
0
0
851
0
0
0
0
0
0
0
0
0
0
0
0
0
0
0
0
0
0
57
0
0
0
0
0
193
0
0
270
0
-111
0
0
0
-521
0
-95
823
57
6
48
0
271
121
108
130
-52
0
384
0
0
36
77
60
918
-840
-64
-250
-130
-64
-64
-502
0
-183
407
0
263
-514
-355
-779
144
0
-142
931
0
191
0
0
0
-28
0
232
-190
0
-363
0
0
-106
174
-60
-363
9
0
0
0
0
0
0
0
0
0
0
0
0
0
0
0
0
0
-112
0
-18
0
0
-64
0
0
112
-435
61
178
0
0
0
0
-109
-8
64
0
69
0
0
0
0
0
45
-400
0
38
-84
0
0
370
0
116
860
0
1321
0
0
0
-58
0
0
448
0
275
0
0
0
190
0
-160
108
0
-58
63
62
-130
0
0
0
-92
-64
-64
0
0
0
0
0
0
0
0
-3
0
0
0
0
0
0
112
0
-131
0
0
-116
-64
0
-24
7
44
113
0
0
0
0
0
0
30
0
514
0
0
0
0
0
77
0
0
-122
0
0
0
-62
0
-37
-332
0
-79
0
0
0
606
0
-48
0
0
-102
0
0
0
436
0
-4
0
0
0
0
0
0
0
0
-90
-57
0
-56
0
0
0
0
0
-63
0
0
0
0
0
0
0
0
-140
-237
0
-296
-64
0
50
-20
0
26
0
0
8
0
0
0
0
0
-206
604
0
50
0
0
0
0
0
118
-2058
0
562
119
0
45
-22
0
-62
2519
88
306
2186
-178
-180
-2649
0
-13
756
0
-1707
258
0
0
1286
0
171
119
0
45
0
118
0
-11
-6
-231
383
0
0
638
-155
44
-180
0
267
-85
0
114
0
0
0
110
0
53
-22
0
-62
-11
-6
-231
0
-104
-100
52
-64
63
238
0
-23
46
64
276
58
0
151
0
0
-63
134
0
300
3026
0
0
1476
0
42
-3468
0
95
4049
-206
104
10137
824
-1122
-2486
-104
-615
-295
-32
0
-52
32
173
-142
0
142
1476
0
42
48
0
0
0
-46
-124
5601
58
-1873
1452
1453
-115
-318
-74
-2982
193
0
60
293
0
-293
-173
-32
52
-3468
0
95
0
-46
-124
0
0
-318
1142
98
75
1739
919
-2930
0
-418
-6218
0
0
0
-60
0
-193
0
32
295
0
0
0
0
0
0
126
0
232
-91
0
115
-787
0
-2
-719
0
-1014
-300
0
-134
-53
0
-110
-171
0
-1286
0
0
0
0
0
0
-59
0
-62
-542
0
8
-50
0
-171
-57
64
-863
63
0
0
0
0
0
0
0
-258
126
0
232
-59
0
-62
-20
0
-112
36
34
-873
862
-242
-2140
-69
-160
-1524
-151
0
-58
-114
0
85
1707
0
-756
-227
-56
43
42
0
0
-174
0
-34
-261
0
-64
0
0
0
-112
0
114
873
0
399
56
0
0
-677
0
528
350
0
0
0
0
0
1
55
-177
0
0
0
0
0
0
198
0
0
404
0
0
0
64
0
265
64
-50
-391
-125
-42
102
0
16
0
-62
-661
0
0
46
0
0
0
0
0
0
0
0
60
0
0
63
59
0
105
499
0
58
0
0
0
-541
0
63
98
0
61
0
0
0
32
-64
-147
761
0
0
552
0
0
1363
-32
1010
48
0
0
0
0
0
62
0
-118
0
0
0
0
0
0
196
0
14
0
0
50
78
0
0
362
-46
-217
-105
0
0
0
0
0
-890
0
4
0
0
0
0
0
0
0
-46
-760
0
0
0
0
0
0
-136
0
-214
0
0
0
0
0
0
-138
0
-36
54
-50
-78
48
0
0
-1437
0
383
88
0
0
223
0
0
1863
0
292
0
0
0
0
0
0
0
0
0
0
0
0
0
0
0
0
0
0
0
0
0
0
0
0
-16
0
-75
-434
0
-61
10
-63
-188
-456
-52
-525
222
-62
-229
533
-4
-105
222
44
-933
48
0
64
30
0
0
653
0
1109
-418
0
-1441
-160
0
-524
-554
0
-381
1264
259
571
-196
-1609
-1441
64
0
-173
2358
313
770
-44
63
397
493
109
926
297
-128
-317
99
93
0
-12
0
130
628
0
942
0
0
0
0
0
0
605
-121
179
58
63
0
112
0
765
-2474
18
-469
-136
0
0
-104
-52
-187
-66
50
308
0
0
0
14
0
-42
112
0
166
0
0
0
107
56
-44
2551
152
107
264
0
0
0
0
105
1504
198
221
0
0
0
0
0
0
1726
0
1205
0
0
0
391
0
719
5565
622
-2354
-311
-547
-658
108
-177
-1143
1697
2051
733
0
0
0
0
0
0
931
411
2276
0
0
0
0
0
832
-1717
0
-4202
-165
-52
-3866
-52
18
-1780
-749
-544
-1153
0
0
0
0
150
307
167
-203
255
0
0
0
-56
64
-1817
-58
0
-181
0
0
0
0
-58
599
0
0
196
0
0
0
193
-58
-293
0
0
0
0
0
0
0
0
317
-91
78
-662
0
138
-236
130
-315
-2661
-64
-2
79
0
0
0
-63
98
44
254
232
50
0
0
0
412
530
-201
-895
-64
-1730
0
0
-174
-285
-36
-2711
-44
127
-471
0
0
0
-72
62
-477
0
0
-8
0
0
0
-68
21
-817
2519
88
306
383
0
0
52
-64
63
1518
-112
386
5790
2808
263
897
-34
2101
1524
160
69
863
-64
57
1014
0
719
2186
-178
-180
638
-155
44
238
0
-23
5790
2808
263
10518
0
0
-2251
0
3645
2140
242
-862
171
0
50
2
0
787
-2649
0
-13
-180
0
267
46
64
276
897
-34
2101
-2251
0
3645
-304
100
-3978
873
-34
-36
-8
0
542
-115
0
91
4049
-206
104
5601
58
-1873
1142
98
75
16056
454
4970
16290
4968
3320
-1068
0
1068
6218
418
0
2982
74
318
615
104
2486
10137
824
-1122
1452
1453
-115
1739
919
-2930
16290
4968
3320
-12474
0
12474
-3320
-4968
-16290
2930
-919
-1739
115
-1453
-1452
1122
-824
-10137
-2486
-104
-615
-318
-74
-2982
0
-418
-6218
-1068
0
1068
-3320
-4968
-16290
-4970
-454
-16056
-75
-98
-1142
1873
-58
-5601
-104
206
-4049
-91
0
115
-542
0
8
36
34
-873
3978
-100
304
-3645
0
2251
-2101
34
-897
-276
-64
-46
-267
0
180
13
0
2649
-787
0
-2
-50
0
-171
862
-242
-2140
-3645
0
2251
0
0
-10518
-263
-2808
-5790
23
0
-238
-44
155
-638
180
178
-2186
-719
0
-1014
-57
64
-863
-69
-160
-1524
-2101
34
-897
-263
-2808
-5790
-386
112
-1518
-63
64
-52
0
0
-383
-306
-88
-2519
817
-21
68
0
0
0
8
0
0
477
-62
72
0
0
0
471
-127
44
2711
36
285
174
0
0
1730
64
895
201
-530
-412
0
0
0
-50
-232
-254
-44
-98
63
0
0
0
-79
2
64
2661
315
-130
236
-138
0
662
-78
91
-317
0
0
0
0
0
0
0
0
293
58
-193
0
0
0
-196
0
0
-599
58
0
0
0
0
181
0
58
1817
-64
56
0
0
0
-255
203
-167
-307
-150
0
0
0
0
1153
544
749
1780
-18
52
3866
52
165
4202
0
1717
-832
0
0
0
0
0
-2276
-411
-931
0
0
0
0
0
0
-733
-2051
-1697
1143
177
-108
658
547
311
2354
-622
-5565
-719
0
-391
0
0
0
-1205
0
-1726
0
0
0
0
0
0
-221
-198
-1504
-105
0
0
0
0
-264
-107
-152
-2551
44
-56
-107
0
0
0
-166
0
-112
42
0
-14
0
0
0
-308
-50
66
187
52
104
0
0
136
469
-18
2474
-765
0
-112
0
-63
-58
-179
121
-605
0
0
0
0
0
0
-942
0
-628
-130
0
12
0
-93
-99
317
128
-297
-926
-109
-493
-397
-63
44
-770
-313
-2358
173
0
-64
1441
1609
196
-571
-259
-1264
381
0
554
524
0
160
1441
0
418
-1109
0
-653
0
0
-30
-64
0
-48
933
-44
-222
105
4
-533
229
62
-222
525
52
456
188
63
-10
61
0
434
75
0
16
0
0
0
0
0
0
0
0
0
0
0
0
0
0
0
0
0
0
0
0
0
0
0
0
-292
0
-1863
0
0
-223
0
0
-88
-383
0
1437
0
0
-48
78
50
-54
36
0
138
0
0
0
0
0
0
214
0
136
0
0
0
0
0
0
760
46
0
0
0
0
0
0
0
-4
0
890
0
0
0
0
0
105
217
46
-362
0
0
-78
-50
0
0
-14
0
-196
0
0
0
0
0
0
118
0
-62
0
0
0
0
0
-48
-1010
32
-1363
0
0
-552
0
0
-761
147
64
-32
0
0
0
-61
0
-98
-63
0
541
0
0
0
-58
0
-499
-105
0
-59
-63
0
0
-60
0
0
0
0
0
0
0
0
-46
0
0
661
62
0
-16
0
-102
42
125
391
50
-64
-265
0
-64
0
0
0
-404
0
0
-198
0
0
0
0
0
0
177
-55
-1
0
0
0
0
0
-350
-528
0
677
0
0
-56
-399
0
-873
-114
0
112
0
0
0
64
0
261
34
0
174
0
0
-42
-43
56
227
756
0
-1707
-85
0
114
58
0
151
1524
160
69
2140
242
-862
873
-34
-36
112
0
20
62
0
59
-232
0
-126
258
0
0
0
0
0
0
0
-63
863
-64
57
171
0
50
-8
0
542
62
0
59
0
0
0
0
0
0
1286
0
171
110
0
53
134
0
300
1014
0
719
2
0
787
-115
0
91
-232
0
-126
0
0
0
0
0
0
-295
-32
0
193
0
60
0
0
0
6218
418
0
2930
-919
-1739
-75
-98
-1142
318
0
0
124
46
0
-95
0
3468
-52
32
173
293
0
-293
-60
0
-193
2982
74
318
115
-1453
-1452
1873
-58
-5601
124
46
0
0
0
-48
-42
0
-1476
-142
0
142
-173
-32
52
0
32
295
615
104
2486
1122
-824
-10137
-104
206
-4049
-95
0
3468
-42
0
-1476
0
0
-3026
-300
0
-134
63
0
0
-151
0
-58
-276
-64
-46
23
0
-238
-63
64
-52
100
104
0
231
6
11
62
0
22
-53
0
-110
0
0
0
-114
0
85
-267
0
180
-44
155
-638
0
0
-383
231
6
11
0
-118
0
-45
0
-119
-171
0
-1286
0
0
-258
1707
0
-756
13
0
2649
180
178
-2186
-306
-88
-2519
62
0
22
-45
0
-119
-562
0
2058
-118
0
0
0
0
0
-50
0
-604
206
0
0
0
0
0
-8
0
0
-26
0
20
-50
0
64
296
0
237
140
0
0
0
0
0
0
0
0
63
0
0
0
0
0
56
0
57
90
0
0
0
0
0
0
0
0
4
0
-436
0
0
0
102
0
0
48
0
-606
0
0
0
79
0
332
37
0
62
0
0
0
122
0
0
-77
0
0
0
0
0
-514
0
-30
0
0
0
0
0
0
-113
-44
-7
24
0
64
116
0
0
131
0
-112
0
0
0
0
0
0
3
0
0
0
0
0
0
0
0
64
64
92
0
0
0
130
-62
-63
58
0
-108
160
0
-190
0
0
0
-275
0
-448
0
0
58
0
0
0
-1321
0
-860
-116
0
-370
0
0
84
-38
0
400
-45
0
0
0
0
0
-69
0
-64
8
109
0
0
0
0
-178
-61
435
-112
0
0
64
0
0
18
0
112
0
0
0
0
0
0
0
0
0
0
0
0
0
0
0
0
0
-9
363
60
-174
106
0
0
363
0
190
-232
0
28
0
0
0
-191
0
-931
142
0
-144
779
355
514
-263
0
-407
183
0
502
64
64
130
250
64
840
-918
-60
-77
-36
0
0
-384
0
52
-130
-108
-121
-271
0
-48
-6
-57
-823
95
0
521
0
0
0
111
0
-270
0
0
-193
0
0
0
0
0
-57
0
0
0
0
0
0
0
0
0
0
0
0
0
0
0
0
0
0
-851
0
0
-56
0
0
0
36
128
0
0
0
0
-211
-338
0
0
0
0
0
0
0
0
0
0
0
0
-33
0
0
0
0
0
170
0
0
10
0
0
0
0
0
0
0
0
0
0
0
0
0
0
0
0
0
0
0
0
0
0
0
0
0
0
0
0
0
0
0
0
0
0
0
32
0
0
0
0
0
0
0
0
-325
0
-46
0
0
0
0
0
-32
-10
-16
109
0
0
0
-52
0
-22
76
0
-76
0
0
-32
0
0
0
-112
0
-80
0
0
0
-83
0
-62
16
0
0
0
0
0
-192
-64
-160
0
0
0
0
0
0
270
0
-111
46
0
0
0
0
0
0
-60
-425
0
0
0
0
0
0
0
0
0
0
0
0
0
0
0
0
0
0
64
0
-8
0
0
0
-438
0
-169
52
-64
0
0
0
0
-54
-72
-15
0
0
0
0
0
0
-521
0
-95
-227
-56
43
350
0
0
-391
-125
-42
817
-21
68
201
-530
-412
-317
0
0
-118
0
0
140
0
0
4
0
-436
42
0
0
0
0
0
102
0
16
0
0
0
0
0
0
0
0
0
0
0
0
0
0
0
0
0
0
-174
0
-34
1
55
-177
0
-62
-661
8
0
0
-50
-232
-254
0
0
0
-50
0
-604
0
0
0
102
0
0
499
0
58
48
0
0
-105
0
0
1817
-64
56
-832
0
0
-719
0
-391
-77
0
0
0
0
0
160
0
-190
0
0
0
0
0
0
0
0
0
0
0
0
0
0
0
0
0
0
0
0
0
0
0
0
0
0
0
-541
0
63
62
0
-118
-890
0
4
-255
203
-167
-2276
-411
-931
-1205
0
-1726
-514
0
-30
3
0
0
-275
0
-448
0
0
0
0
0
0
-434
0
-61
44
-56
-107
-765
0
-112
-926
-109
-493
-45
0
0
0
0
0
-232
0
28
0
0
0
0
0
0
10
-63
-188
0
0
0
0
-63
-58
-397
-63
44
0
0
0
0
0
0
0
0
0
-138
0
-36
0
0
0
-456
-52
-525
-166
0
-112
-179
121
-605
-770
-313
-2358
-69
0
-64
0
0
0
-191
0
-931
-948
0
126
0
0
0
-374
16
303
76
0
0
-34
0
0
-300
-62
0
-460
0
0
42
0
0
-76
0
116
0
0
0
0
88
0
62
0
-56
0
0
0
32
0
0
0
0
0
0
0
0
0
0
0
64
0
0
-374
16
303
62
0
-56
0
-256
32
0
146
106
0
0
0
0
0
0
-56
0
0
0
0
0
0
0
62
-56
0
0
0
0
0
-48
0
0
90
0
0
288
0
-176
48
-64
-78
-6
0
-128
-10
46
0
207
0
48
0
0
0
0
0
0
0
0
0
0
0
0
120
173
-96
0
0
0
0
0
0
64
0
0
0
0
0
-48
0
0
0
0
0
-216
0
0
-70
0
0
0
-52
0
-390
-64
-138
108
0
82
0
0
0
-68
-32
-33
-16
0
0
0
0
0
42
0
-100
-124
-64
-50
-42
0
0
-437
0
25
-138
0
-56
0
0
0
346
0
-93
0
0
0
0
0
0
107
0
-44
0
0
0
0
44
0
0
0
0
0
0
0
0
0
0
196
123
-62
42
0
-100
107
0
-44
-214
-236
-760
2
-34
0
-127
-59
-245
-337
-124
-564
13
0
0
150
0
0
-84
0
-473
344
-64
-21
0
0
0
107
-64
-64
261
316
160
0
93
149
-36
5
63
15
72
54
0
0
0
160
64
192
0
0
0
0
0
0
0
0
0
0
0
0
0
0
0
0
0
0
0
0
0
0
0
0
0
0
0
-1327
0
-188
-104
0
-36
0
0
0
-172
0
0
-418
-680
-626
0
0
0
0
64
-52
0
0
0
0
0
-16
0
0
0
0
0
0
0
0
0
0
0
0
0
0
0
0
0
0
22
0
52
0
0
0
0
0
0
0
0
0
0
0
0
0
0
0
0
0
0
0
0
0
0
0
0
0
0
0
0
0
0
0
0
0
-59
-44
-541
0
0
0
0
0
150
218
0
-218
0
0
0
0
0
0
-109
16
10
0
0
0
0
0
-10
-191
0
0
0
0
0
79
0
-31
0
0
0
0
0
0
-63
-5
36
0
0
0
0
0
0
823
57
6
155
125
612
0
0
0
222
-59
-263
626
680
418
0
0
0
-149
-93
0
338
211
0
0
0
0
48
0
271
40
0
-828
0
0
-64
-831
-36
-150
0
0
172
0
0
0
-160
-316
-261
0
0
0
0
0
0
121
108
130
-261
0
-64
0
0
0
0
0
46
477
-62
72
-44
-98
63
293
58
-193
206
0
0
63
0
0
48
0
-606
0
0
0
0
0
0
0
0
0
0
0
0
0
0
0
0
0
0
0
0
0
0
0
0
0
0
0
-112
0
114
198
0
0
0
0
0
471
-127
44
-79
2
64
-196
0
0
-8
0
0
56
0
57
79
0
332
98
0
61
0
0
0
0
0
0
-307
-150
0
0
0
0
0
0
0
0
0
0
0
0
0
0
0
58
0
0
0
0
0
0
0
0
0
0
0
0
0
0
0
0
0
0
0
0
0
0
0
0
0
0
0
32
-64
-147
196
0
14
0
-46
-760
1153
544
749
-733
-2051
-1697
-221
-198
-1504
-113
-44
-7
64
64
92
-1321
0
-860
54
-50
-78
0
0
0
222
-62
-229
42
0
-14
0
0
0
173
0
-64
8
109
0
0
0
0
142
0
-144
48
0
0
0
0
0
533
-4
-105
0
0
0
0
0
0
1441
1609
196
0
0
0
0
0
0
779
355
514
-1437
0
383
0
0
0
222
44
-933
-308
-50
66
-942
0
-628
-571
-259
-1264
-178
-61
435
0
0
-9
-263
0
-407
76
0
0
0
0
0
0
146
106
-28
0
112
0
0
0
-56
0
84
45
0
63
0
0
0
30
0
230
-34
0
0
32
0
0
0
0
0
0
0
0
0
0
0
0
0
0
0
0
0
0
0
0
62
0
0
-300
-62
0
0
0
0
0
0
0
-56
0
84
0
0
0
0
0
0
-295
0
0
0
0
0
0
0
0
90
0
0
0
0
0
-70
0
0
0
-126
-126
0
0
0
-8
-63
0
0
0
63
0
0
0
46
0
-104
288
0
-176
120
173
-96
0
-52
0
0
0
0
0
0
0
0
0
0
70
0
-50
0
0
0
0
0
-52
48
-64
-78
0
0
0
-390
-64
-138
-8
-63
0
0
0
0
-230
0
0
49
0
64
0
0
64
110
0
-781
-124
-64
-50
0
0
0
2
-34
0
0
0
0
0
0
0
50
-63
64
-14
0
54
0
0
0
164
64
-188
-42
0
0
0
44
0
-127
-59
-245
0
0
0
0
0
0
64
64
0
64
0
0
0
0
0
2239
23
-148
-437
0
25
0
0
0
-337
-124
-564
50
-63
64
64
64
0
-168
-82
0
-147
0
-63
0
0
118
97
0
589
-246
0
978
117
0
0
64
0
421
150
36
831
263
59
-222
31
0
-79
169
0
438
425
60
0
62
0
83
-48
0
0
0
0
0
0
0
0
64
0
0
0
0
0
0
0
0
0
0
0
0
0
0
0
0
0
-177
0
-19
0
0
-46
0
0
6
828
0
-40
-612
-125
-155
0
0
191
8
0
-64
0
0
-46
80
0
112
-83
-46
0
-44
0
0
140
0
-140
-150
0
0
0
0
0
0
0
0
32
0
0
0
0
0
0
0
-170
-69
0
0
108
0
-108
0
0
44
0
0
0
0
0
0
0
0
0
0
0
0
0
0
0
0
0
0
-182
0
182
0
0
69
0
46
83
541
44
59
0
0
0
0
0
0
46
0
325
0
0
0
0
0
33
-6
0
0
0
0
0
-421
0
-64
0
0
0
0
0
0
64
64
-107
-128
-36
0
57
0
0
-52
0
384
46
0
0
0
0
0
0
0
-117
36
0
104
0
0
0
0
0
0
0
0
56
0
0
0
0
0
36
19
0
177
0
0
48
-978
0
246
188
0
1327
0
0
0
21
64
-344
0
0
851
193
0
0
77
60
918
873
0
399
404
0
0
0
0
60
2711
36
285
2661
315
-130
-599
58
0
-26
0
20
90
0
0
37
0
62
56
0
0
0
64
0
0
0
63
174
0
0
236
-138
0
0
0
0
-50
0
64
0
0
0
0
0
0
-677
0
528
265
64
-50
59
0
105
1730
64
895
662
-78
91
181
0
58
296
0
237
0
0
0
122
0
0
761
0
0
0
0
50
0
0
0
1780
-18
52
1143
177
-108
-105
0
0
24
0
64
0
0
0
-116
0
-370
552
0
0
78
0
0
0
0
0
3866
52
165
658
547
311
0
0
-264
116
0
0
130
-62
-63
0
0
84
1363
-32
1010
362
-46
-217
-136
0
-214
4202
0
1717
2354
-622
-5565
-107
-152
-2551
131
0
-112
58
0
-108
-38
0
400
88
0
0
0
0
0
48
0
64
187
52
104
-130
0
12
381
0
554
-112
0
0
363
60
-174
183
0
502
223
0
0
0
0
0
30
0
0
0
0
136
0
-93
-99
524
0
160
64
0
0
106
0
0
64
64
130
1863
0
292
-16
0
-75
653
0
1109
469
-18
2474
317
128
-297
1441
0
418
18
0
112
363
0
190
250
64
840
-460
0
0
0
0
0
-56
0
0
45
0
63
0
0
0
-295
0
0
-236
0
0
0
0
0
218
0
106
42
0
0
0
0
0
0
0
0
0
0
0
0
0
0
0
0
0
0
0
0
0
0
0
0
0
64
-76
0
116
64
0
0
0
0
62
30
0
230
62
0
0
0
0
0
218
0
106
0
0
64
198
0
0
-6
0
-128
0
0
0
108
0
82
0
0
63
70
0
-50
49
0
64
0
0
0
0
0
0
60
0
187
-10
46
0
64
0
0
0
0
0
0
0
0
0
0
0
0
0
64
0
0
0
0
0
0
0
0
0
207
0
48
0
0
0
-68
-32
-33
46
0
-104
0
0
-52
110
0
-781
60
0
187
0
0
0
12
0
180
-138
0
-56
0
0
0
13
0
0
-14
0
54
64
0
0
-147
0
-63
0
128
0
0
0
0
-108
50
-26
0
0
0
0
0
0
150
0
0
0
0
0
0
0
0
0
0
118
0
0
0
0
0
0
184
0
128
346
0
-93
196
123
-62
-84
0
-473
164
64
-188
2239
23
-148
97
0
589
-108
50
-26
184
0
128
448
120
3714
-1124
0
-1346
-58
0
-1082
-102
0
-248
-64
0
-90
-22
0
-122
0
0
-62
-143
0
-282
0
0
-36
0
0
0
-58
0
-1082
0
0
0
0
0
-64
0
0
0
0
0
0
0
0
0
0
0
0
0
0
0
0
0
0
-102
0
-248
0
0
-64
0
0
-252
0
0
0
0
0
0
0
0
0
0
0
0
0
0
0
0
0
0
0
0
0
0
0
0
0
0
0
0
0
0
0
0
0
0
0
0
0
0
0
0
0
0
0
0
0
0
0
0
0
0
0
0
0
0
0
0
0
0
0
0
0
0
0
0
0
0
0
0
0
0
0
0
0
0
0
0
0
0
0
0
0
0
0
0
0
0
0
0
0
0
0
0
0
0
0
0
0
0
0
0
0
-868
0
0
-56
-6
0
-168
-50
0
-116
-52
0
-2567
0
0
-182
0
0
0
0
0
0
0
0
0
0
0
-56
0
0
0
0
0
0
0
0
-63
0
0
0
0
0
0
0
0
0
0
0
0
0
0
0
-6
0
-168
0
0
0
0
0
0
0
0
-232
0
0
-63
0
0
-174
0
0
0
0
0
0
0
0
0
-553
0
115
0
0
-489
-54
0
-128
-414
0
64
-128
0
-52
-239
0
-48
-148
0
-4
0
0
0
-56
0
-226
0
0
0
0
0
-99
0
0
0
0
0
0
0
-156
0
0
0
0
0
0
36
0
0
0
0
0
0
46
0
144
0
0
0
0
0
42
0
0
0
0
0
0
0
0
0
-23
0
-102
0
0
0
0
0
-26
0
0
0
0
0
0
0
0
0
0
0
0
0
-112
-64
0
0
0
0
0
0
0
0
0
0
0
0
0
0
0
0
0
0
0
0
0
0
0
0
0
0
0
0
0
0
0
0
0
0
0
0
0
0
0
0
0
0
0
0
0
0
0
0
0
0
0
0
0
0
0
0
0
0
0
0
0
0
0
0
0
0
0
0
-761
0
0
-424
-58
0
-487
-42
0
-788
0
0
-999
44
0
-1319
0
0
-728
0
0
0
0
0
-2108
0
0
-62
0
0
-59
0
0
-100
0
0
-106
0
0
-151
0
0
0
0
0
0
0
0
0
0
0
-64
0
0
-617
0
0
56
0
0
-24
0
0
-359
0
0
-158
0
0
-223
0
0
-248
0
0
0
0
0
-102
-1212
0
-350
-20
0
8
-401
0
-164
2
0
233
-158
0
8
-819
0
-234
-1506
-8
4660
-148
-59
-289
1081
0
26
0
0
-226
0
57
-64
0
0
0
0
0
0
0
0
0
0
0
0
50
0
211
-64
0
0
0
0
-28
17
0
-52
55
0
-34
0
0
-9
34
0
0
0
0
0
0
0
-73
170
0
273
64
0
44
0
-59
138
56
0
0
0
0
0
0
0
0
62
0
0
52
0
0
114
0
0
-247
0
498
52
0
0
102
0
-30
0
0
0
0
0
0
0
0
0
0
0
0
0
0
0
0
0
0
0
0
-58
0
0
-63
0
0
-50
0
0
0
0
0
0
0
0
0
0
0
60
0
-20
-90
0
0
-144
-177
0
-62
0
0
-122
0
0
230
0
0
-274
0
0
-186
-63
0
-360
-56
0
-35
0
0
0
33
0
-526
-33
128
-498
111
0
-801
1105
0
1789
0
0
0
0
0
0
0
0
0
0
0
0
0
0
0
0
0
0
0
0
-213
0
-44
0
0
0
-16
0
0
-84
-45
0
-113
-34
0
-82
64
0
-6
55
0
-86
-184
0
-206
-62
0
-127
-64
0
-62
-6
0
1028
-64
0
-90
0
0
0
0
0
0
-424
0
568
0
0
52
0
0
0
0
0
16
0
0
0
0
0
0
-22
0
-122
0
0
0
0
0
0
0
0
52
0
0
0
0
0
0
0
0
0
0
0
0
0
0
0
0
0
-62
0
0
0
0
0
0
0
0
0
0
0
0
0
0
0
0
0
0
0
0
0
0
0
0
0
0
0
0
0
0
0
0
0
0
0
0
0
0
0
0
0
0
0
0
0
0
0
0
0
0
0
0
0
0
0
0
0
0
0
0
0
0
0
0
0
0
0
0
0
0
0
0
0
0
0
0
0
0
0
0
0
0
0
0
0
0
0
0
0
0
0
0
0
0
0
0
0
0
0
0
0
0
0
0
0
-50
0
-116
0
0
-63
0
0
-232
0
0
-144
0
0
-262
0
0
-50
0
0
0
0
0
0
0
0
0
-52
0
-2567
0
0
0
0
0
-63
0
0
-262
0
0
0
0
0
0
0
0
0
0
0
0
0
0
0
0
0
-182
0
0
0
0
0
-174
0
0
-50
0
0
0
0
0
0
0
0
0
0
0
0
0
0
0
0
0
-42
0
0
0
0
0
0
63
0
291
0
0
0
0
0
0
80
0
-62
0
0
0
0
0
46
0
0
62
0
0
0
0
0
0
154
0
239
0
0
0
0
0
0
0
0
-776
0
0
0
0
0
0
0
0
-132
0
0
0
0
0
0
0
0
223
0
0
0
0
0
44
-16
0
-355
0
0
0
0
0
58
0
0
0
0
0
0
0
0
0
0
0
0
0
0
0
0
0
0
0
0
0
0
0
0
0
0
0
0
0
0
0
0
0
0
0
0
0
0
0
0
0
0
0
0
0
0
0
0
0
0
0
0
0
0
0
0
0
0
0
0
0
0
0
0
0
0
0
0
0
0
0
0
0
0
0
0
0
0
0
0
0
-22
0
-772
0
0
-63
0
0
-245
0
0
170
0
0
-11
0
0
-84
0
0
-112
0
0
0
0
0
-207
0
0
-152
0
0
0
0
0
-92
0
0
-646
0
0
0
0
0
0
0
0
-124
0
0
0
0
0
0
0
0
-34
0
0
0
0
0
-60
0
0
0
0
0
0
0
0
0
0
0
-156
0
0
0
0
0
0
-2
0
72
0
0
0
0
0
0
-278
0
366
584
0
0
52
0
0
981
0
6140
64
0
0
443
0
528
0
0
0
0
0
0
0
0
0
0
0
16
0
0
0
0
0
58
400
171
59
0
0
0
0
0
-256
0
0
0
0
0
0
0
0
0
52
0
0
0
0
0
0
0
0
0
50
0
0
0
0
0
64
80
64
0
0
0
0
0
0
0
0
0
0
0
0
0
0
0
0
0
92
0
-162
0
0
0
80
125
-38
0
-64
0
0
0
0
0
0
0
0
0
0
0
0
0
0
0
0
52
0
-62
0
-173
-120
50
0
-44
0
0
0
0
0
0
0
0
0
0
0
0
0
0
0
0
0
0
0
0
0
0
0
0
0
0
-142
0
0
-84
0
0
0
0
0
0
59
0
176
0
0
0
0
0
0
118
0
935
0
156
64
109
40
2029
0
0
-16
0
0
0
0
0
-83
0
0
64
0
0
0
0
0
-102
0
0
-327
0
0
-120
0
0
156
-38
0
0
0
0
0
0
0
0
0
0
138
0
0
0
0
0
70
-42
0
-347
0
0
0
0
64
722
-143
0
-282
0
0
0
0
0
0
0
0
16
0
0
0
0
0
0
0
0
-86
0
0
-57
22
0
0
0
0
-36
0
0
0
0
0
0
0
0
0
0
0
0
0
0
0
0
0
-57
0
0
0
0
0
0
0
0
0
0
0
0
0
0
0
0
0
0
0
0
0
0
0
0
22
0
0
0
0
0
44
0
0
0
0
0
0
0
0
0
0
0
0
0
0
0
0
0
0
0
0
0
0
0
0
0
0
0
0
0
0
0
0
0
0
0
0
0
0
0
0
0
0
0
0
0
0
0
0
0
0
0
0
0
0
0
0
0
0
0
0
0
0
0
0
0
0
0
0
0
0
0
0
0
0
0
0
0
0
0
0
0
0
0
0
0
0
0
0
0
0
0
0
0
0
0
0
0
0
0
0
0
0
0
0
0
0
0
0
0
0
0
0
0
0
0
0
0
0
0
0
0
0
0
0
0
0
0
0
0
0
0
0
0
0
0
0
0
0
0
0
0
0
0
0
0
0
0
0
0
0
0
0
0
0
0
0
0
0
0
0
0
0
0
0
0
0
113
0
0
0
0
0
0
0
0
-20
0
0
0
0
0
0
0
0
197
0
0
0
0
0
0
0
0
0
0
0
0
0
0
0
0
0
0
0
0
0
0
0
0
0
63
0
0
0
0
0
0
0
0
0
62
0
0
0
0
0
0
0
0
120
0
0
0
0
0
0
0
0
0
0
0
0
0
0
0
-46
0
0
0
0
0
0
0
0
0
0
0
0
0
0
0
0
0
0
0
0
0
0
0
0
0
32
0
0
0
0
0
0
0
0
0
0
0
0
0
0
0
0
0
0
0
0
0
0
0
0
0
0
0
0
0
0
0
0
0
0
0
0
40
0
0
0
0
0
0
0
0
0
0
0
0
0
0
0
0
84
0
0
0
0
0
0
0
0
0
0
0
0
0
0
62
0
0
0
0
0
0
0
0
92
0
0
-99
0
0
0
0
0
0
0
0
0
0
0
0
0
0
0
0
0
0
0
0
0
0
0
0
0
0
0
0
0
0
0
0
0
0
0
0
0
0
0
0
0
0
0
0
0
0
0
0
0
0
0
0
0
61
0
0
28
0
0
0
0
0
0
26
0
0
0
0
0
-45
0
0
608
0
1304
0
0
0
216
63
383
0
0
22
0
0
0
0
0
0
0
0
0
0
0
0
0
0
0
306
0
0
0
0
0
0
0
0
0
0
0
0
0
0
0
0
0
0
0
0
0
0
0
0
0
56
80
57
285
0
0
0
0
0
0
0
0
0
0
0
0
0
0
0
0
0
0
0
0
0
0
0
0
0
0
60
0
0
0
0
0
0
0
0
0
0
0
0
0
0
0
0
0
0
0
0
0
0
0
0
0
0
0
0
0
0
0
0
64
0
0
0
0
0
0
0
0
0
0
0
0
0
0
0
0
0
0
0
0
0
0
0
0
0
0
0
0
0
0
0
0
0
0
0
-56
0
0
0
0
0
0
0
0
0
44
0
0
164
0
0
-45
0
905
0
0
0
0
0
0
0
0
0
0
0
0
0
57
0
0
0
0
0
0
0
0
0
0
0
0
0
0
0
0
0
0
0
0
0
22
0
0
0
0
0
0
-42
0
47
48
0
50
56
0
0
142
0
1456
-553
0
115
0
0
0
46
0
144
0
0
-42
0
0
62
0
0
-132
0
0
113
0
0
0
0
0
62
0
0
-489
0
0
-99
0
0
0
0
0
0
0
0
0
0
0
0
0
0
0
0
0
0
0
0
0
-54
0
-128
0
0
0
0
0
42
0
0
0
0
0
0
0
0
0
0
0
0
0
0
0
0
0
0
0
0
0
0
0
0
0
0
0
0
0
0
0
0
0
0
0
0
-46
0
0
0
0
0
0
0
0
0
0
0
0
0
0
0
0
0
0
0
0
0
0
0
0
0
0
0
0
0
0
0
0
0
0
0
0
0
0
0
0
0
0
0
0
0
0
0
0
0
0
0
0
0
0
0
0
0
0
0
0
0
0
0
0
-761
0
0
-62
0
0
-617
-22
0
-772
0
0
-152
0
0
-34
0
0
0
0
0
0
0
0
0
0
0
-424
0
0
-59
0
0
56
0
0
-63
0
0
0
0
0
0
0
0
0
0
0
0
0
0
0
-58
0
-487
0
0
-100
0
0
-24
0
0
-245
0
0
-92
0
0
-60
0
0
0
0
0
0
0
0
0
-412
0
112
0
0
102
0
0
-92
0
0
0
0
0
0
0
0
0
0
0
0
0
0
0
0
0
0
0
0
102
0
0
-110
0
0
0
0
0
0
0
0
0
0
0
0
0
0
0
0
0
0
0
0
0
0
0
-92
0
0
0
0
0
0
0
0
0
0
0
0
0
0
0
0
0
0
0
0
0
0
0
0
0
0
0
0
0
0
0
0
0
0
0
0
0
0
0
0
0
0
0
0
0
0
0
0
0
0
0
0
0
0
0
0
0
0
0
0
0
0
0
0
0
0
0
0
0
0
0
0
0
0
0
0
0
0
0
0
0
0
0
0
0
0
0
0
0
0
0
0
0
0
0
0
0
0
0
0
0
0
0
0
0
0
0
108
0
0
0
63
0
-92
704
0
19
-42
0
68
-194
0
-752
84
0
1
0
0
0
-132
0
-137
0
0
0
0
0
0
0
0
-81
0
0
0
0
0
-175
0
0
-56
0
0
-26
0
0
0
0
0
62
63
0
-92
0
0
-81
0
0
-334
-36
0
62
0
0
8
0
0
120
0
0
4
0
0
0
0
0
51
-624
0
-56
0
0
0
-405
0
38
0
0
0
63
0
0
0
0
0
877
0
76
0
0
64
412
0
129
0
0
-502
0
0
0
-64
0
-232
0
0
0
0
0
0
0
0
0
0
0
-18
0
0
0
64
0
60
0
0
-54
0
0
0
0
-58
0
0
0
0
0
0
0
0
0
0
36
0
56
0
0
0
55
0
63
-54
0
0
0
0
0
0
0
0
0
0
0
0
0
0
0
0
0
425
0
237
47
0
0
-30
0
-63
0
0
0
0
0
0
0
0
0
0
0
0
0
0
0
0
0
0
298
0
-175
0
62
0
0
0
0
0
0
0
0
0
0
0
0
0
0
0
0
0
0
0
0
0
0
0
0
410
0
0
0
0
0
106
-64
0
-290
0
0
0
-6
0
-114
-193
0
-216
0
0
0
-12
0
64
383
0
371
54
0
-44
173
0
1192
0
0
0
0
0
0
0
0
-61
0
0
0
0
0
0
0
0
0
-42
0
104
62
62
-42
0
55
126
0
0
-351
0
0
42
-111
0
115
0
0
108
0
0
0
0
0
0
140
0
-144
0
0
196
-8
0
724
-414
0
64
0
0
0
0
0
0
63
0
291
154
0
239
0
0
223
0
0
-20
0
0
0
0
0
120
-128
0
-52
0
-156
0
0
0
0
0
0
0
0
0
0
0
0
0
0
0
0
0
0
0
0
0
0
-239
0
-48
0
0
0
0
0
0
0
0
0
0
0
0
0
0
44
0
0
0
0
0
0
0
0
0
0
0
0
0
0
0
0
0
0
0
0
0
0
0
0
0
0
0
0
0
0
0
0
0
40
0
0
0
-112
-64
0
0
0
0
0
0
0
0
0
0
0
0
0
0
0
0
0
0
0
0
0
0
0
0
0
0
0
0
0
0
0
0
0
0
0
0
0
0
0
0
0
0
0
0
0
0
0
0
0
0
0
-42
0
-788
0
0
-106
0
0
-359
0
0
170
0
0
-646
0
0
0
0
0
0
0
0
0
0
0
0
0
0
-999
0
0
-151
0
0
-158
0
0
-11
0
0
0
0
0
0
0
0
62
0
0
0
0
0
0
44
0
-1319
0
0
0
0
0
-223
0
0
-84
0
0
0
0
0
0
0
0
0
0
0
0
0
0
0
0
0
0
0
0
0
0
0
0
0
0
0
0
0
0
0
0
0
0
0
0
0
0
0
0
0
0
0
0
0
0
0
0
0
0
0
0
0
0
0
0
0
0
0
0
0
0
0
0
0
0
0
0
0
0
0
0
0
0
0
0
0
0
0
0
0
0
0
0
0
0
0
0
0
0
0
0
0
0
0
0
0
0
0
0
0
0
0
0
0
0
0
0
0
0
0
0
0
0
0
0
0
0
0
0
0
0
0
0
0
0
0
0
0
0
0
0
0
0
0
0
0
0
0
0
0
0
0
0
0
0
0
0
0
0
0
0
0
0
0
0
0
0
0
0
0
0
0
0
0
0
0
0
0
0
0
0
0
0
0
0
0
704
0
19
0
0
0
-36
0
62
-450
0
152
24
0
0
-96
0
1138
-21
0
-49
0
0
0
0
0
51
-42
0
68
0
0
-175
0
0
8
24
0
0
0
0
-168
0
0
-190
0
0
-963
0
0
-44
0
0
-26
-194
0
-752
0
0
-56
0
0
120
-96
0
1138
0
0
-190
0
0
-168
0
0
48
0
0
0
-46
0
-98
-186
0
0
0
0
0
0
0
0
0
0
0
0
0
0
0
0
0
729
0
122
160
0
182
79
0
383
63
0
0
0
0
0
0
0
0
0
0
0
0
0
0
0
0
0
383
0
0
0
221
0
202
0
0
64
0
0
0
0
0
0
0
0
0
0
0
0
0
0
0
0
0
66
0
-44
64
0
0
0
0
64
0
0
0
0
0
0
0
0
0
0
0
0
0
0
0
0
0
0
1280
0
483
219
0
0
56
0
197
-64
-50
-50
0
0
0
0
0
0
0
0
0
0
0
0
0
0
0
1024
216
-393
162
-254
-282
0
0
-511
0
0
0
0
0
0
0
0
0
0
0
0
0
0
0
0
0
0
-368
-209
-1193
0
0
-52
-75
128
-1678
-110
0
396
0
0
0
0
0
0
0
0
372
0
0
0
-334
0
4
83
0
4223
112
0
106
1264
0
3037
0
0
-56
0
0
0
0
0
-57
0
0
16
0
0
0
0
0
0
178
112
-130
0
95
107
236
183
-239
-44
0
-376
0
0
0
-194
0
-111
0
0
-185
0
0
0
0
0
-50
-817
0
-537
0
161
-42
-296
-103
-16
-148
0
-4
0
0
36
-23
0
-102
80
0
-62
0
0
-776
-16
0
-355
0
0
197
0
63
0
0
0
0
0
0
0
0
0
0
0
0
0
0
0
0
0
0
0
0
0
0
0
0
0
0
0
0
0
0
0
-56
0
-226
0
0
0
0
0
-26
0
0
46
0
0
0
0
0
58
0
0
0
0
0
0
0
0
0
0
0
0
0
0
0
0
0
0
0
0
0
0
0
0
0
0
0
0
0
0
0
0
0
0
0
0
0
0
0
0
0
0
0
0
0
0
0
0
0
0
0
0
0
0
0
0
0
0
0
0
0
0
0
0
0
0
0
0
0
0
0
0
0
0
0
0
0
0
0
0
0
0
0
32
0
0
0
0
0
84
0
0
-728
0
0
0
0
0
-248
0
0
-112
0
0
-124
0
0
-156
0
0
0
0
0
0
0
0
0
0
0
0
0
0
0
0
0
0
0
0
0
0
0
0
0
0
0
0
0
92
0
0
0
0
0
0
0
0
-2108
0
0
-64
0
0
-102
0
0
-207
0
0
0
0
0
0
0
0
-99
0
0
0
0
0
61
0
0
0
0
0
0
0
0
0
0
0
0
0
0
0
0
0
0
0
0
0
0
0
0
0
0
0
0
0
0
0
0
0
0
0
0
0
0
0
0
0
0
0
0
0
0
0
0
0
0
0
0
0
0
0
0
0
0
0
0
0
0
0
0
0
0
0
0
0
0
0
0
0
0
0
0
0
0
0
0
0
0
0
0
0
0
0
0
0
0
0
0
0
0
0
0
0
0
0
0
0
0
0
0
0
0
0
0
0
0
0
0
0
0
0
0
0
0
0
0
0
0
0
0
0
0
0
0
0
0
0
0
0
0
0
0
0
0
0
0
0
0
0
0
0
0
0
0
0
0
0
0
0
0
0
0
0
0
0
0
0
0
84
0
1
0
0
-26
0
0
4
-21
0
-49
0
0
-963
0
0
48
0
0
8
0
0
48
0
0
0
0
0
0
0
0
0
0
0
0
0
0
0
0
0
-44
0
0
0
0
0
48
0
0
0
0
0
0
-132
0
-137
0
0
62
0
0
51
0
0
51
0
0
-26
-46
0
-98
0
0
0
0
0
0
0
0
288
22
0
0
0
0
0
0
0
0
0
0
0
0
0
0
0
0
0
898
52
-18
192
64
0
132
0
0
0
0
0
0
0
0
0
0
0
0
0
0
64
0
0
0
0
0
0
0
0
0
0
0
0
0
0
28
0
0
0
0
0
0
0
0
0
0
0
0
0
0
0
0
64
0
0
52
0
0
0
22
64
0
0
0
0
0
0
0
0
0
0
0
0
0
0
0
0
0
0
0
-56
0
835
0
0
0
0
0
0
0
0
0
0
0
0
0
0
0
0
0
0
0
0
0
0
0
0
158
0
0
0
59
0
0
0
-50
0
0
0
0
0
0
0
0
0
0
0
0
0
0
0
0
0
0
-14
0
-173
0
0
0
0
0
-347
66
0
0
0
0
0
0
0
-50
0
0
-36
0
0
0
0
0
-62
-201
0
900
156
0
-163
425
0
985
0
0
22
0
0
0
0
0
0
0
0
0
0
0
0
0
0
0
213
36
39
64
159
0
-45
0
218
0
0
-516
0
0
0
-16
0
0
0
0
62
0
0
0
0
0
-134
-381
0
596
59
59
0
-74
0
1717
-1212
0
-350
0
0
-226
17
0
-52
-2
0
72
0
0
0
0
0
0
0
0
28
0
0
22
0
0
0
-20
0
8
0
57
-64
55
0
-34
0
0
0
0
0
0
0
0
0
0
0
0
0
0
0
0
0
0
-401
0
-164
0
0
0
0
0
-9
0
0
0
0
0
0
0
0
0
0
0
0
0
0
0
0
0
0
56
0
0
0
0
0
0
0
0
64
0
0
0
-64
0
0
0
0
0
0
0
0
0
0
0
0
0
0
0
0
0
0
0
0
0
0
0
0
0
0
0
0
0
0
0
0
0
0
0
0
0
0
0
0
0
0
0
0
0
0
0
0
0
0
0
0
0
0
0
0
0
0
0
0
0
0
0
0
0
0
0
0
0
-274
0
0
0
0
0
-84
0
0
-84
0
0
-16
-38
0
0
0
0
0
0
0
0
0
0
0
0
0
-186
0
0
0
-45
0
-113
0
0
0
0
0
0
0
0
0
0
0
0
0
0
0
0
0
0
-63
0
-360
0
0
0
-34
0
-82
0
0
0
0
0
-83
0
0
0
0
0
-56
0
0
0
0
0
22
-624
0
-56
0
0
-502
0
0
-54
-186
0
0
63
0
0
64
0
0
22
0
0
0
0
0
28
0
0
0
0
0
0
0
0
0
0
0
0
0
0
0
0
0
0
0
0
0
0
0
0
0
0
0
0
0
-405
0
38
-64
0
-232
0
-58
0
0
0
0
0
0
0
0
0
0
0
0
0
0
0
0
0
0
0
-54
0
0
0
0
0
0
0
0
0
0
0
-64
-50
-50
0
0
0
0
0
0
0
0
0
0
0
0
0
0
0
0
0
0
0
0
0
0
0
0
0
0
0
0
0
0
0
0
0
0
0
0
0
0
0
0
0
0
0
0
0
0
0
0
0
0
0
0
0
0
0
0
0
0
0
0
0
0
0
0
0
0
-64
0
-290
0
0
0
0
0
-351
-110
0
396
0
0
-56
-44
0
-376
66
0
0
0
0
22
0
0
-516
0
0
0
0
0
0
0
0
42
0
0
0
0
0
0
0
0
0
0
0
0
0
0
0
0
0
0
-6
0
-114
0
0
-61
-111
0
115
0
0
0
0
0
-57
-194
0
-111
0
0
-50
0
0
0
-16
0
0
240
0
224
0
0
0
212
0
-107
237
0
0
310
0
0
-40
0
0
1854
0
102
0
0
0
397
0
138
0
0
0
0
0
0
218
0
0
0
0
0
0
0
0
0
0
0
0
0
0
0
0
0
60
0
28
212
0
-107
218
0
0
0
0
88
0
0
0
0
0
0
0
0
0
35
0
-50
0
0
64
0
0
37
320
0
0
46
0
0
417
0
0
598
0
56
64
0
0
259
0
0
347
0
0
0
-64
0
81
0
20
46
0
0
92
0
0
0
0
0
56
0
0
168
0
0
0
0
0
34
0
0
58
0
0
0
0
0
417
0
0
0
0
0
-64
0
126
110
0
63
745
0
-90
242
0
-7
244
0
66
175
0
0
56
0
24
116
0
34
0
0
0
263
0
130
73
0
176
0
0
0
128
0
56
354
0
681
177
0
110
5264
0
1685
0
0
0
0
0
0
-10
0
-161
0
0
0
0
0
0
0
0
0
46
0
0
0
0
0
64
0
257
263
0
130
-10
0
-161
562
0
516
192
0
-158
335
0
0
403
0
205
262
0
390
16
0
81
1916
-58
4728
2
0
233
0
0
0
34
0
0
-278
0
366
0
0
16
52
0
0
26
0
0
0
0
0
0
0
0
-158
0
8
0
0
0
0
0
0
584
0
0
0
0
0
0
0
0
0
0
0
0
0
0
0
0
0
-819
0
-234
0
0
0
0
0
-73
52
0
0
0
0
58
0
0
0
-45
0
0
0
0
0
0
0
56
62
0
0
0
0
0
0
0
60
0
0
0
0
0
0
0
0
0
0
0
0
0
0
0
0
0
0
52
0
0
0
0
0
0
-20
-90
0
0
0
0
0
0
0
0
0
0
0
0
0
0
0
0
0
0
114
0
0
0
0
0
0
0
-144
0
0
0
0
0
0
0
0
0
0
0
0
0
0
0
0
0
0
-56
0
-35
0
0
0
64
0
-6
59
0
176
0
0
64
0
0
138
0
0
0
0
0
0
0
0
0
0
0
0
0
0
0
55
0
-86
0
0
0
0
0
0
0
0
0
0
0
0
0
57
0
0
0
0
33
0
-526
0
0
0
-184
0
-206
0
0
0
0
0
-102
0
0
70
0
0
0
0
0
0
-42
0
47
0
0
0
0
0
0
0
0
0
0
0
0
0
0
0
0
0
0
0
0
0
0
0
0
0
0
0
63
0
0
0
0
0
0
0
0
0
0
0
0
0
0
0
0
0
0
0
0
64
0
0
0
0
0
0
0
0
0
0
0
0
0
0
0
0
0
0
0
0
0
0
0
0
0
0
0
0
0
0
0
64
0
0
0
0
0
0
0
0
0
0
0
0
0
0
0
0
0
0
0
0
0
0
0
0
0
0
0
0
0
0
0
0
0
0
0
0
0
0
0
0
0
0
0
0
0
0
0
0
0
0
0
0
0
0
0
0
0
0
0
0
0
0
0
0
0
0
0
0
0
0
0
0
0
0
0
0
0
0
0
0
0
-193
0
-216
0
0
0
0
0
108
0
0
372
0
0
16
0
0
-185
0
0
-36
0
0
0
0
0
62
0
0
0
0
0
0
0
0
0
0
0
0
0
0
0
0
0
0
0
0
0
0
0
0
0
0
0
-12
0
64
0
0
0
0
0
0
-334
0
4
0
0
0
0
0
-50
0
0
-62
0
0
0
0
0
-134
237
0
0
0
0
0
0
0
0
0
0
0
0
0
0
0
0
0
240
0
0
0
0
0
128
104
180
310
0
0
0
0
0
0
0
0
0
0
0
0
0
0
0
0
0
540
48
0
112
0
0
107
0
0
-40
0
0
0
0
0
0
0
0
0
0
0
0
0
0
0
0
0
147
64
0
0
0
122
0
-59
0
598
0
56
56
0
0
110
0
63
0
0
0
0
0
0
0
0
0
21
0
0
0
0
0
0
0
0
64
0
0
168
0
0
745
0
-90
0
0
0
0
0
0
0
0
0
188
0
0
0
0
0
64
112
64
259
0
0
0
0
0
242
0
-7
0
0
0
0
0
0
0
0
0
237
0
-511
0
0
0
64
64
-46
73
0
176
0
0
0
192
0
-158
0
0
208
0
0
0
-86
0
-36
-53
0
383
0
0
56
1940
0
1551
0
0
0
0
0
0
335
0
0
0
0
0
0
0
0
-44
0
0
334
0
26
0
52
108
1351
0
455
128
0
56
0
0
0
403
0
205
-86
0
-36
-44
0
0
0
0
100
-189
0
-295
122
0
0
1092
57
3989
-1506
-8
4660
50
0
211
170
0
273
981
0
6140
400
171
59
0
50
0
608
0
1304
306
0
0
80
57
285
-148
-59
-289
-64
0
0
64
0
44
64
0
0
0
0
0
0
0
0
0
0
0
0
0
0
0
0
0
1081
0
26
0
0
-28
0
-59
138
443
0
528
0
0
-256
0
64
80
216
63
383
0
0
0
0
0
0
-247
0
498
0
0
-58
-177
0
-62
92
0
-162
52
0
-62
0
0
0
0
0
60
0
0
0
0
0
0
52
0
0
0
0
-63
0
0
-122
0
0
0
0
-173
-120
0
0
0
0
0
0
0
0
0
0
0
0
102
0
-30
0
0
-50
0
0
230
80
125
-38
50
0
-44
0
0
-142
0
0
0
0
0
64
0
0
0
-33
128
-498
0
0
-213
-62
0
-127
118
0
935
0
0
-327
-42
0
-347
44
0
0
0
0
0
48
0
50
111
0
-801
0
-44
0
-64
0
-62
0
156
64
0
0
-120
0
0
0
164
0
0
0
0
0
56
0
0
1105
0
1789
0
0
-16
-6
0
1028
109
40
2029
0
0
156
0
64
722
-45
0
905
0
0
0
142
0
1456
877
0
76
0
0
-18
36
0
56
729
0
122
383
0
0
66
0
-44
898
52
-18
0
0
0
0
0
52
0
0
64
0
0
0
0
0
0
160
0
182
0
221
0
64
0
0
192
64
0
0
0
0
0
0
0
412
0
129
64
0
60
55
0
63
79
0
383
202
0
0
0
0
64
132
0
0
0
0
0
22
64
0
425
0
237
298
0
-175
0
0
410
1280
0
483
1024
216
-393
-368
-209
-1193
-56
0
835
158
0
0
-14
0
-173
47
0
0
0
62
0
0
0
0
219
0
0
162
-254
-282
0
0
-52
0
0
0
0
59
0
0
0
0
-30
0
-63
0
0
0
0
0
106
56
0
197
0
0
-511
-75
128
-1678
0
0
0
0
0
-50
0
0
-347
383
0
371
-42
0
104
140
0
-144
83
0
4223
178
112
-130
-817
0
-537
-201
0
900
213
36
39
-381
0
596
54
0
-44
62
62
-42
0
0
196
112
0
106
0
95
107
0
161
-42
156
0
-163
64
159
0
59
59
0
173
0
1192
0
55
126
-8
0
724
1264
0
3037
236
183
-239
-296
-103
-16
425
0
985
-45
0
218
-74
0
1717
1854
0
102
0
0
0
35
0
-50
240
0
0
540
48
0
147
64
0
1200
0
128
240
64
0
414
0
107
0
0
0
0
0
0
0
0
64
0
0
0
112
0
0
0
0
122
240
64
0
0
0
0
310
0
0
397
0
138
60
0
28
0
0
37
128
104
180
107
0
0
0
-59
0
414
0
107
310
0
0
0
0
0
347
0
0
34
0
0
244
0
66
21
0
0
188
0
0
237
0
-511
576
0
300
260
0
-10
315
0
84
0
-64
0
58
0
0
175
0
0
0
0
0
0
0
0
0
0
0
260
0
-10
-128
0
0
50
0
64
81
0
20
0
0
0
56
0
24
0
0
0
64
112
64
64
64
-46
315
0
84
50
0
64
128
0
470
354
0
681
46
0
0
262
0
390
-53
0
383
334
0
26
-189
0
-295
416
100
2416
1226
57
123
1115
112
6353
177
0
110
0
0
0
16
0
81
0
0
56
0
52
108
122
0
0
1226
57
123
88
0
2
1424
101
553
5264
0
1685
64
0
257
1916
-58
4728
1940
0
1551
1351
0
455
1092
57
3989
1115
112
6353
1424
101
553
6070
242
50714
