-17358
0
-1248
0
0
0
473
0
153
-1322
0
-112
-55
0
-108
228
0
-703
-2677
0
-816
-104
0
0
-352
0
-1813
0
0
0
0
0
0
-8
0
-185
0
0
0
0
0
0
0
0
0
0
0
0
0
0
0
0
0
0
473
0
153
-8
0
-185
1024
0
42
682
0
365
-2
0
-64
-15
0
-126
420
0
-98
0
0
0
356
0
108
-252
0
0
0
0
0
-62
0
117
-64
0
0
0
0
0
0
0
-62
-78
0
0
0
0
0
-4
0
0
0
0
0
0
0
0
0
0
-161
0
0
0
0
0
0
0
0
0
0
0
0
0
0
0
0
0
0
-62
0
117
0
0
-161
208
0
-316
63
0
-58
0
0
-110
0
0
-55
0
0
-56
0
0
0
0
0
-116
0
0
-216
0
0
0
0
0
200
0
0
0
0
0
-36
0
0
-10
8
0
0
0
0
0
40
0
-106
0
0
0
0
0
0
0
0
0
0
0
0
0
0
0
0
0
-64
0
0
0
0
0
0
0
0
0
0
0
200
0
0
0
0
0
382
0
0
64
0
0
0
0
0
6
0
0
0
0
0
0
-44
0
41
116
0
189
-20
0
0
-122
0
161
1094
0
-55
218
0
-64
-1374
0
-65
-88
0
-10
0
0
0
-715
0
-323
0
0
0
0
0
0
103
0
-36
36
0
-22
0
0
0
100
0
162
0
0
0
0
0
0
50
0
-22
1682
0
802
62
0
46
236
0
-100
2568
0
1234
166
0
0
-475
0
166
128
0
56
0
0
0
169
0
232
0
0
0
0
0
0
0
0
0
44
0
56
234
0
-64
63
0
0
0
0
0
0
0
0
0
0
0
0
0
0
0
0
0
0
0
0
0
0
0
0
0
0
0
0
-64
0
0
0
0
0
0
0
0
0
-58
0
58
0
0
0
0
0
0
0
0
-498
62
0
-539
0
0
-524
0
0
0
0
0
0
0
0
-244
0
0
0
0
0
0
0
0
47
0
0
0
0
0
64
-52
0
-36
0
0
0
0
0
0
26
0
-50
0
0
0
0
0
0
0
0
62
0
0
0
0
0
0
0
0
0
0
0
62
0
0
0
0
0
-57
0
0
0
0
0
0
0
0
-79
0
0
0
0
0
-177
0
0
-893
0
0
0
0
0
0
-44
0
-568
-93
0
417
0
0
0
523
0
225
-94
0
0
0
0
-64
-294
0
-192
-1102
0
337
0
0
-64
340
0
-12
63
0
0
0
0
0
251
0
-36
0
0
0
0
0
0
0
0
0
0
0
0
0
0
0
231
0
0
0
0
0
0
0
0
0
0
-9
216
0
0
203
0
0
-392
0
18
141
0
96
0
0
0
904
0
118
-58
0
0
0
0
0
0
0
0
0
0
0
202
0
0
0
0
-96
0
0
0
0
0
0
48
0
0
0
0
0
0
0
0
63
0
0
0
0
0
0
0
0
0
0
0
63
0
0
0
0
0
0
0
0
0
0
0
0
0
0
0
0
0
0
0
0
0
0
-128
0
0
-112
0
0
0
0
0
0
0
0
0
0
0
0
0
0
-58
0
0
-188
58
0
0
52
0
0
54
0
-540
-63
0
0
0
0
0
105
0
276
0
0
0
0
0
0
0
0
0
0
0
0
0
0
0
0
0
0
59
0
57
0
0
0
0
0
64
-168
0
0
0
0
0
84
0
-64
-60
0
0
-287
0
0
-1110
0
-1080
-20
0
0
0
0
0
-247
0
36
-1322
0
-112
0
0
0
682
0
365
0
0
0
0
0
0
0
0
0
-56
0
105
0
0
0
130
0
49
-55
0
-108
0
0
0
-2
0
-64
0
0
0
0
0
0
0
0
0
0
0
0
0
0
0
0
0
0
228
0
-703
0
0
0
-15
0
-126
0
0
0
0
0
0
0
0
-124
-41
0
-58
0
0
0
0
0
-10
-64
0
0
0
0
0
63
0
-58
0
0
0
0
0
0
0
0
0
54
0
0
0
0
0
-56
0
-70
0
0
0
0
0
0
0
0
-110
0
0
0
0
0
0
0
0
0
93
0
0
0
0
0
0
0
-160
0
0
-62
0
0
0
0
0
-55
0
0
0
0
0
0
0
0
0
0
0
0
0
0
0
0
0
0
0
0
0
0
0
0
0
0
64
0
0
0
0
0
0
0
0
0
0
0
-52
0
0
0
0
0
52
0
0
-36
0
0
0
0
0
0
0
0
0
0
0
0
0
0
0
0
0
0
0
0
0
0
0
0
0
0
-10
0
0
-64
0
0
6
0
0
0
0
0
0
0
0
0
0
0
16
0
0
0
0
0
54
-176
0
0
44
0
0
364
0
0
669
0
0
0
0
0
-90
0
0
0
0
0
0
0
0
336
0
0
0
0
0
0
0
0
0
0
0
0
0
0
0
0
0
0
0
0
0
0
0
0
0
0
0
0
0
563
0
0
0
0
0
0
0
0
63
0
52
116
0
0
0
0
0
0
0
0
0
0
0
0
0
-58
0
0
0
0
0
0
0
0
0
0
0
0
0
0
0
0
0
0
0
0
0
0
0
0
0
0
0
0
0
0
0
0
0
0
0
0
0
0
0
0
0
0
0
0
0
0
0
0
0
0
0
0
0
0
0
0
0
0
0
0
0
0
0
0
0
0
0
0
0
0
0
0
0
0
0
0
0
0
0
0
0
0
0
0
0
0
0
0
0
0
0
0
0
0
0
0
0
0
0
0
0
0
0
0
0
0
0
0
0
0
0
0
0
0
0
0
0
0
0
0
0
0
0
0
0
0
0
0
0
0
0
0
0
0
0
60
0
0
0
0
0
0
0
0
0
0
0
0
0
0
0
0
60
0
0
0
0
0
0
0
0
0
0
0
106
0
0
0
-63
0
0
-26
0
0
0
0
0
0
0
0
50
0
145
0
0
0
62
0
64
0
0
0
0
0
0
0
0
0
0
0
0
0
0
0
-62
0
-59
0
0
0
0
0
0
0
0
0
0
0
0
0
0
0
0
0
0
-44
0
0
0
0
0
22
0
0
-44
0
0
0
0
0
28
0
35
0
0
0
0
0
0
0
0
0
0
0
0
0
0
0
0
0
0
58
0
0
0
0
0
0
0
0
0
0
0
0
0
0
0
0
0
0
0
0
0
0
0
0
0
0
63
0
0
0
0
0
0
0
0
0
0
0
0
0
0
0
0
0
0
0
0
0
0
0
0
0
0
0
0
0
0
0
0
0
0
0
0
0
0
0
0
0
0
0
50
0
0
0
0
0
0
0
0
0
0
0
0
0
0
0
0
0
62
0
0
0
0
0
0
0
0
0
0
0
0
0
0
0
0
0
0
0
0
0
0
0
0
0
0
0
0
0
0
0
0
0
636
0
105
126
0
0
0
0
0
-126
0
0
0
0
0
0
0
0
42
0
-70
-2677
0
-816
0
0
0
420
0
-98
-56
0
105
0
0
0
-41
0
-58
-1686
0
-230
54
0
0
113
0
-196
-104
0
0
0
0
0
0
0
0
0
0
0
0
0
0
0
0
0
54
0
0
0
0
0
0
0
0
-352
0
-1813
0
0
0
356
0
108
130
0
49
0
0
0
0
0
-10
113
0
-196
0
0
0
-424
0
0
-78
0
0
0
0
0
0
0
-56
54
0
0
93
0
0
0
0
0
72
0
0
0
0
0
0
0
0
0
0
0
0
0
0
0
0
0
0
0
0
0
0
0
0
0
0
0
0
0
0
0
0
0
0
0
-4
0
0
0
0
0
0
0
-116
-56
0
-70
0
0
-160
0
0
0
0
0
0
0
0
0
0
0
0
8
0
0
0
0
0
0
0
0
0
0
-52
0
0
0
0
0
16
-52
0
0
0
0
-52
-94
0
-63
0
0
0
0
0
0
0
0
0
0
0
0
0
0
0
0
0
0
0
0
-52
0
0
0
0
0
0
40
0
-106
0
0
0
-44
0
41
0
0
52
0
0
0
0
0
54
-94
0
-63
0
0
0
82
0
88
403
0
0
0
0
0
34
0
0
146
0
0
0
0
0
32
0
0
-19
0
100
32
0
0
80
0
-64
0
0
0
0
0
0
0
0
0
0
0
0
0
0
0
0
0
0
50
0
0
0
0
0
0
0
0
29
0
0
0
0
0
0
0
0
198
0
74
311
0
0
84
0
50
262
0
0
0
0
0
326
0
0
0
0
0
0
0
0
0
0
0
0
0
0
0
0
0
0
0
0
0
0
0
0
0
0
0
0
0
0
0
0
0
0
0
0
0
0
0
0
0
0
0
0
0
0
0
0
0
0
0
0
0
0
0
0
0
0
0
0
0
0
0
0
0
0
0
0
0
0
0
0
0
64
0
0
0
0
0
0
0
0
0
0
0
0
0
0
0
0
0
0
0
0
0
0
0
0
0
0
0
-54
0
0
46
0
0
-446
0
188
0
0
0
0
0
0
0
0
0
0
0
0
0
0
0
0
0
0
0
0
0
0
0
0
0
0
0
0
0
0
0
0
0
0
0
0
0
0
44
0
0
0
0
0
-59
0
0
0
54
0
0
72
0
427
0
0
0
0
0
0
0
0
0
46
0
-52
0
0
0
152
0
0
64
0
100
0
0
0
254
0
0
0
0
0
0
0
0
0
0
0
0
0
0
0
0
0
0
0
0
50
0
0
0
0
0
47
0
0
0
0
-49
0
0
0
0
0
0
353
0
0
0
0
0
62
0
-81
116
0
0
0
0
0
129
0
0
0
0
0
0
0
0
0
0
0
0
0
0
0
0
0
0
0
0
0
0
0
0
0
0
0
0
0
0
0
0
0
0
0
0
0
0
0
0
0
0
0
0
0
0
0
0
0
0
0
0
0
0
0
0
0
0
0
0
0
0
0
0
0
0
0
0
0
0
0
0
0
-103
0
0
0
0
0
0
0
0
0
0
0
0
0
0
0
0
0
0
0
0
0
0
0
0
0
0
0
151
0
0
0
0
0
357
0
98
0
0
0
0
0
0
0
0
0
0
0
0
0
0
0
0
0
0
0
0
56
0
0
0
0
0
64
0
0
16
0
0
0
-26
0
-36
0
0
0
0
0
0
-20
0
0
-83
0
-68
-20
0
0
44
0
148
116
0
189
0
0
0
1682
0
802
-176
0
0
0
0
0
563
0
0
403
0
0
0
0
0
29
0
0
-20
0
0
0
0
0
62
0
46
44
0
0
0
0
0
0
0
0
0
0
0
0
0
0
0
0
0
-122
0
161
103
0
-36
236
0
-100
364
0
0
0
0
0
0
0
0
34
0
0
0
0
0
0
0
0
0
0
0
0
0
0
-58
0
58
0
0
0
0
0
0
0
0
0
0
0
0
0
0
0
0
0
0
0
0
0
0
0
0
0
0
0
0
0
0
0
0
0
0
0
0
0
0
0
0
0
0
0
0
0
0
0
0
0
0
0
0
0
0
0
0
0
0
0
0
0
0
0
0
0
0
0
0
0
0
0
0
0
0
0
0
0
0
0
0
0
0
0
0
0
0
0
60
0
0
0
0
0
0
0
0
0
0
0
0
0
0
0
0
0
0
0
0
0
0
0
0
0
0
0
0
0
0
0
0
0
0
0
0
0
0
0
0
47
0
0
62
0
0
-79
0
0
0
0
0
0
0
0
0
0
0
0
0
0
0
0
0
0
36
0
0
46
0
0
28
0
0
889
0
0
907
0
0
-2
0
0
-76
0
0
0
0
0
62
0
0
46
0
0
0
0
0
0
0
0
0
0
0
0
0
0
90
0
0
0
0
0
0
0
0
0
0
61
28
0
0
0
0
0
0
0
0
280
0
0
52
0
0
-9
0
28
0
0
0
0
0
0
116
0
115
0
0
0
0
0
0
0
0
0
0
0
0
0
0
0
0
0
0
0
0
0
0
0
0
0
0
0
0
0
0
0
0
0
0
0
0
0
0
0
0
0
0
0
0
0
0
0
0
0
0
0
0
0
0
0
0
0
0
0
0
0
0
0
0
0
0
0
0
0
0
0
0
0
0
0
0
0
0
0
0
0
0
0
0
0
0
0
0
0
0
0
0
0
0
0
0
0
0
0
0
0
0
0
0
0
0
0
0
0
0
0
0
0
0
0
0
0
0
0
0
0
0
0
0
0
0
63
0
0
0
0
0
0
0
0
0
0
0
0
0
0
0
0
0
0
0
0
0
0
0
0
0
0
0
0
0
0
0
0
0
0
0
252
0
0
0
0
0
278
0
100
0
0
0
40
0
0
0
0
0
-28
0
0
0
0
-56
63
0
0
0
0
0
0
0
0
0
0
0
0
0
0
0
0
0
0
0
0
0
0
0
0
0
0
64
0
0
0
0
0
0
0
50
0
0
46
52
0
0
-64
0
0
98
0
0
230
0
0
63
0
0
255
0
0
0
0
0
0
0
0
0
0
0
0
0
0
0
0
0
0
0
0
0
0
0
0
0
0
0
0
0
0
0
0
0
0
0
0
0
0
0
0
0
0
0
0
0
0
0
0
0
0
0
0
0
0
0
0
0
0
0
0
0
0
0
0
0
0
0
0
0
0
0
0
0
0
0
0
0
0
0
0
0
0
0
0
0
0
0
0
0
0
0
0
0
0
0
57
0
0
0
0
0
60
0
0
0
0
0
314
0
0
0
0
0
0
0
0
0
0
0
0
0
0
0
0
0
0
0
0
0
0
0
0
0
0
64
0
0
0
0
0
0
0
-58
0
0
-81
0
0
0
52
0
0
-79
0
0
0
0
0
0
0
0
4
0
86
1094
0
-55
36
0
-22
2568
0
1234
669
0
0
0
0
0
63
0
52
146
0
0
0
0
0
198
0
74
218
0
-64
0
0
0
166
0
0
0
0
0
0
0
0
116
0
0
0
0
0
0
0
0
311
0
0
-1374
0
-65
100
0
162
-475
0
166
-90
0
0
0
0
0
0
0
0
32
0
0
0
0
0
84
0
50
44
0
56
0
0
0
0
0
-498
0
0
0
0
0
0
0
0
0
0
0
0
0
0
0
0
0
0
234
0
-64
0
0
0
62
0
-539
0
0
0
0
0
0
0
0
0
0
0
0
0
0
0
0
0
0
63
0
0
0
0
-64
0
0
-524
0
0
0
0
0
0
0
0
0
0
0
0
0
0
0
0
0
64
0
0
0
0
0
0
0
0
0
0
0
0
0
0
0
0
0
0
0
0
0
0
0
0
0
0
44
0
0
64
0
0
0
0
0
-177
0
0
0
0
0
0
0
0
0
0
0
0
0
0
0
0
0
0
-52
0
-36
0
0
0
0
0
-893
0
0
0
0
0
0
0
0
60
0
0
0
0
0
0
0
0
-59
889
0
0
0
0
0
280
0
0
0
0
0
52
0
0
89
0
0
-128
0
0
16
0
0
316
0
44
907
0
0
0
0
0
52
0
0
52
0
0
0
0
0
116
0
0
156
0
0
124
0
0
576
0
0
-2
0
0
90
0
0
-9
0
28
89
0
0
116
0
0
154
0
0
46
0
64
0
0
0
20
0
451
0
0
0
0
0
0
0
0
0
0
0
0
0
0
0
0
0
0
0
0
0
0
0
0
0
0
0
0
0
0
0
0
0
0
0
0
0
0
0
0
0
0
0
0
0
0
0
0
0
0
0
0
0
0
0
0
0
0
0
0
0
0
0
0
0
0
0
0
0
0
0
0
0
0
0
0
0
0
0
0
0
0
0
0
0
0
0
0
0
0
0
0
0
0
0
0
0
0
0
0
0
0
0
0
0
0
0
0
0
0
0
0
0
0
0
0
0
0
0
0
0
0
0
0
0
0
0
0
0
0
0
0
0
0
0
0
0
0
0
0
0
0
0
0
0
0
0
0
0
0
0
0
0
0
0
0
0
0
0
0
0
0
-36
0
0
0
0
0
-55
0
0
113
0
52
0
0
0
211
0
0
-4
0
0
62
0
0
573
0
62
0
0
0
0
0
0
0
0
0
59
0
0
0
0
0
0
0
0
0
0
0
0
0
0
59
0
-56
0
0
0
0
0
0
0
0
0
291
0
0
742
0
0
299
0
0
0
0
0
0
0
0
272
0
62
0
0
0
0
0
0
0
0
0
0
0
0
0
0
0
0
0
0
0
0
0
0
0
0
0
0
0
0
0
0
0
0
0
0
0
0
0
0
0
0
0
0
0
0
0
0
0
0
0
0
0
0
0
0
0
0
0
0
0
0
0
0
0
0
0
0
0
0
0
0
0
0
0
0
0
0
0
0
0
0
0
0
0
0
0
0
0
0
0
0
0
0
0
0
0
0
0
0
0
50
0
0
0
0
0
0
0
0
0
0
0
0
0
0
0
0
0
0
0
0
0
0
0
0
0
0
0
0
0
0
0
0
114
0
0
610
0
0
0
0
0
0
0
324
0
0
0
121
0
-52
130
0
0
0
0
0
0
0
0
228
0
-26
-88
0
-10
0
0
0
128
0
56
0
0
0
0
0
0
0
0
0
-19
0
100
50
0
0
262
0
0
0
0
0
0
0
0
0
0
0
0
0
0
0
0
0
0
0
0
32
0
0
0
0
0
0
0
0
-715
0
-323
50
0
-22
169
0
232
336
0
0
0
0
0
0
0
-58
80
0
-64
0
0
0
326
0
0
0
0
0
0
0
0
0
0
0
0
0
0
0
0
0
0
0
0
0
0
0
0
0
0
0
0
0
0
0
0
0
0
0
0
0
0
0
0
0
0
0
0
0
0
0
0
0
0
0
0
0
0
0
0
0
0
0
0
0
0
0
0
-244
0
0
0
0
0
0
0
0
0
0
0
0
0
0
0
0
0
0
0
0
0
0
0
62
0
0
0
0
0
0
0
0
0
0
0
0
-54
0
0
0
0
0
0
0
0
0
0
0
0
0
0
0
0
0
0
0
0
0
0
0
0
0
0
46
0
0
0
0
0
54
0
0
26
0
-50
0
0
-57
-44
0
-568
0
0
0
0
0
0
0
0
0
-446
0
188
0
0
0
72
0
427
-76
0
0
0
0
0
0
0
0
-128
0
0
156
0
0
46
0
64
160
0
0
16
0
0
32
0
0
0
0
0
0
0
0
0
0
0
16
0
0
124
0
0
0
0
0
16
0
0
0
0
0
0
0
0
62
0
0
0
0
61
116
0
115
316
0
44
576
0
0
20
0
451
32
0
0
0
0
0
-478
0
0
0
0
0
0
0
0
0
0
0
0
0
0
0
0
0
0
0
0
0
0
0
0
0
0
0
0
0
0
0
0
0
0
0
0
0
0
0
0
0
0
0
0
0
0
0
0
0
0
0
0
0
0
0
0
0
0
0
0
0
0
0
0
0
0
0
0
0
0
0
0
0
0
0
0
0
0
0
0
0
0
0
0
0
0
63
0
0
0
0
0
0
0
0
0
0
0
0
0
0
-248
0
0
58
0
0
-58
0
0
0
0
0
0
0
0
0
0
0
0
0
0
0
0
0
0
0
0
58
0
0
128
0
0
0
0
0
0
0
0
0
0
0
0
0
0
0
0
0
0
0
0
0
0
0
-58
0
0
0
0
0
132
0
506
-63
0
0
0
0
0
0
0
0
64
0
0
0
0
0
0
0
0
-50
0
0
0
0
0
70
0
0
0
0
0
0
0
0
0
0
0
0
0
0
0
0
0
0
0
0
0
0
0
0
0
0
184
0
0
0
0
0
0
0
0
0
0
84
38
0
0
0
0
0
1
0
0
10
0
0
0
0
0
260
0
0
0
0
0
0
0
0
0
0
0
0
0
0
0
0
0
0
0
0
0
0
0
0
0
0
0
0
0
0
0
0
0
0
0
0
0
0
0
0
0
0
0
0
0
0
0
0
0
0
0
0
0
0
0
0
0
0
0
0
0
0
0
0
64
0
0
0
0
0
0
0
0
0
0
0
0
0
0
0
0
0
-46
0
0
0
0
0
0
0
0
0
0
0
0
0
0
0
0
0
0
-48
0
0
0
0
0
-58
0
0
0
0
0
0
0
0
0
0
0
0
0
0
0
0
0
0
0
0
0
0
0
0
0
0
0
0
0
-125
0
0
0
0
0
-92
0
0
0
0
0
36
0
0
-62
0
0
-1084
0
-42
-44
0
0
-271
0
267
-93
0
417
63
0
0
0
0
0
0
0
106
0
0
0
0
0
0
0
0
0
0
0
0
0
0
-49
0
0
0
0
0
0
0
0
0
0
0
0
0
0
0
0
0
0
0
0
0
0
0
0
0
0
0
523
0
225
251
0
-36
0
0
-9
-63
0
0
0
0
0
0
0
0
0
0
0
0
0
0
0
0
0
-58
0
0
0
0
0
0
0
0
0
0
0
0
0
0
0
0
0
0
0
0
0
0
0
0
0
0
0
0
0
0
0
0
0
0
0
0
0
0
0
0
0
0
0
0
0
0
0
0
0
0
0
0
0
0
0
0
63
0
0
0
0
0
0
0
0
0
0
0
0
0
0
0
0
0
0
0
0
0
0
0
0
0
0
0
0
0
-168
0
0
0
0
0
0
0
0
0
0
0
0
0
0
0
0
0
0
0
16
0
0
-58
0
0
0
0
0
0
0
0
0
0
0
0
0
0
0
0
0
0
0
0
0
0
0
0
0
0
-188
0
0
0
84
0
-64
0
0
50
0
0
0
636
0
105
0
0
0
0
0
0
-26
0
-36
252
0
0
0
0
0
0
0
0
-36
0
0
0
0
0
0
0
0
-63
0
0
0
0
0
0
0
0
0
0
0
0
0
0
0
0
50
0
0
0
0
0
0
0
0
0
0
0
0
0
0
0
0
0
0
278
0
100
0
0
0
0
0
46
-55
0
0
0
0
0
0
0
0
0
0
0
0
0
0
0
0
84
0
0
0
0
0
0
0
0
0
0
0
0
0
0
0
0
0
0
0
0
0
0
0
0
0
0
0
0
0
0
0
0
0
0
0
0
0
0
0
0
0
0
0
0
0
0
0
0
0
0
0
0
0
0
0
0
0
0
0
0
0
0
0
0
0
0
0
0
0
0
0
0
0
0
0
0
0
0
0
0
64
0
0
0
0
0
0
0
0
0
0
0
0
0
0
0
610
0
0
0
0
0
0
0
0
-125
0
0
0
0
0
0
0
0
0
0
-58
0
0
0
0
0
0
0
0
0
0
0
0
0
0
0
0
0
0
0
0
0
0
0
0
0
0
-81
0
0
0
0
0
0
0
0
324
0
0
0
0
0
0
-92
0
0
-124
0
0
0
0
0
-98
0
0
0
0
0
0
0
0
0
0
0
0
0
0
0
0
0
0
0
34
0
0
0
0
0
0
0
0
0
0
0
0
0
0
0
0
0
0
0
0
0
0
0
0
0
0
0
-98
0
0
0
0
0
0
0
0
0
0
0
0
0
0
0
0
0
0
0
0
-40
0
0
0
0
0
0
0
0
0
0
0
0
0
0
0
0
0
57
0
0
96
0
0
0
0
0
0
0
0
0
0
0
0
0
0
0
0
0
0
0
0
0
0
0
0
0
0
0
0
0
0
0
0
0
0
0
0
0
0
0
0
0
0
0
0
0
0
0
0
0
0
0
0
0
0
0
0
0
0
0
0
0
0
0
0
0
0
0
0
0
0
0
0
0
0
46
0
0
0
0
0
64
0
0
0
0
0
0
0
0
48
0
46
0
0
0
0
0
0
0
0
0
0
0
0
0
0
0
0
0
0
0
0
0
0
0
0
0
0
0
0
0
0
0
0
0
-126
0
0
0
0
0
217
0
0
-128
0
62
0
0
0
0
0
0
117
0
64
-94
0
0
0
0
0
216
0
0
-26
0
0
0
0
0
-44
0
0
46
0
-52
0
0
0
353
0
0
0
0
-64
0
0
0
203
0
0
0
0
0
0
0
0
0
0
0
0
0
0
0
0
0
0
0
0
-294
0
-192
0
0
0
-392
0
18
0
0
0
-62
0
-59
22
0
0
152
0
0
0
0
0
62
0
-81
0
0
0
0
0
0
0
0
0
0
0
0
0
0
0
0
0
0
0
0
0
0
0
0
0
0
0
202
0
0
0
0
0
0
0
-128
0
0
0
0
0
0
0
0
0
0
0
0
0
0
0
0
0
0
0
0
-96
0
0
0
0
0
-112
0
0
0
0
0
0
0
0
0
0
0
0
0
0
0
0
0
-103
58
0
0
0
0
0
-60
0
0
0
0
0
0
0
0
126
0
0
0
0
0
0
0
0
0
0
0
52
0
0
0
0
0
-287
0
0
0
0
0
0
0
0
0
0
0
0
0
0
0
0
0
0
0
0
54
0
-540
0
0
0
-1110
0
-1080
0
0
0
0
0
0
-126
0
0
0
0
0
0
0
0
-20
0
0
0
0
0
0
0
0
52
0
0
113
0
52
59
0
0
291
0
0
64
0
0
0
0
0
38
0
0
40
0
0
0
0
0
-64
0
0
0
0
0
0
0
0
742
0
0
0
0
0
0
0
0
0
0
0
0
0
0
0
0
0
98
0
0
211
0
0
0
0
0
299
0
0
0
0
0
0
0
0
1
0
0
0
0
0
0
0
0
0
0
0
0
0
0
0
0
0
0
0
0
0
0
0
0
0
0
0
0
0
0
0
0
0
0
0
0
0
0
0
0
0
0
0
0
0
0
0
0
0
0
0
0
0
0
0
0
0
0
0
0
0
0
0
0
0
0
0
0
0
0
0
0
0
0
0
0
0
0
0
0
0
0
0
0
0
0
0
0
0
0
0
0
0
0
0
0
0
0
0
0
0
0
0
0
0
0
0
0
0
0
57
0
0
0
0
0
52
0
0
0
0
0
0
0
0
121
0
-52
0
0
0
0
0
0
36
0
0
0
0
0
0
0
0
-79
0
0
0
0
0
0
0
0
130
0
0
0
0
0
0
0
0
-62
0
0
0
0
0
0
0
0
0
0
0
0
0
0
61
0
0
0
0
0
-56
0
0
0
0
0
464
0
0
0
0
0
0
0
0
0
0
0
61
0
0
0
0
0
0
0
0
0
0
0
0
0
0
382
0
0
0
0
0
0
0
0
0
0
0
0
0
0
0
0
0
0
0
0
10
0
0
-56
0
0
204
0
0
0
0
0
0
0
0
0
0
0
0
0
0
0
0
0
0
0
0
0
0
0
0
0
0
0
0
0
57
0
0
0
0
0
0
0
0
0
0
0
0
0
0
0
0
0
0
0
0
0
0
0
0
0
0
96
0
0
0
0
0
0
0
0
0
0
0
0
0
0
0
0
0
0
0
0
0
0
0
0
0
0
46
0
0
0
0
0
0
0
0
0
0
0
0
0
0
0
0
0
0
0
0
0
0
0
366
0
0
0
0
0
0
0
0
217
0
0
0
0
0
0
0
0
64
0
0
0
0
0
0
0
0
199
0
0
64
0
0
0
0
0
-128
0
62
0
0
0
64
0
0
644
0
0
0
0
-50
0
0
0
-462
0
62
-1102
0
337
0
0
0
141
0
96
50
0
145
0
0
0
-44
0
0
64
0
100
50
0
0
116
0
0
0
0
-64
0
0
0
0
0
0
0
0
0
0
0
0
0
0
0
0
0
0
0
0
0
0
0
0
340
0
-12
231
0
0
904
0
118
62
0
64
0
0
0
28
0
35
254
0
0
47
0
0
129
0
0
0
0
0
63
0
0
0
0
0
58
0
0
63
0
0
0
0
0
0
0
0
0
0
0
0
0
0
0
0
0
0
0
0
0
0
0
0
0
0
0
0
0
0
0
0
0
0
0
0
0
0
0
0
0
48
0
0
0
0
0
0
0
0
0
0
0
0
0
0
0
0
0
0
0
0
0
0
0
0
0
0
-63
0
0
59
0
57
-20
0
0
0
0
0
0
0
0
0
0
0
151
0
0
0
0
56
-83
0
-68
0
0
0
0
0
0
0
0
0
0
0
0
0
0
0
0
0
0
0
0
0
0
0
0
-20
0
0
105
0
276
0
0
64
-247
0
36
0
0
62
0
0
0
42
0
-70
357
0
98
0
0
64
44
0
148
-28
0
0
0
0
0
230
0
0
-4
0
0
0
0
0
0
0
0
-50
0
0
0
0
0
10
0
0
0
0
-56
0
0
0
63
0
0
62
0
0
0
0
0
0
0
0
0
0
0
0
0
0
0
0
0
63
0
0
64
0
0
255
0
0
573
0
62
59
0
-56
272
0
62
70
0
0
184
0
0
260
0
0
0
0
0
0
0
0
0
0
0
0
0
0
0
0
0
0
0
0
0
0
0
0
0
0
0
0
0
0
0
0
0
0
0
0
0
0
0
0
0
0
0
0
0
0
0
0
0
0
0
0
0
0
0
0
0
0
0
0
0
0
0
0
0
0
0
0
0
0
0
0
0
0
0
0
0
0
0
0
0
0
-46
60
0
0
0
0
0
0
0
0
50
0
0
0
0
0
0
0
0
-48
0
0
0
0
0
-1084
0
-42
0
0
0
0
0
0
0
0
0
0
0
0
0
0
0
0
0
0
0
0
0
0
0
0
-44
0
0
314
0
0
64
0
0
4
0
86
0
0
0
114
0
0
228
0
-26
-58
0
0
0
0
0
-271
0
267
0
0
0
0
0
0
0
0
0
-56
0
0
0
0
0
10
0
0
0
0
0
0
0
0
-50
0
0
0
0
0
0
0
0
-40
0
0
0
0
0
0
0
0
-56
0
0
0
0
0
0
0
0
-50
0
0
0
0
34
0
0
0
0
0
0
464
0
0
382
0
0
204
0
0
-50
0
0
-50
0
0
506
0
0
0
0
0
0
0
0
0
0
0
0
0
0
0
0
0
0
0
0
0
0
0
0
0
0
0
0
0
0
0
0
0
0
0
0
0
0
0
0
0
0
0
0
0
0
0
0
0
0
0
0
0
0
0
0
0
0
0
0
0
0
0
0
0
0
0
0
0
0
0
0
0
0
0
0
0
0
0
0
0
0
0
0
0
0
0
0
0
0
0
0
0
0
0
0
0
0
0
0
-50
-126
0
0
16
0
0
-326
0
30
0
0
0
0
0
0
0
0
0
0
0
0
0
0
0
0
0
0
16
0
0
0
0
0
153
0
0
48
0
46
0
0
0
117
0
64
366
0
0
199
0
0
-462
0
62
-326
0
30
153
0
0
-1222
0
656
-708
0
274
51
0
0
-19
0
210
213
0
169
-42
0
-250
96
0
-193
-194
0
-831
0
0
0
49
0
-33
51
0
0
0
0
0
0
0
0
0
0
42
0
0
0
0
0
0
0
0
0
0
0
0
0
0
0
-19
0
210
0
0
0
0
0
304
96
0
-10
0
0
-64
0
0
4
0
0
554
0
0
0
52
0
109
396
0
110
0
0
0
0
0
-18
-67
0
56
0
0
0
0
0
0
0
0
102
0
0
0
0
0
13
0
0
0
0
0
0
0
0
0
0
0
0
0
0
0
0
0
0
0
0
0
0
0
0
0
0
0
0
0
-18
0
0
0
0
0
0
42
0
-18
0
0
-123
0
0
0
0
0
0
0
0
0
0
0
0
0
0
0
0
0
0
50
0
0
0
0
0
0
0
0
-63
0
0
0
0
0
0
0
0
33
0
0
0
0
0
0
0
0
0
0
0
0
0
0
0
0
0
0
0
0
0
0
0
0
0
0
0
0
0
50
0
0
0
0
0
0
0
0
0
0
90
0
0
0
-56
0
0
0
0
109
0
0
0
0
0
185
1640
0
1022
-64
0
-184
0
0
160
1673
0
959
293
0
211
-454
0
-740
-428
0
-262
0
0
-64
64
0
27
-262
0
22
0
0
0
0
0
0
113
0
300
0
0
0
0
0
-62
47
0
-64
0
0
0
0
0
-50
260
0
163
0
0
42
0
0
62
121
0
649
62
0
-4
0
0
24
-46
0
-16
0
0
0
-17
0
563
660
0
55
0
0
0
0
0
0
204
0
-198
443
0
-421
68
0
-440
48
0
0
0
0
0
-36
0
-5
0
0
-64
0
0
0
0
0
0
-5
0
0
64
0
-192
0
0
0
0
0
0
0
0
0
0
0
-50
96
0
61
0
0
0
0
0
0
46
0
-717
0
0
-399
0
0
-148
0
0
0
0
0
0
0
0
63
0
0
0
0
0
0
0
0
-6
658
0
0
727
0
-320
-518
0
-1563
0
0
0
0
0
-276
-206
0
-1010
0
0
0
0
0
0
0
0
0
0
0
0
0
0
0
0
0
-36
0
0
0
0
0
0
0
0
0
0
0
0
0
0
0
0
0
103
0
0
0
0
0
-72
388
0
-555
0
0
0
0
0
0
0
0
-377
-129
0
82
0
0
-64
-403
0
-18
170
0
5
0
0
0
-200
0
677
528
0
175
0
0
0
-102
0
8
0
0
0
0
0
0
0
0
0
54
0
0
0
0
0
0
0
106
0
0
0
0
0
0
0
0
-44
-32
0
34
0
0
-50
0
0
-65
-64
0
-645
0
0
0
0
0
0
-86
0
-1289
0
0
0
0
0
-32
0
0
0
0
0
0
0
0
0
0
0
0
0
0
0
-56
0
-24
0
0
0
0
0
0
62
0
-62
0
0
0
0
0
0
0
0
0
0
0
0
0
0
0
0
0
0
0
0
0
0
0
0
0
0
0
0
0
0
0
0
0
0
0
0
0
0
0
0
0
0
0
0
0
0
0
0
0
0
0
0
0
0
0
0
0
0
0
34
0
0
0
-16
0
0
-58
0
-64
-238
0
-677
32
0
0
44
0
0
-8
0
102
0
0
0
0
0
0
0
0
0
0
0
0
0
0
0
0
0
0
0
0
0
0
0
0
0
0
0
62
0
-70
0
0
0
-449
0
-146
-131
0
54
-61
0
-114
-174
0
-1380
1289
0
86
0
0
0
-175
0
-528
213
0
169
0
0
42
96
0
-10
92
0
424
0
0
0
0
0
44
419
0
122
0
0
0
192
0
244
-42
0
-250
0
0
0
0
0
-64
0
0
0
0
0
0
0
0
0
177
0
-355
0
0
0
0
0
0
96
0
-193
0
0
0
0
0
4
0
0
44
0
0
0
0
0
0
-17
0
47
0
0
0
44
0
-63
-67
0
56
0
0
0
42
0
-18
0
0
318
0
0
0
0
0
0
-7
0
0
0
0
0
90
0
116
0
0
0
0
0
0
0
0
-123
0
0
0
0
0
0
0
0
-64
184
0
0
0
0
0
0
0
-147
0
0
0
0
0
0
0
0
0
0
0
0
0
0
-64
0
0
0
0
0
0
0
0
0
0
0
0
0
0
0
0
0
0
0
0
90
0
0
0
0
0
0
0
0
0
0
0
0
0
0
0
48
0
20
0
0
0
0
0
0
0
0
0
0
0
0
0
0
0
0
0
0
0
0
0
0
0
0
0
0
58
-63
0
0
0
0
0
-56
0
0
0
0
0
0
0
0
0
0
0
0
0
0
0
0
0
0
0
115
2509
0
137
0
0
0
0
0
40
1553
0
308
153
0
172
86
0
-117
1298
0
168
0
0
-54
58
0
1634
61
0
549
0
0
0
0
0
0
20
0
2617
0
0
0
0
0
0
50
0
0
0
0
0
0
0
-294
0
0
-58
0
0
0
0
0
0
368
0
-62
0
0
0
-296
0
64
-382
0
0
0
0
0
0
0
-37
1344
0
449
0
0
0
0
0
0
1635
0
59
528
0
594
-128
0
422
0
0
0
0
0
0
705
0
-54
0
0
0
0
0
0
0
0
0
0
0
0
0
0
0
0
0
0
0
0
0
0
0
0
0
0
0
0
0
0
0
0
0
0
0
0
0
0
0
0
0
0
36
0
0
0
0
0
0
0
0
0
0
0
0
0
63
0
0
98
0
0
155
0
0
0
0
0
82
58
0
202
0
0
0
0
0
-62
-93
0
-3146
0
0
0
0
0
0
0
0
0
0
0
0
0
0
0
0
0
0
0
0
0
0
0
0
0
0
0
915
0
0
0
0
0
0
0
34
244
0
1343
368
0
506
-62
0
30
0
0
0
0
0
0
0
0
-58
-278
0
38
0
0
0
0
0
0
-72
0
0
0
0
0
0
0
-55
1380
0
174
0
0
0
677
0
238
-55
0
0
0
0
0
0
0
0
0
0
0
0
0
0
-61
0
0
114
0
61
0
0
0
64
0
58
40
0
-173
0
0
0
0
0
0
44
0
159
0
0
0
0
0
0
-54
0
131
0
0
0
0
0
16
0
0
0
0
0
0
0
0
50
0
0
0
0
0
0
-50
0
50
0
0
0
0
0
0
24
0
56
0
0
0
0
0
0
0
0
0
0
0
0
0
0
0
0
0
0
0
0
0
0
0
0
0
0
0
0
0
0
0
0
0
0
0
0
0
0
0
0
0
0
0
0
0
0
0
0
0
0
0
0
0
0
19
0
0
0
0
0
0
0
0
0
0
0
0
0
61
55
0
0
0
0
0
-106
0
0
-677
0
200
0
0
0
0
0
0
0
0
0
0
0
0
0
0
0
0
0
0
0
0
0
0
0
0
0
0
0
0
0
-42
0
0
0
-210
0
104
-159
0
-44
0
0
0
0
0
72
645
0
64
0
0
-54
-5
0
-170
-194
0
-831
0
0
0
0
0
554
419
0
122
177
0
-355
-17
0
47
-728
0
-172
0
0
0
244
0
145
0
0
0
0
0
0
0
0
0
0
0
0
0
0
0
0
0
0
0
0
0
0
0
0
0
0
0
49
0
-33
0
0
0
52
0
109
192
0
244
0
0
0
44
0
-63
244
0
145
0
0
0
0
0
0
0
0
102
0
0
0
0
0
0
-7
0
0
184
0
0
0
0
0
0
0
0
0
0
0
0
0
0
0
0
0
0
0
0
0
0
0
0
0
0
0
0
0
0
0
0
0
0
0
0
0
0
0
0
0
0
0
13
0
0
0
0
0
0
90
0
116
0
0
-147
0
0
0
0
0
0
0
0
0
0
0
0
0
0
0
0
0
0
0
0
109
0
0
0
0
0
0
0
0
0
0
0
0
64
0
-109
126
0
158
0
0
0
0
0
0
0
0
0
0
0
0
0
0
0
0
0
0
64
0
-109
0
0
0
0
0
0
33
0
0
0
0
0
0
0
185
48
0
20
0
0
58
0
0
115
126
0
158
0
0
0
0
0
414
235
0
369
0
0
0
0
0
55
391
0
566
102
0
159
89
0
48
166
0
-476
0
0
0
0
0
270
16
0
0
0
0
0
0
0
0
0
0
0
0
0
0
0
0
0
-64
0
-64
0
0
0
0
0
0
116
0
1652
0
0
0
0
0
1194
-10
0
370
63
0
-95
-16
0
-16
-32
0
108
0
0
0
0
0
0
0
0
0
0
0
0
0
0
0
204
0
88
123
0
457
-55
0
0
0
0
0
0
0
0
0
0
0
0
0
0
0
0
0
0
0
0
0
0
0
0
0
0
0
0
0
0
0
0
0
0
0
0
0
0
58
0
236
0
0
0
0
0
0
0
0
132
64
0
-61
0
0
235
0
0
0
0
0
0
0
0
0
-4
0
0
0
0
0
0
0
-52
0
0
0
59
0
-192
-64
0
-190
-64
0
0
-14
0
0
-50
0
-152
0
0
0
0
0
0
0
0
0
0
0
0
0
0
0
0
0
0
50
0
0
0
0
0
0
0
0
54
0
-2316
0
0
0
0
0
0
112
0
40
0
0
274
-56
0
-25
-312
0
189
0
0
-32
0
0
579
691
0
52
0
0
0
0
0
26
-104
0
210
0
0
0
0
0
0
146
0
449
0
0
0
0
0
0
0
0
0
0
0
0
0
0
0
0
0
0
0
0
0
0
0
0
0
0
0
0
0
0
-34
0
0
-55
0
-111
0
0
0
0
0
0
42
0
0
0
0
0
0
0
-19
70
0
-62
0
0
0
0
0
0
0
0
0
0
0
0
0
0
0
0
0
0
0
0
0
-50
0
0
0
0
0
0
0
0
0
0
0
0
0
0
0
0
0
0
0
0
0
0
0
0
0
0
0
0
0
0
0
0
0
0
0
0
0
0
0
0
0
0
0
0
0
0
0
0
0
0
0
0
0
0
0
0
0
0
0
0
0
0
0
0
0
0
0
0
0
0
0
-26
0
0
0
0
0
0
0
0
0
0
0
65
0
0
0
0
0
18
0
403
0
0
0
0
0
0
0
0
0
0
0
0
0
0
0
0
0
0
50
0
0
0
0
0
64
0
0
111
0
55
0
0
0
-52
0
-691
173
0
-40
0
0
55
-38
0
278
-34
0
32
0
0
0
-82
0
129
1640
0
1022
-262
0
22
260
0
163
2509
0
137
61
0
549
0
0
-58
235
0
369
16
0
0
116
0
1652
-64
0
-184
0
0
0
0
0
42
0
0
0
0
0
0
0
0
0
0
0
0
0
0
0
0
0
0
0
0
160
0
0
0
0
0
62
0
0
40
0
0
0
0
0
0
0
0
55
0
0
0
0
0
1194
660
0
55
0
0
-64
96
0
61
1344
0
449
0
0
0
0
0
0
0
0
0
0
0
0
58
0
236
0
0
0
0
0
0
0
0
0
0
0
0
0
0
0
0
0
0
0
0
0
0
0
0
0
0
0
0
0
0
0
0
0
0
0
0
0
0
0
0
0
0
0
0
0
0
0
0
0
0
0
0
0
0
0
0
0
0
0
0
0
0
0
0
0
63
0
0
0
915
0
0
-4
0
0
0
0
0
54
0
-2316
0
0
0
0
0
0
0
0
0
0
0
98
0
0
0
0
0
0
0
0
0
0
0
0
0
0
0
0
0
-6
0
0
0
0
0
103
0
0
155
0
0
0
0
0
34
0
0
-52
0
0
0
0
0
0
3826
0
1176
0
0
55
595
0
289
7884
0
219
-3832
0
63
1094
0
-282
904
0
107
-134
0
16
186
0
1200
0
0
55
52
0
0
62
0
26
142
0
0
69
0
-50
0
0
28
198
0
0
-64
0
0
0
0
62
595
0
289
62
0
26
0
0
52
-110
0
937
109
0
82
44
0
-269
0
0
0
0
0
-107
0
0
151
874
0
112
50
0
0
46
0
0
675
0
142
1647
0
-453
3735
0
1148
0
0
0
50
0
0
263
0
-263
50
0
0
0
0
0
0
0
0
153
0
0
357
0
550
58
0
-266
0
0
0
64
0
-64
0
0
-50
46
0
0
0
0
0
0
0
126
1395
0
-64
120
0
2043
-325
0
846
0
0
0
0
0
0
0
0
0
0
0
0
0
0
0
0
0
-78
967
0
-50
-210
0
-112
-3007
0
-346
-151
0
0
-62
0
0
-1200
0
-186
0
0
0
0
0
0
0
0
0
62
0
574
0
0
118
0
0
-2683
107
0
0
0
0
64
-16
0
134
0
0
-78
0
0
0
0
0
-12
-50
0
124
120
0
-476
-120
0
-289
0
0
0
0
0
-198
-107
0
-904
-579
0
0
0
0
0
152
0
50
58
0
0
0
0
0
3146
0
93
377
0
0
0
0
0
1010
0
206
32
0
0
0
0
0
0
0
14
0
0
0
0
0
0
62
0
0
0
0
0
0
0
0
276
0
0
-189
0
312
0
0
-50
0
0
64
0
0
0
0
0
0
0
0
0
0
0
0
0
0
0
0
0
0
0
0
0
0
0
0
0
0
0
0
0
0
0
0
0
54
0
-705
-63
0
0
50
0
0
5
0
36
0
0
0
0
0
0
0
0
0
0
0
0
0
0
0
0
0
0
0
0
0
0
0
0
0
0
0
0
0
0
0
0
0
0
0
0
0
0
0
0
0
0
0
0
0
0
0
0
0
0
0
0
0
-48
0
0
0
0
0
0
-270
0
0
37
0
0
294
0
0
-1634
0
-58
-563
0
17
50
0
0
-27
0
-64
0
0
0
0
0
0
0
0
0
0
0
0
0
0
0
54
0
0
0
0
0
0
0
0
64
0
0
-108
0
32
64
0
64
476
0
-166
0
0
382
0
0
-50
-168
0
-1298
16
0
46
64
0
-47
262
0
428
1673
0
959
113
0
300
121
0
649
1553
0
308
20
0
2617
368
0
-62
391
0
566
0
0
0
-10
0
370
293
0
211
0
0
0
62
0
-4
153
0
172
0
0
0
0
0
0
102
0
159
0
0
0
63
0
-95
-454
0
-740
0
0
-62
0
0
24
86
0
-117
0
0
0
-296
0
64
89
0
48
0
0
0
-16
0
-16
204
0
-198
-5
0
0
46
0
-717
1635
0
59
0
0
0
0
0
0
204
0
88
0
0
0
0
0
132
443
0
-421
64
0
-192
0
0
-399
528
0
594
0
0
0
0
0
0
123
0
457
0
0
0
64
0
-61
68
0
-440
0
0
0
0
0
-148
-128
0
422
0
0
0
36
0
0
-55
0
0
0
0
0
0
0
235
658
0
0
0
0
0
0
0
0
0
0
0
0
0
0
244
0
1343
0
0
0
0
0
0
112
0
40
727
0
-320
0
0
0
0
0
-72
0
0
82
0
0
0
368
0
506
59
0
-192
0
0
0
0
0
274
-518
0
-1563
0
0
-36
388
0
-555
58
0
202
0
0
0
-62
0
30
-64
0
-190
0
0
0
-56
0
-25
7884
0
219
142
0
0
-110
0
937
1852
0
202
5761
0
238
39
0
1251
289
0
120
2683
0
0
346
0
3007
-3832
0
63
69
0
-50
109
0
82
5761
0
238
1864
0
0
-3751
0
413
476
0
-120
-118
0
0
112
0
210
1094
0
-282
0
0
28
44
0
-269
39
0
1251
-3751
0
413
414
0
8792
-124
0
50
-574
0
-62
50
0
-967
675
0
142
153
0
0
1395
0
-64
-1936
0
0
-6123
0
-1783
2830
0
-2830
-846
0
325
266
0
-58
-1148
0
-3735
1647
0
-453
357
0
550
120
0
2043
-6123
0
-1783
0
0
0
1783
0
6123
-2043
0
-120
-550
0
-357
453
0
-1647
3735
0
1148
58
0
-266
-325
0
846
2830
0
-2830
1783
0
6123
0
0
1936
64
0
-1395
0
0
-153
-142
0
-675
967
0
-50
62
0
574
-50
0
124
-8792
0
-414
-413
0
3751
-1251
0
-39
269
0
-44
-28
0
0
282
0
-1094
-210
0
-112
0
0
118
120
0
-476
-413
0
3751
0
0
-1864
-238
0
-5761
-82
0
-109
50
0
-69
-63
0
3832
-3007
0
-346
0
0
-2683
-120
0
-289
-1251
0
-39
-238
0
-5761
-202
0
-1852
-937
0
110
0
0
-142
-219
0
-7884
25
0
56
0
0
0
190
0
64
-30
0
62
0
0
0
-202
0
-58
555
0
-388
36
0
0
1563
0
518
-274
0
0
0
0
0
192
0
-59
-506
0
-368
0
0
0
-82
0
0
72
0
0
0
0
0
320
0
-727
-40
0
-112
0
0
0
0
0
0
-1343
0
-244
0
0
0
0
0
0
0
0
0
0
0
0
0
0
-658
-235
0
0
0
0
0
0
0
55
0
0
-36
0
0
0
-422
0
128
148
0
0
0
0
0
440
0
-68
61
0
-64
0
0
0
-457
0
-123
0
0
0
0
0
0
-594
0
-528
399
0
0
192
0
-64
421
0
-443
-132
0
0
0
0
0
-88
0
-204
0
0
0
0
0
0
-59
0
-1635
717
0
-46
0
0
5
198
0
-204
16
0
16
0
0
0
-48
0
-89
-64
0
296
0
0
0
117
0
-86
-24
0
0
62
0
0
740
0
454
95
0
-63
0
0
0
-159
0
-102
0
0
0
0
0
0
-172
0
-153
4
0
-62
0
0
0
-211
0
-293
-370
0
10
0
0
0
-566
0
-391
62
0
-368
-2617
0
-20
-308
0
-1553
-649
0
-121
-300
0
-113
-959
0
-1673
-428
0
-262
47
0
-64
-46
0
-16
1298
0
168
50
0
0
-382
0
0
166
0
-476
-64
0
-64
-32
0
108
0
0
-64
0
0
0
0
0
0
0
0
-54
0
0
0
0
0
0
0
0
0
0
0
0
0
0
0
64
0
27
0
0
-50
-17
0
563
58
0
1634
0
0
-294
0
0
-37
0
0
270
0
0
0
0
0
0
48
0
0
0
0
0
0
0
0
0
0
0
0
0
0
0
0
0
0
0
0
0
0
0
0
0
0
0
0
0
0
0
0
0
0
0
0
0
0
0
0
0
0
0
0
0
0
0
0
0
0
0
0
0
-36
0
-5
0
0
-50
0
0
63
705
0
-54
0
0
0
0
0
0
0
0
0
0
0
0
0
0
0
0
0
0
0
0
0
0
0
0
0
0
0
0
0
0
0
0
0
-64
0
0
50
0
0
-312
0
189
0
0
-276
0
0
0
0
0
0
0
0
-62
0
0
0
0
0
0
-14
0
0
0
0
0
0
0
-32
-206
0
-1010
0
0
0
0
0
-377
-93
0
-3146
0
0
0
0
0
-58
-50
0
-152
0
0
0
0
0
579
904
0
107
198
0
0
0
0
0
289
0
120
476
0
-120
-124
0
50
12
0
0
0
0
0
78
0
0
-134
0
16
-64
0
0
0
0
-107
2683
0
0
-118
0
0
-574
0
-62
0
0
0
0
0
0
0
0
0
186
0
1200
0
0
62
0
0
151
346
0
3007
112
0
210
50
0
-967
78
0
0
0
0
0
0
0
0
0
0
0
0
0
0
0
0
0
-846
0
325
-2043
0
-120
64
0
-1395
-126
0
0
0
0
0
0
0
-46
50
0
0
64
0
-64
0
0
0
266
0
-58
-550
0
-357
0
0
-153
0
0
0
0
0
0
0
0
-50
263
0
-263
0
0
-50
0
0
0
-1148
0
-3735
453
0
-1647
-142
0
-675
0
0
-46
0
0
-50
-112
0
-874
-151
0
0
107
0
0
0
0
0
269
0
-44
-82
0
-109
-937
0
110
-52
0
0
-26
0
-62
-289
0
-595
-62
0
0
0
0
64
0
0
-198
-28
0
0
50
0
-69
0
0
-142
-26
0
-62
0
0
-52
-55
0
0
-1200
0
-186
-16
0
134
-107
0
-904
282
0
-1094
-63
0
3832
-219
0
-7884
-289
0
-595
-55
0
0
-1176
0
-3826
0
0
0
0
0
0
52
0
0
-34
0
0
0
0
0
-155
0
0
-103
0
0
0
0
0
6
0
0
0
0
0
0
0
0
0
0
0
0
0
0
0
0
0
-98
0
0
0
0
0
0
0
0
0
0
0
2316
0
-54
0
0
0
0
0
4
0
0
-915
0
0
0
-63
0
0
0
0
0
0
0
0
0
0
0
0
0
0
0
0
0
0
0
0
0
0
0
0
0
0
0
0
0
0
0
0
0
0
0
0
0
0
0
0
0
0
0
0
0
0
0
0
0
0
0
0
0
0
0
0
0
0
0
0
0
0
0
0
0
-236
0
-58
0
0
0
0
0
0
0
0
0
0
0
0
-449
0
-1344
-61
0
-96
64
0
0
-55
0
-660
-1194
0
0
0
0
0
-55
0
0
0
0
0
0
0
0
-40
0
0
-62
0
0
0
0
0
-160
0
0
0
0
0
0
0
0
0
0
0
0
0
0
0
0
0
0
0
0
-42
0
0
0
0
0
184
0
64
-1652
0
-116
0
0
-16
-369
0
-235
58
0
0
-549
0
-61
-137
0
-2509
-163
0
-260
-22
0
262
-1022
0
-1640
-129
0
82
0
0
0
-32
0
34
-278
0
38
-55
0
0
40
0
-173
691
0
52
0
0
0
-55
0
-111
0
0
-64
0
0
0
0
0
-50
0
0
0
0
0
0
0
0
0
0
0
0
0
0
0
0
0
0
-403
0
-18
0
0
0
0
0
-65
0
0
0
0
0
0
0
0
0
0
0
26
0
0
0
0
0
0
0
0
0
0
0
0
0
0
0
0
0
0
0
0
0
0
0
0
0
0
0
0
0
0
0
0
0
0
0
0
0
0
0
0
0
0
0
0
0
0
0
0
0
0
0
0
0
0
0
0
0
0
0
0
0
0
0
0
0
0
0
0
0
0
0
50
0
0
0
0
0
0
0
0
0
0
0
0
0
0
0
0
0
0
0
0
0
62
0
-70
19
0
0
0
0
0
0
0
-42
0
0
0
0
0
0
111
0
55
0
0
34
0
0
0
0
0
0
0
0
0
0
0
0
0
0
0
0
0
0
0
0
0
0
0
0
0
0
0
0
0
0
-449
0
-146
0
0
0
0
0
0
-210
0
104
-26
0
0
0
0
0
-52
0
-691
-579
0
0
32
0
0
-189
0
312
25
0
56
-274
0
0
-40
0
-112
0
0
0
0
0
0
2316
0
-54
0
0
0
0
0
0
0
0
-50
0
0
0
0
0
0
0
0
0
0
0
0
0
0
0
0
0
0
152
0
50
0
0
14
0
0
64
190
0
64
192
0
-59
0
0
0
52
0
0
0
0
0
0
0
4
0
0
0
0
0
0
0
0
0
-235
0
0
61
0
-64
-132
0
0
0
0
0
0
0
0
-236
0
-58
0
0
0
0
0
0
0
0
0
0
0
0
0
0
0
0
0
0
0
0
0
0
0
0
0
0
0
0
0
0
0
0
0
0
0
0
0
0
55
-457
0
-123
-88
0
-204
0
0
0
0
0
0
0
0
0
0
0
0
0
0
0
-108
0
32
16
0
16
95
0
-63
-370
0
10
-1194
0
0
0
0
0
-1652
0
-116
0
0
0
0
0
0
64
0
64
0
0
0
0
0
0
0
0
0
0
0
0
0
0
0
0
0
-16
-270
0
0
0
0
0
476
0
-166
-48
0
-89
-159
0
-102
-566
0
-391
-55
0
0
0
0
0
-369
0
-235
-414
0
0
0
0
0
-158
0
-126
-115
0
0
-58
0
0
-20
0
-48
-185
0
0
0
0
0
0
0
-33
0
0
0
0
0
0
109
0
-64
0
0
0
0
0
0
0
0
0
0
0
0
0
0
0
0
0
0
-158
0
-126
109
0
-64
0
0
0
0
0
0
0
0
0
0
0
0
-109
0
0
0
0
0
0
0
0
0
0
0
0
0
0
0
0
0
0
0
0
147
0
0
-116
0
-90
0
0
0
0
0
0
-13
0
0
0
0
0
0
0
0
0
0
0
0
0
0
0
0
0
0
0
0
0
0
0
0
0
0
0
0
0
0
0
0
0
0
0
0
0
0
0
0
0
0
0
-184
0
0
7
0
0
0
0
0
0
-102
0
0
0
0
0
0
0
0
-145
0
-244
63
0
-44
0
0
0
-244
0
-192
-109
0
-52
0
0
0
33
0
-49
0
0
0
0
0
0
0
0
0
0
0
0
0
0
0
0
0
0
0
0
0
0
0
0
0
0
0
-145
0
-244
0
0
0
172
0
728
-47
0
17
355
0
-177
-122
0
-419
-554
0
0
0
0
0
831
0
194
170
0
5
54
0
0
-64
0
-645
-72
0
0
0
0
0
44
0
159
-104
0
210
0
0
0
42
0
0
0
0
0
0
0
0
0
0
0
0
0
0
0
0
0
0
0
0
0
0
0
0
0
0
0
0
0
-200
0
677
0
0
106
0
0
0
0
0
-55
-61
0
0
0
0
0
0
0
0
0
0
0
0
0
-19
0
0
0
0
0
0
0
0
0
0
0
0
0
0
0
0
0
0
0
0
0
0
0
0
0
0
0
0
0
0
0
0
0
0
0
0
0
0
0
0
0
0
0
0
0
0
0
0
0
0
0
0
0
0
-56
0
-24
0
0
0
0
0
0
-50
0
50
0
0
0
0
0
0
-50
0
0
0
0
0
0
0
0
-16
0
0
0
0
0
-131
0
54
0
0
0
0
0
0
-159
0
-44
0
0
0
0
0
0
173
0
-40
-58
0
-64
0
0
0
-61
0
-114
0
0
61
0
0
0
0
0
0
0
0
0
0
0
0
0
0
55
-238
0
-677
0
0
0
-174
0
-1380
55
0
0
0
0
0
0
0
72
0
0
0
0
0
0
-38
0
278
58
0
0
0
0
0
0
0
0
-30
0
62
-506
0
-368
-1343
0
-244
-34
0
0
0
0
0
0
0
-915
0
0
0
0
0
0
0
0
0
0
0
0
0
0
0
0
0
0
0
0
0
0
0
0
0
0
0
3146
0
93
62
0
0
0
0
0
-202
0
-58
-82
0
0
0
0
0
-155
0
0
-98
0
0
-63
0
0
0
0
0
0
0
0
0
0
0
0
0
-36
0
0
0
0
0
0
0
0
0
0
0
0
0
0
0
0
0
0
0
0
0
0
0
0
0
0
0
0
0
0
0
0
0
0
0
0
0
0
0
0
0
0
54
0
-705
0
0
0
0
0
0
-422
0
128
-594
0
-528
-59
0
-1635
0
0
0
0
0
0
-449
0
-1344
37
0
0
0
0
0
0
0
382
-64
0
296
0
0
0
62
0
-368
0
0
0
0
0
0
58
0
0
294
0
0
0
0
0
0
0
-50
0
0
0
0
0
0
-2617
0
-20
0
0
0
0
0
0
-549
0
-61
-1634
0
-58
54
0
0
-168
0
-1298
117
0
-86
-172
0
-153
-308
0
-1553
-40
0
0
0
0
0
-137
0
-2509
-115
0
0
0
0
0
0
0
0
0
0
0
0
0
0
0
0
0
0
0
56
0
0
0
0
0
63
-58
0
0
0
0
0
0
0
0
0
0
0
0
0
0
0
0
0
0
0
0
0
0
0
0
0
0
-20
0
-48
0
0
0
0
0
0
0
0
0
0
0
0
0
0
0
-90
0
0
0
0
0
0
0
0
0
0
0
0
0
0
0
0
0
0
0
0
64
0
0
0
0
0
0
0
0
0
0
0
0
0
0
147
0
0
0
0
0
0
0
-184
64
0
0
0
0
0
0
0
0
123
0
0
0
0
0
0
0
0
-116
0
-90
0
0
0
0
0
7
0
0
0
0
0
0
-318
0
0
18
0
-42
0
0
0
-56
0
67
63
0
-44
0
0
0
-47
0
17
0
0
0
0
0
0
-44
0
0
-4
0
0
0
0
0
193
0
-96
0
0
0
0
0
0
355
0
-177
0
0
0
0
0
0
0
0
0
64
0
0
0
0
0
250
0
42
-244
0
-192
0
0
0
-122
0
-419
-44
0
0
0
0
0
-424
0
-92
10
0
-96
-42
0
0
-169
0
-213
528
0
175
0
0
0
-86
0
-1289
1380
0
174
114
0
61
-54
0
131
146
0
449
0
0
0
70
0
-62
0
0
0
0
0
0
0
0
0
0
0
0
0
0
0
0
0
0
0
0
0
0
0
0
0
0
0
-102
0
8
0
0
-44
0
0
-32
677
0
238
64
0
58
0
0
16
0
0
0
-34
0
0
0
0
0
0
0
0
0
0
0
0
0
0
0
0
0
0
0
0
0
0
0
0
0
0
0
0
0
0
0
0
0
0
0
0
0
0
0
0
0
0
0
0
0
0
0
0
0
0
0
0
0
0
0
0
0
0
0
62
0
-62
0
0
0
0
0
0
24
0
56
0
0
0
0
0
0
0
0
0
0
0
0
0
0
0
32
0
0
0
0
0
1289
0
86
0
0
0
0
0
0
645
0
64
65
0
0
50
0
0
-34
0
32
44
0
0
0
0
0
0
0
0
-106
0
0
0
0
0
0
0
-54
0
0
0
0
0
0
0
0
0
-8
0
102
0
0
0
-175
0
-528
-677
0
200
0
0
0
-5
0
-170
18
0
403
64
0
0
-82
0
129
377
0
0
0
0
0
0
0
0
555
0
-388
72
0
0
0
0
0
-103
0
0
0
0
0
0
0
0
0
0
0
0
0
0
0
0
0
36
0
0
0
0
0
0
0
0
0
0
0
0
0
0
0
0
0
1010
0
206
276
0
0
0
0
0
1563
0
518
320
0
-727
0
0
-658
6
0
0
0
0
0
0
0
0
-63
0
0
0
0
0
0
0
0
148
0
0
399
0
0
717
0
-46
0
0
0
0
0
0
-61
0
-96
50
0
0
0
0
0
0
0
0
0
0
0
192
0
-64
0
0
5
0
0
0
0
0
0
64
0
0
5
0
36
0
0
0
0
0
-48
440
0
-68
421
0
-443
198
0
-204
0
0
0
0
0
0
-55
0
-660
-563
0
17
0
0
0
16
0
46
-24
0
0
4
0
-62
-649
0
-121
-62
0
0
-42
0
0
-163
0
-260
50
0
0
0
0
0
64
0
-47
62
0
0
0
0
0
-300
0
-113
0
0
0
0
0
0
-22
0
262
-27
0
-64
64
0
0
262
0
428
740
0
454
-211
0
-293
-959
0
-1673
-160
0
0
184
0
64
-1022
0
-1640
-185
0
0
0
0
0
-109
0
0
0
0
56
0
0
0
-90
0
0
0
0
0
0
0
0
0
0
-50
0
0
0
0
0
0
0
0
0
0
0
0
0
0
0
0
0
0
0
0
0
0
0
0
0
0
0
0
0
-33
0
0
0
0
0
0
0
0
63
0
0
0
0
0
0
0
0
-50
0
0
0
0
0
0
0
0
0
0
0
0
0
0
0
0
0
0
123
0
0
18
0
-42
0
0
0
0
0
0
18
0
0
0
0
0
0
0
0
0
0
0
0
0
0
0
0
0
0
0
0
0
0
0
0
0
0
0
0
0
-13
0
0
0
0
0
-102
0
0
0
0
0
0
0
0
-56
0
67
18
0
0
0
0
0
-110
0
-396
-109
0
-52
0
0
0
-554
0
0
-4
0
0
64
0
0
10
0
-96
-304
0
0
0
0
0
-210
0
19
0
0
0
0
0
0
0
0
0
0
0
0
0
0
0
-42
0
0
0
0
0
0
0
0
0
0
-51
33
0
-49
0
0
0
831
0
194
193
0
-96
250
0
42
-169
0
-213
-210
0
19
0
0
-51
-274
0
708
-656
0
1222
0
0
-153
-30
0
326
-62
0
462
0
0
-199
0
0
-366
-64
0
-117
0
0
0
-46
0
-48
0
0
-153
0
0
0
0
0
-16
0
0
0
0
0
0
0
0
0
0
0
0
0
0
0
0
0
0
-30
0
326
0
0
-16
0
0
126
50
0
0
0
0
0
0
0
0
0
0
0
0
0
0
0
0
0
0
0
0
0
0
0
0
0
0
0
0
0
0
0
0
0
0
0
0
0
0
0
0
0
0
0
0
0
0
0
0
0
0
0
0
0
0
0
0
0
0
0
0
0
0
0
0
0
0
0
0
0
0
0
0
0
0
0
0
0
0
0
0
0
0
0
0
0
0
0
0
0
0
0
0
0
0
0
0
0
0
0
0
-506
0
0
50
0
0
50
0
0
-204
0
0
-382
0
0
-464
0
0
0
0
0
0
-34
0
0
0
0
50
0
0
0
0
0
0
0
0
56
0
0
0
0
0
0
0
0
40
0
0
0
0
0
0
0
0
50
0
0
0
0
0
0
0
0
-10
0
0
0
0
0
56
0
0
0
0
0
0
0
0
0
-267
0
271
0
0
0
0
0
58
26
0
-228
0
0
-114
0
0
0
-86
0
-4
0
0
-64
0
0
-314
0
0
44
0
0
0
0
0
0
0
0
0
0
0
0
0
0
0
0
0
0
0
0
0
0
0
0
42
0
1084
0
0
0
0
0
48
0
0
0
0
0
0
0
0
-50
0
0
0
0
0
0
0
0
-60
46
0
0
0
0
0
0
0
0
0
0
0
0
0
0
0
0
0
0
0
0
0
0
0
0
0
0
0
0
0
0
0
0
0
0
0
0
0
0
0
0
0
0
0
0
0
0
0
0
0
0
0
0
0
0
0
0
0
0
0
0
0
0
0
0
0
0
0
0
0
0
0
0
0
0
0
0
0
0
0
0
0
0
-260
0
0
-184
0
0
-70
-62
0
-272
56
0
-59
-62
0
-573
0
0
-255
0
0
-64
0
0
-63
0
0
0
0
0
0
0
0
0
0
0
0
0
0
0
0
0
-62
0
0
-63
0
0
0
56
0
0
0
0
-10
0
0
0
0
0
50
0
0
0
0
0
0
0
0
4
0
0
-230
0
0
0
0
0
28
-148
0
-44
-64
0
0
-98
0
-357
70
0
-42
0
0
0
-62
0
0
-36
0
247
-64
0
0
-276
0
-105
0
0
20
0
0
0
0
0
0
0
0
0
0
0
0
0
0
0
0
0
0
0
0
0
0
0
0
68
0
83
-56
0
0
0
0
-151
0
0
0
0
0
0
0
0
0
0
0
20
-57
0
-59
0
0
63
0
0
0
0
0
0
0
0
0
0
0
0
0
0
0
0
0
0
0
0
0
0
0
0
0
0
-48
0
0
0
0
0
0
0
0
0
0
0
0
0
0
0
0
0
0
0
0
0
0
0
0
0
0
0
0
0
0
0
0
0
0
0
0
0
0
0
0
0
-63
0
0
-58
0
0
0
0
0
-63
0
0
0
0
0
-129
0
0
-47
0
0
-254
-35
0
-28
0
0
0
-64
0
-62
-118
0
-904
0
0
-231
12
0
-340
0
0
0
0
0
0
0
0
0
0
0
0
0
0
0
0
0
0
0
0
0
0
0
0
64
0
0
0
0
-116
0
0
-50
-100
0
-64
0
0
44
0
0
0
-145
0
-50
-96
0
-141
0
0
0
-337
0
1102
-62
0
462
0
0
0
50
0
0
0
0
-644
0
0
-64
0
0
0
-62
0
128
0
0
0
0
0
-64
0
0
-199
0
0
0
0
0
0
0
0
-64
0
0
0
0
0
0
0
0
-217
0
0
0
0
0
0
0
0
-366
0
0
0
0
0
0
0
0
0
0
0
0
0
0
0
0
0
0
0
0
0
0
0
-46
0
0
0
0
0
0
0
0
0
0
0
0
0
0
0
0
0
0
0
0
0
0
0
0
0
0
-96
0
0
0
0
0
0
0
0
0
0
0
0
0
0
0
0
0
0
0
0
0
0
0
0
0
0
-57
0
0
0
0
0
0
0
0
0
0
0
0
0
0
0
0
0
0
0
0
0
0
0
0
0
0
0
0
0
-204
0
0
56
0
0
-10
0
0
0
0
0
0
0
0
0
0
0
0
0
0
0
0
0
0
0
0
-382
0
0
0
0
0
0
0
0
0
0
0
0
0
0
-61
0
0
0
0
0
0
0
0
0
0
0
-464
0
0
0
0
0
56
0
0
0
0
0
-61
0
0
0
0
0
0
0
0
0
0
0
0
0
0
62
0
0
0
0
0
0
0
0
-130
0
0
0
0
0
0
0
0
79
0
0
0
0
0
0
0
0
-36
0
0
0
0
0
0
52
0
-121
0
0
0
0
0
0
0
0
-52
0
0
0
0
0
-57
0
0
0
0
0
0
0
0
0
0
0
0
0
0
0
0
0
0
0
0
0
0
0
0
0
0
0
0
0
0
0
0
0
0
0
0
0
0
0
0
0
0
0
0
0
0
0
0
0
0
0
0
0
0
0
0
0
0
0
0
0
0
0
0
0
0
0
0
0
0
0
0
0
0
0
0
0
0
0
0
0
0
0
0
0
0
0
0
0
0
0
0
0
0
0
0
0
0
0
0
0
0
0
0
0
0
0
0
0
0
-1
0
0
0
0
0
0
0
0
-299
0
0
0
0
0
-211
0
0
-98
0
0
0
0
0
0
0
0
0
0
0
0
0
0
0
0
0
-742
0
0
0
0
0
0
0
0
64
0
0
0
0
0
-40
0
0
-38
0
0
0
0
0
-64
0
0
-291
0
0
-59
-52
0
-113
0
0
-52
0
0
0
0
0
0
0
0
20
0
0
0
0
0
0
0
0
126
0
0
0
0
0
0
1080
0
1110
0
0
0
540
0
-54
0
0
0
0
0
0
0
0
0
0
0
0
0
0
0
0
0
0
0
0
287
0
0
0
0
0
-52
0
0
0
0
0
0
0
0
0
0
0
-126
0
0
0
0
0
0
0
0
60
0
0
0
0
0
-58
103
0
0
0
0
0
0
0
0
0
0
0
0
0
0
0
0
0
112
0
0
0
0
0
96
0
0
0
0
0
0
0
0
0
0
0
0
0
0
0
0
0
0
0
0
128
0
0
0
0
0
0
0
-202
0
0
0
0
0
0
0
0
0
0
0
0
0
0
0
0
0
0
0
0
0
0
0
0
0
0
0
81
0
-62
0
0
0
0
0
-152
0
0
-22
59
0
62
0
0
0
-18
0
392
0
0
0
192
0
294
0
0
0
0
0
0
0
0
0
0
0
0
0
0
0
0
0
0
0
0
-203
0
0
0
64
0
0
0
0
-353
0
0
0
52
0
-46
0
0
44
0
0
0
0
0
26
0
0
-216
0
0
0
0
0
94
-64
0
-117
0
0
0
0
0
0
-62
0
128
0
0
-217
0
0
0
0
0
126
0
0
0
0
0
0
0
0
0
0
0
0
0
0
0
0
0
0
0
0
0
0
0
0
0
0
0
0
0
0
0
0
0
-46
0
-48
0
0
0
0
0
0
0
0
-64
0
0
0
0
0
-46
0
0
0
0
0
0
0
0
0
0
0
0
0
0
0
0
0
0
0
0
0
0
0
0
0
0
0
0
0
0
0
0
0
0
0
0
0
0
0
0
0
0
0
0
0
0
0
0
0
0
0
0
0
0
0
0
0
0
0
0
0
0
0
0
0
0
0
0
0
0
0
0
0
0
-96
0
0
-57
0
0
0
0
0
0
0
0
0
0
0
0
0
0
0
0
0
40
0
0
0
0
0
0
0
0
0
0
0
0
0
0
0
0
0
0
0
0
98
0
0
0
0
0
0
0
0
0
0
0
0
0
0
0
0
0
0
0
0
0
0
0
0
0
0
0
-34
0
0
0
0
0
0
0
0
0
0
0
0
0
0
0
0
0
0
0
98
0
0
0
0
0
124
0
0
92
0
0
0
0
0
0
-324
0
0
0
0
0
0
0
0
81
0
0
0
0
0
0
0
0
0
0
0
0
0
0
0
0
0
0
0
0
0
0
0
0
0
0
58
0
0
0
0
0
0
0
0
0
0
125
0
0
0
0
0
0
0
0
-610
0
0
0
0
0
0
0
0
0
0
0
0
0
0
0
-64
0
0
0
0
0
0
0
0
0
0
0
0
0
0
0
0
0
0
0
0
0
0
0
0
0
0
0
0
0
0
0
0
0
0
0
0
0
0
0
0
0
0
0
0
0
0
0
0
0
0
0
0
0
0
0
0
0
0
0
0
0
0
0
0
0
0
0
0
0
0
0
0
0
0
0
0
0
0
0
0
-84
0
0
0
0
0
0
0
0
0
0
0
0
0
0
0
0
55
-46
0
0
0
0
0
-100
0
-278
0
0
0
0
0
0
0
0
0
0
0
0
0
0
0
0
0
0
-50
0
0
0
0
0
0
0
0
0
0
0
0
0
0
0
0
63
0
0
0
0
0
0
0
0
36
0
0
0
0
0
0
0
0
-252
36
0
26
0
0
0
0
0
0
-105
0
-636
0
0
0
-50
0
0
64
0
-84
0
0
0
188
0
0
0
0
0
0
0
0
0
0
0
0
0
0
0
0
0
0
0
0
0
0
0
0
0
0
58
0
0
-16
0
0
0
0
0
0
0
0
0
0
0
0
0
0
0
0
0
0
0
168
0
0
0
0
0
0
0
0
0
0
0
0
0
0
0
0
0
0
0
0
0
0
0
0
0
0
0
0
0
-63
0
0
0
0
0
0
0
0
0
0
0
0
0
0
0
0
0
0
0
0
0
0
0
0
0
0
0
0
0
0
0
0
0
0
0
0
0
0
0
0
0
0
0
0
0
0
0
0
0
0
0
0
0
0
0
0
58
0
0
0
0
0
0
0
0
0
0
0
0
0
0
0
0
0
63
9
0
0
36
0
-251
-225
0
-523
0
0
0
0
0
0
0
0
0
0
0
0
0
0
0
0
0
0
0
0
0
0
0
0
0
0
0
49
0
0
0
0
0
0
0
0
0
0
0
0
0
0
-106
0
0
0
0
0
0
0
-63
-417
0
93
-267
0
271
0
0
44
42
0
1084
0
0
62
0
0
-36
0
0
0
0
0
92
0
0
0
0
0
125
0
0
0
0
0
0
0
0
0
0
0
0
0
0
0
0
0
0
0
0
0
0
0
0
0
0
0
0
0
58
0
0
0
0
0
48
0
0
0
0
0
0
0
0
0
0
0
0
0
0
0
0
0
0
46
0
0
0
0
0
0
0
0
0
0
0
0
0
0
0
0
0
-64
0
0
0
0
0
0
0
0
0
0
0
0
0
0
0
0
0
0
0
0
0
0
0
0
0
0
0
0
0
0
0
0
0
0
0
0
0
0
0
0
0
0
0
0
0
0
0
0
0
0
0
0
0
0
0
0
0
0
0
0
0
0
0
0
-260
0
0
0
0
0
-10
0
0
-1
0
0
0
0
0
-38
-84
0
0
0
0
0
0
0
0
0
0
-184
0
0
0
0
0
0
0
0
0
0
0
0
0
0
0
0
0
0
0
0
0
0
0
0
0
0
-70
0
0
0
0
0
50
0
0
0
0
0
0
0
0
-64
0
0
0
0
0
0
0
0
63
-506
0
-132
0
0
0
0
0
58
0
0
0
0
0
0
0
0
0
0
0
0
0
0
0
0
0
0
0
0
0
0
0
-128
0
0
-58
0
0
0
0
0
0
0
0
0
0
0
0
0
0
0
0
0
0
0
0
58
0
0
-58
0
0
248
0
0
0
0
0
0
0
0
0
0
0
0
0
0
-63
0
0
0
0
0
0
0
0
0
0
0
0
0
0
0
0
0
0
0
0
0
0
0
0
0
0
0
0
0
0
0
0
0
0
0
0
0
0
0
0
0
0
0
0
0
0
0
0
0
0
0
0
0
0
0
0
0
0
0
0
0
0
0
0
0
0
0
0
0
0
0
0
0
0
0
0
0
0
0
0
0
0
0
0
0
0
478
0
0
0
0
0
-32
-451
0
-20
0
0
-576
-44
0
-316
-115
0
-116
-61
0
0
0
0
-62
0
0
0
0
0
0
0
0
-16
0
0
0
0
0
-124
0
0
-16
0
0
0
0
0
0
0
0
0
0
0
-32
0
0
-16
0
0
-160
-64
0
-46
0
0
-156
0
0
128
0
0
0
0
0
0
0
0
76
-427
0
-72
0
0
0
-188
0
446
0
0
0
0
0
0
0
0
0
568
0
44
57
0
0
50
0
-26
0
0
-54
0
0
0
0
0
-46
0
0
0
0
0
0
0
0
0
0
0
0
0
0
0
0
0
0
0
0
0
0
0
0
0
0
54
0
0
0
0
0
0
0
0
0
0
0
0
-62
0
0
0
0
0
0
0
0
0
0
0
0
0
0
0
0
0
0
0
0
0
0
0
244
0
0
0
0
0
0
0
0
0
0
0
0
0
0
0
0
0
0
0
0
0
0
0
0
0
0
0
0
0
0
0
0
0
0
0
0
0
0
0
0
0
0
0
0
0
0
0
0
0
0
0
0
0
0
0
0
0
0
0
0
0
0
0
0
-326
0
0
0
64
0
-80
58
0
0
0
0
0
0
0
-336
-232
0
-169
22
0
-50
323
0
715
0
0
0
0
0
0
0
0
-32
0
0
0
0
0
0
0
0
0
0
0
0
0
0
0
0
0
0
0
0
-262
0
0
-50
-100
0
19
0
0
0
0
0
0
0
0
0
-56
0
-128
0
0
0
10
0
88
26
0
-228
0
0
0
0
0
0
0
0
-130
52
0
-121
0
0
0
-324
0
0
0
0
0
0
0
-610
0
0
-114
0
0
0
0
0
0
0
0
0
0
0
0
0
0
0
0
0
0
0
0
0
0
0
0
0
0
0
0
0
0
0
0
-50
0
0
0
0
0
0
0
0
0
0
0
0
0
0
0
0
0
0
0
0
0
0
0
0
0
0
0
0
0
0
0
0
0
0
0
0
0
0
0
0
0
0
0
0
0
0
0
0
0
0
0
0
0
0
0
0
0
0
0
0
0
0
0
0
0
0
0
0
0
0
0
0
0
0
0
0
0
0
0
0
0
0
0
0
0
0
0
0
0
0
0
0
0
0
0
0
0
0
0
-62
0
-272
0
0
0
0
0
0
0
0
-299
0
0
-742
0
0
-291
0
0
0
0
0
0
0
0
0
56
0
-59
0
0
0
0
0
0
0
0
0
0
0
0
0
0
-59
0
0
0
0
0
0
0
0
0
-62
0
-573
0
0
-62
0
0
4
0
0
-211
0
0
0
-52
0
-113
0
0
55
0
0
0
0
0
36
0
0
0
0
0
0
0
0
0
0
0
0
0
0
0
0
0
0
0
0
0
0
0
0
0
0
0
0
0
0
0
0
0
0
0
0
0
0
0
0
0
0
0
0
0
0
0
0
0
0
0
0
0
0
0
0
0
0
0
0
0
0
0
0
0
0
0
0
0
0
0
0
0
0
0
0
0
0
0
0
0
0
0
0
0
0
0
0
0
0
0
0
0
0
0
0
0
0
0
0
0
0
0
0
0
0
0
0
0
0
0
0
0
0
0
0
0
0
0
0
0
0
0
0
0
0
0
0
0
0
0
0
0
0
0
0
0
0
0
0
0
0
0
0
0
0
0
0
0
0
0
0
0
0
0
0
0
0
0
0
0
0
-451
0
-20
0
0
0
-64
0
-46
0
0
-154
0
0
-116
0
0
-89
-28
0
9
0
0
-90
0
0
2
0
0
-576
0
0
-124
0
0
-156
0
0
-116
0
0
0
0
0
-52
0
0
-52
0
0
0
0
0
-907
-44
0
-316
0
0
-16
0
0
128
0
0
-89
0
0
-52
0
0
0
0
0
-280
0
0
0
0
0
-889
59
0
0
0
0
0
0
0
0
-60
0
0
0
0
0
0
0
0
893
0
0
0
0
0
36
0
52
0
0
0
0
0
0
0
0
0
0
0
0
0
0
0
0
0
0
177
0
0
0
0
0
-64
0
0
-44
0
0
0
0
0
0
0
0
0
0
0
0
0
0
0
0
0
0
0
0
0
0
0
0
0
0
-64
0
0
0
0
0
0
0
0
0
0
0
0
0
0
0
0
0
524
0
0
64
0
0
0
0
-63
0
0
0
0
0
0
0
0
0
0
0
0
0
0
0
0
0
0
539
0
-62
0
0
0
64
0
-234
0
0
0
0
0
0
0
0
0
0
0
0
0
0
0
0
0
0
498
0
0
0
0
0
-56
0
-44
-50
0
-84
0
0
0
0
0
-32
0
0
0
0
0
0
0
0
90
-166
0
475
-162
0
-100
65
0
1374
0
0
-311
0
0
0
0
0
0
0
0
-116
0
0
0
0
0
0
0
0
-166
0
0
0
64
0
-218
-74
0
-198
0
0
0
0
0
-146
-52
0
-63
0
0
0
0
0
-669
-1234
0
-2568
22
0
-36
55
0
-1094
-86
0
-4
0
0
0
0
0
0
0
0
79
0
0
-52
0
0
0
81
0
0
58
0
0
0
0
0
0
0
-64
0
0
0
0
0
0
0
0
0
0
0
0
0
0
0
0
0
0
0
0
0
0
0
0
0
0
-314
0
0
0
0
0
-60
0
0
0
0
0
-57
0
0
0
0
0
0
0
0
0
0
0
0
0
0
0
0
0
0
0
0
0
0
0
0
0
0
0
0
0
0
0
0
0
0
0
0
0
0
0
0
0
0
0
0
0
0
0
0
0
0
0
0
0
0
0
0
0
0
0
0
0
0
0
0
0
0
0
0
0
0
0
0
0
0
0
0
0
0
0
0
0
0
0
0
0
0
0
0
0
0
0
0
0
0
0
-255
0
0
-63
0
0
-230
0
0
-98
0
0
64
0
0
-52
-46
0
0
-50
0
0
0
0
0
0
0
-64
0
0
0
0
0
0
0
0
0
0
0
0
0
0
0
0
0
0
0
0
0
0
0
0
0
0
-63
56
0
0
0
0
28
0
0
0
0
0
-40
0
0
0
-100
0
-278
0
0
0
0
0
-252
0
0
0
0
0
0
0
0
0
0
0
0
0
0
0
0
0
0
0
0
0
0
0
0
0
0
0
0
0
0
0
0
0
0
0
-63
0
0
0
0
0
0
0
0
0
0
0
0
0
0
0
0
0
0
0
0
0
0
0
0
0
0
0
0
0
0
0
0
0
0
0
0
0
0
0
0
0
0
0
0
0
0
0
0
0
0
0
0
0
0
0
0
0
0
0
0
0
0
0
0
0
0
0
0
0
0
0
0
0
0
0
0
0
0
0
0
0
0
0
0
0
0
0
0
0
0
0
0
0
0
0
0
0
0
0
0
0
0
0
0
0
0
0
0
0
0
0
0
0
0
0
0
0
0
0
0
0
0
0
0
0
0
-115
0
-116
0
0
0
0
0
0
-28
0
9
0
0
-52
0
0
-280
0
0
0
0
0
0
0
0
-28
-61
0
0
0
0
0
0
0
0
0
0
-90
0
0
0
0
0
0
0
0
0
0
0
0
0
0
-46
0
0
-62
0
0
0
0
0
76
0
0
2
0
0
-907
0
0
-889
0
0
-28
0
0
-46
0
0
-36
0
0
0
0
0
0
0
0
0
0
0
0
0
0
0
0
0
0
79
0
0
-62
0
0
-47
0
0
0
0
0
0
0
0
0
0
0
0
0
0
0
0
0
0
0
0
0
0
0
0
0
0
0
0
0
0
0
0
0
0
0
0
0
0
0
0
-60
0
0
0
0
0
0
0
0
0
0
0
0
0
0
0
0
0
0
0
0
0
0
0
0
0
0
0
0
0
0
0
0
0
0
0
0
0
0
0
0
0
0
0
0
0
0
0
0
0
0
0
0
0
0
0
0
0
0
0
0
0
0
0
0
0
0
0
0
0
0
0
0
0
0
0
0
0
0
0
0
0
0
0
0
0
0
0
-58
0
58
0
0
0
0
0
0
0
0
0
0
0
0
0
0
-34
0
0
0
0
0
0
0
0
-364
100
0
-236
36
0
-103
-161
0
122
0
0
0
0
0
0
0
0
0
0
0
0
0
0
0
0
0
-44
-46
0
-62
0
0
0
0
0
20
0
0
-29
0
0
0
0
0
-403
0
0
-563
0
0
0
0
0
176
-802
0
-1682
0
0
0
-189
0
-116
-148
0
-44
0
0
20
68
0
83
0
0
20
0
0
0
0
0
0
36
0
26
0
0
0
-16
0
0
-64
0
0
0
0
0
-56
0
0
0
0
0
0
0
0
0
0
0
0
0
0
0
0
0
0
0
0
-98
0
-357
0
0
0
0
0
-151
0
0
0
0
0
0
0
0
0
0
0
0
0
0
0
0
0
0
0
0
0
0
0
0
0
0
0
103
0
0
0
0
0
0
0
0
0
0
0
0
0
0
0
0
0
0
0
0
0
0
0
0
0
0
0
0
0
0
0
0
0
0
0
0
0
0
0
0
0
0
0
0
0
0
0
0
0
0
0
0
0
0
0
0
0
0
0
0
0
0
0
0
0
0
0
0
0
0
0
0
0
-129
0
0
0
0
0
-116
81
0
-62
0
0
0
0
0
-353
0
0
0
0
0
0
49
0
0
0
0
-47
0
0
0
0
0
-50
0
0
0
0
0
0
0
0
0
0
0
0
0
0
0
0
0
0
0
0
-254
0
0
0
-100
0
-64
0
0
-152
0
0
0
52
0
-46
0
0
0
0
0
0
0
0
0
-427
0
-72
0
0
-54
0
0
0
59
0
0
0
0
0
-44
0
0
0
0
0
0
0
0
0
0
0
0
0
0
0
0
0
0
0
0
0
0
0
0
0
0
0
0
0
0
0
0
0
0
0
0
0
0
-188
0
446
0
0
-46
0
0
54
0
0
0
0
0
0
0
0
0
0
0
0
0
0
0
0
0
0
0
0
0
0
0
0
0
0
0
-64
0
0
0
0
0
0
0
0
0
0
0
0
0
0
0
0
0
0
0
0
0
0
0
0
0
0
0
0
0
0
0
0
0
0
0
0
0
0
0
0
0
0
0
0
0
0
0
0
0
0
0
0
0
0
0
0
0
0
0
0
0
0
0
0
0
0
0
0
0
0
0
0
0
-326
0
0
0
0
0
-262
-50
0
-84
0
0
-311
-74
0
-198
0
0
0
0
0
0
0
0
-29
0
0
0
0
0
0
0
0
-50
0
0
0
0
0
0
0
0
0
0
0
0
0
0
0
0
0
0
64
0
-80
0
0
-32
-100
0
19
0
0
-32
0
0
0
0
0
-146
0
0
-34
0
0
0
0
0
-403
-88
0
-82
0
0
0
63
0
94
-54
0
0
0
0
0
-52
0
0
-41
0
44
0
0
0
106
0
-40
0
0
0
0
0
0
52
0
0
0
0
0
0
0
0
0
0
0
0
0
0
0
0
0
0
0
0
63
0
94
52
0
0
0
0
52
-16
0
0
0
0
0
52
0
0
0
0
0
0
0
0
0
0
-8
0
0
0
0
0
0
0
0
0
0
0
0
160
0
0
70
0
56
116
0
0
0
0
0
0
0
4
0
0
0
0
0
0
0
0
0
0
0
0
0
0
0
0
0
0
0
0
0
0
0
0
0
0
0
0
0
0
0
0
0
0
0
-72
0
0
0
0
0
-93
0
0
-54
56
0
0
0
0
0
0
0
78
0
0
424
0
0
0
196
0
-113
10
0
0
0
0
0
-49
0
-130
-108
0
-356
0
0
0
1813
0
352
0
0
0
0
0
0
0
0
-54
0
0
0
0
0
0
0
0
0
0
0
0
0
0
0
0
0
104
196
0
-113
0
0
-54
230
0
1686
58
0
41
0
0
0
-105
0
56
98
0
-420
0
0
0
816
0
2677
70
0
-42
0
0
0
0
0
0
0
0
126
0
0
0
0
0
-126
-105
0
-636
0
0
0
0
0
0
0
0
0
0
0
0
0
0
0
0
0
0
0
0
0
0
0
0
0
0
0
0
0
0
0
0
0
-62
0
0
0
0
0
0
0
0
0
0
0
0
0
0
0
0
0
-50
0
0
0
0
0
0
0
0
0
0
0
0
0
0
0
0
0
0
0
0
0
0
0
0
0
0
0
0
0
0
0
0
0
0
0
0
0
0
0
0
0
0
0
-63
0
0
0
0
0
0
0
0
0
0
0
0
0
0
0
0
0
0
0
0
0
0
0
0
0
0
-58
0
0
0
0
0
0
0
0
0
0
0
0
0
0
0
0
0
0
-35
0
-28
0
0
0
0
0
44
0
0
-22
0
0
0
0
0
44
0
0
0
0
0
0
0
0
0
0
0
0
0
0
0
0
0
0
59
0
62
0
0
0
0
0
0
0
0
0
0
0
0
0
0
0
-64
0
-62
0
0
0
-145
0
-50
0
0
0
0
0
0
0
0
26
0
0
63
0
0
0
-106
0
0
0
0
0
0
0
0
0
0
0
-60
0
0
0
0
0
0
0
0
0
0
0
0
0
0
0
0
-60
0
0
0
0
0
0
0
0
0
0
0
0
0
0
0
0
0
0
0
0
0
0
0
0
0
0
0
0
0
0
0
0
0
0
0
0
0
0
0
0
0
0
0
0
0
0
0
0
0
0
0
0
0
0
0
0
0
0
0
0
0
0
0
0
0
0
0
0
0
0
0
0
0
0
0
0
0
0
0
0
0
0
0
0
0
0
0
0
0
0
0
0
0
0
0
0
0
0
0
0
0
0
0
0
0
0
0
0
0
0
0
0
0
0
0
0
0
0
0
0
0
0
0
0
0
0
0
0
0
0
0
0
0
0
0
58
0
0
0
0
0
0
0
0
0
0
0
0
0
-116
-52
0
-63
0
0
0
0
0
0
0
0
-563
0
0
0
0
0
0
0
0
0
0
0
0
0
0
0
0
0
0
0
0
0
0
0
0
0
0
0
0
0
-336
0
0
0
0
0
0
0
0
90
0
0
0
0
0
-669
0
0
-364
0
0
-44
0
0
176
-54
0
0
0
0
0
-16
0
0
0
0
0
0
0
0
0
0
0
-6
0
0
64
0
0
10
0
0
0
0
0
0
0
0
0
0
0
0
0
0
0
0
0
0
0
0
0
0
0
0
0
0
36
0
0
-52
0
0
0
0
0
52
0
0
0
0
0
0
0
0
0
0
0
-64
0
0
0
0
0
0
0
0
0
0
0
0
0
0
0
0
0
0
0
0
0
0
0
0
0
0
55
0
0
0
0
0
62
0
0
160
0
0
0
0
0
0
0
-93
0
0
0
0
0
0
0
0
0
110
0
0
0
0
0
0
0
0
70
0
56
0
0
0
0
0
-54
0
0
0
0
0
0
0
0
0
58
0
-63
0
0
0
0
0
64
10
0
0
0
0
0
58
0
41
124
0
0
0
0
0
0
0
0
126
0
15
0
0
0
703
0
-228
0
0
0
0
0
0
0
0
0
0
0
0
0
0
0
0
0
0
64
0
2
0
0
0
108
0
55
-49
0
-130
0
0
0
-105
0
56
0
0
0
0
0
0
0
0
0
-365
0
-682
0
0
0
112
0
1322
-36
0
247
0
0
0
0
0
20
1080
0
1110
0
0
287
0
0
60
64
0
-84
0
0
0
0
0
168
-64
0
0
0
0
0
-57
0
-59
0
0
0
0
0
0
0
0
0
0
0
0
0
0
0
0
0
0
-276
0
-105
0
0
0
0
0
63
540
0
-54
0
0
-52
0
0
-58
188
0
0
58
0
0
0
0
0
0
0
0
0
0
0
0
0
0
112
0
0
128
0
0
0
0
0
0
0
0
0
0
0
0
0
0
0
0
0
0
0
0
0
0
-63
0
0
0
0
0
0
0
0
0
0
0
-63
0
0
0
0
0
0
0
0
-48
0
0
0
0
0
0
96
0
0
0
0
-202
0
0
0
0
0
0
0
0
0
0
0
58
-118
0
-904
0
0
0
-96
0
-141
-18
0
392
0
0
-203
0
0
-216
9
0
0
0
0
0
0
0
0
0
0
-231
0
0
0
0
0
0
0
0
0
0
0
0
0
0
0
36
0
-251
0
0
0
0
0
-63
12
0
-340
64
0
0
-337
0
1102
192
0
294
64
0
0
0
0
94
-225
0
-523
0
0
0
-417
0
93
568
0
44
0
0
0
0
0
0
893
0
0
177
0
0
0
0
0
79
0
0
0
0
0
0
0
0
57
0
0
0
0
0
-62
0
0
0
0
0
0
0
0
0
0
0
-62
0
0
0
0
0
0
0
0
50
0
-26
0
0
0
0
0
0
36
0
52
-64
0
0
0
0
0
-47
0
0
0
0
0
0
0
0
244
0
0
0
0
0
0
0
0
524
0
0
539
0
-62
498
0
0
0
0
0
0
0
0
-58
0
58
0
0
0
0
0
0
0
0
0
64
0
0
0
0
0
0
0
0
0
0
0
0
0
0
0
0
0
0
0
0
0
0
0
0
0
0
0
0
-63
64
0
-234
-56
0
-44
0
0
0
0
0
0
0
0
0
-232
0
-169
0
0
0
-56
0
-128
-166
0
475
0
0
-166
-1234
0
-2568
100
0
-236
-46
0
-62
-802
0
-1682
22
0
-50
0
0
0
0
0
0
-162
0
-100
0
0
0
22
0
-36
36
0
-103
0
0
0
0
0
0
323
0
715
0
0
0
10
0
88
65
0
1374
64
0
-218
55
0
-1094
-161
0
122
0
0
20
-189
0
-116
-41
0
44
0
0
0
0
0
0
-6
0
0
0
0
0
-64
0
0
-382
0
0
0
0
0
-200
0
0
0
0
0
0
0
0
0
0
0
64
0
0
0
0
0
0
0
0
0
0
0
0
0
0
0
0
0
106
0
-40
0
0
0
0
0
-8
10
0
0
36
0
0
0
0
0
-200
0
0
0
0
0
216
0
0
116
0
0
0
0
0
56
0
0
55
0
0
110
0
0
58
0
-63
316
0
-208
161
0
0
-117
0
62
0
0
0
0
0
0
0
0
0
0
0
0
0
0
0
0
0
0
161
0
0
0
0
0
0
0
0
0
0
4
0
0
0
0
0
78
62
0
0
0
0
0
0
0
64
-117
0
62
0
0
0
0
0
252
-108
0
-356
0
0
0
98
0
-420
126
0
15
64
0
2
-365
0
-682
-42
0
-1024
185
0
8
-153
0
-473
0
0
0
0
0
0
0
0
0
0
0
0
0
0
0
0
0
0
185
0
8
0
0
0
0
0
0
1813
0
352
0
0
104
816
0
2677
703
0
-228
108
0
55
112
0
1322
-153
0
-473
0
0
0
1248
0
17358
