-8205172
-1002783
64337
-335662
-903675
-24346
-788522
-545705
91448
-87153
-38992
16317
-80159
-482270
10755
-88891
-68529
17401
-456206
-12937
111652
-206489
-607509
-22707
-379895
-348645
27618
-49492
-5560
12329
-11644
-25162
3603
-5482
-9640
15415
-34017
-27228
6588
-32560
-425201
1181
-33137
-18674
12689
-41126
-6970
-202
-26444
-176311
-2456
-35587
-14425
2671
-404665
6742
58025
-30107
-44964
-3873
-123858
-17870
33376
-95966
-119535
-7113
-96313
-507745
-18925
-144054
-102516
-3057
-176638
-1289
73510
-161924
-389260
-25707
-290324
-535371
0
-49492
2115
22804
-1552
1035
2035
-2330
-1132
17773
-5514
-2641
4627
-2566
-14927
4256
-4716
-2322
6184
-2935
675
2462
-3422
-15207
327
-2357
-2591
12554
-27410
-715
7898
-6645
-59497
1241
-1226
-4914
8396
-26178
-14694
3936
-30978
-503156
-4741
-27057
-8670
9559
-28121
-4345
-232
-16701
-66364
-3384
-24760
-5399
0
-62671
-706
-248
-7074
-39533
-1045
-9571
-3474
-1536
-16897
-8096
-1126
-21145
-191283
-5155
-23341
-12822
-45
-42380
-5377
-771
-8227
-44081
-2434
-77943
-43551
-2671
-404665
44936
16429
-22836
-9562
-10866
-45010
-8158
3103
-4006
2326
3331
-2718
2597
3837
-5017
-6322
3774
-54468
2338
27660
-71380
-44292
-16265
-70741
-68829
0
-62671
-3035
886
-13549
-58553
-1742
-4637
-8595
1268
-52213
-12552
-960
-60311
-238987
-11066
-37708
-14054
-970
-50679
-10428
-1487
-26391
-86742
-5684
-38962
-8723
-12554
-190368
12863
27492
-22242
-56032
-4848
-40720
-5250
14802
-60712
-45751
-5314
-69927
-197937
-16073
-68713
-32550
-4338
-151062
-455
47273
-151653
-350915
-36405
-310662
-497771
-27618
-87153
403
5010
-1000
119
858
-2266
-288
5200
-1526
-332
379
-573
-407
170
-985
-293
268
-1501
118
1350
-129
-869
531
-1889
-927
4338
-5514
-235
381
-1468
-391
363
-264
-143
1246
-2639
-797
742
-2104
-5861
-486
-2103
-165
474
-5892
-166
-62
-1838
-4664
277
-3261
-900
45
-4006
-113
352
-124
319
162
-766
-148
1045
-2679
-192
32
-749
-8930
-340
-3703
-1858
0
-3627
20
1291
-1657
-5579
-362
-4658
-5591
3057
-34017
-540
1410
-1136
-692
256
-1714
-814
1471
-2639
-272
974
-1012
-2234
1101
-1786
-1099
638
-1522
107
314
-2019
-3553
-520
-2004
-1381
970
-26178
-886
911
-3093
-13113
-767
-1771
-1766
297
-26468
-9337
-1611
-28396
-99337
-11792
-29654
-4288
0
-31421
-8419
-1427
-14901
-31385
-4650
-23768
-4315
-9559
-52213
-712
-683
-3677
-13048
-617
-7068
-3434
-1209
-13277
-4752
-1501
-15407
-49458
-3851
-19071
-9870
-474
-36714
-6045
-2096
-9481
-16611
-2261
-58844
-26396
-12689
-95966
-1055
-1065
-1386
-1412
249
-31108
-1776
-1727
-2679
-163
254
-1277
-3762
-227
-1519
-444
0
-24227
-216
-6
-3248
-7120
-889
-18386
-4893
-3774
-16897
-1324
-444
-3162
-15681
-548
-2452
-2316
124
-13277
-3440
-1099
-13144
-55954
-6785
-14918
-4977
-638
-18742
-5610
-1107
-9102
-26735
-3575
-15926
-2240
-6184
-60712
-1751
-855
-3610
-12769
-971
-25495
-3028
-2403
-7984
-1602
-394
-5278
-23281
-1710
-6718
-2374
-268
-70229
-5709
-2469
-16132
-33227
-5228
-117539
-35250
-17401
-456206
7995
1084
-18633
-18636
-1989
-6935
-18511
-3123
-1501
1195
2104
-2909
465
2692
-2576
-6159
2403
-7720
807
4468
-41833
-23253
-11543
-23293
-34941
-14802
-2935
473
836
-387
-459
1202
-254
-1152
792
-1522
-639
1202
-2716
937
360
-1739
-807
1209
-2840
-117
441
-1569
-5132
38
-2626
-2037
1536
-54468
2033
6066
-18466
3627
-4235
-3346
-1720
0
-24227
-48767
-2419
-21410
-6566
-3477
-27210
-7958
-1045
-10633
-1319
7160
-45023
-19067
-9995
-53596
-113590
-33376
-41126
-1939
1101
-1670
-3156
-240
-3576
-1323
1506
-5892
-866
219
-1756
-13413
561
-3185
-1908
-124
-2840
-230
503
-2297
-12990
-428
-2329
-2607
-1268
-28121
-2268
125
-3551
-45290
-704
-2215
-3613
0
-31421
-16608
-1908
-35779
-207815
-12456
-31449
-7872
-297
-26482
-7364
-1200
-14787
-49344
-4208
-21577
-6010
-8396
-50679
-2139
-598
-4730
-32914
-987
-6306
-3732
-792
-18742
-7181
-1737
-21958
-79460
-5434
-24940
-9877
-1246
-39135
-6602
-1700
-12822
-28403
-2095
-69537
-48555
-15415
-176638
9877
8020
-18470
-6692
-3522
-9783
-3781
0
-3627
1402
1714
-3114
6823
1861
-3151
-2504
1727
-10633
-2960
7656
-27435
-948
-7939
-22332
-26786
-3103
-42380
-5484
-1179
-9026
-56815
-3117
-4587
-10120
-1506
-36714
-19680
-4312
-43650
-132082
-12485
-37463
-13134
-1471
-39135
-17133
-1849
-27352
-59928
-7390
-29793
-9132
-17773
-151062
15564
13286
-27953
-27093
-5133
-22756
-3333
3123
-70229
-62518
-9506
-84593
-257601
-21923
-82178
-41119
-5200
-138746
-8214
16189
-163887
-368699
-48033
-307513
-561421
-91448
-335662
-45
58492
276
-5296
10505
-26920
-8503
48033
-1000
2563
3689
-254
-32463
4971
-436
-690
5228
-18633
1401
18379
-3807
-40600
3340
-27214
-16834
36405
-1552
385
1868
-889
1221
1858
-435
84
2095
-1136
1192
1907
-1533
-69144
2303
-762
-346
2261
-1670
150
434
-1674
-8356
188
-1669
-1279
2434
-22836
2884
10961
-3258
-3587
465
-13408
-3856
9995
-1386
-548
417
-3538
-56882
-92
-1836
-3775
362
-18470
2389
15130
-7478
-38428
0
-24261
-38399
25707
-11644
3327
7503
-889
4201
1129
-526
162
7390
-1468
609
2178
-500
7842
3432
-288
301
3575
-387
173
1476
-503
-1953
459
-797
-655
5684
-6645
232
2249
-2288
-6949
1398
-524
-1606
4208
-3093
-1708
2984
-9893
-220626
2075
-4285
-2337
4650
-3551
-180
669
-3506
-17141
0
-4317
-2221
3384
-13549
-20
-140
-2952
-8695
112
-3692
-1040
-38
-3162
-1271
72
-5177
-53549
-1206
-3519
-6934
-277
-9026
-1258
244
-2633
-13338
-188
-14858
-13478
2456
-30107
-29104
10933
-3258
-3787
1911
-11910
-1728
7939
-124
1382
774
-745
-7088
1438
-470
-835
889
-18466
1091
12701
-3199
-13954
0
-14125
-7036
16265
-7074
-143
786
-2952
-12702
264
-1577
-1429
428
-3677
-94
-62
-7145
-79753
-648
-4475
-3081
520
-4730
-250
140
-3312
-15971
-459
-4943
-1825
-327
-22242
21
10840
-11922
-15454
-151
-8310
-2187
11543
-3610
-673
314
-5502
-71616
-999
-4391
-3667
-531
-27953
109
23165
-14001
-66775
-3340
-29782
-41069
22707
-80159
5381
30545
-254
5919
5753
-5305
-557
21923
-573
852
1653
-60
5795
2039
-278
433
1710
-2909
484
5409
-881
-549
999
-3404
-1177
16073
-2566
800
4152
-500
5759
3125
-319
1128
5434
-1012
2622
4298
628
4893
4708
-368
707
3851
-1756
278
850
-1717
-664
1206
-1512
-596
5155
-2718
1268
2051
-745
-949
708
-914
-505
3477
-1277
-104
362
-843
-22208
0
-1308
-2915
340
-3114
75
4491
-1976
-7357
92
-3648
-7902
18925
-32560
5406
16600
-1533
4449
2648
-2149
-938
12485
-2104
2121
4614
628
9549
6169
-807
264
6785
-2716
551
1544
-1431
-7374
648
-1726
-2696
11066
-30978
-287
9370
-9893
-19346
5027
-5007
-5265
12456
-28396
-1519
9187
-29266
-199659
0
-27465
-4795
11792
-35779
-1544
746
-22140
-62491
-2075
-32393
-8399
4741
-60311
-1673
-723
-7145
-25646
-334
-14081
-5843
-360
-13144
-4528
-449
-21380
-117661
-4708
-19765
-21799
486
-43650
-4193
-371
-12027
-32181
-2303
-71485
-38877
-1181
-96313
-1173
-616
-3538
-6391
-173
-24923
-2666
-1861
-749
52
356
-843
-5823
0
-928
-987
227
-21410
-618
456
-3426
-13171
-1438
-17605
-8371
-3837
-21145
-1678
-283
-5177
-29460
-1218
-4422
-5746
-561
-15407
-3776
-1309
-21380
-106952
-6169
-16617
-7710
-1101
-21958
-4077
-965
-13495
-36236
-3432
-18187
-3604
-4256
-69927
-2598
384
-5502
-18110
-1069
-25978
-4330
-2692
-5278
-2432
-358
-6214
-24237
-2039
-7678
-3367
-170
-84593
-8125
-2345
-23206
-49932
-4971
-119002
-40319
-10755
-206489
2046
11333
-3807
-4457
3989
-57050
-9140
5133
-129
1421
1110
-881
14216
1069
-574
-490
971
-41833
1057
7953
-5532
-22382
151
-30226
-14533
4848
-3422
184
1308
-503
716
589
-1306
-498
987
-2019
381
1120
-1431
-40622
334
-1455
-2080
617
-2297
-546
309
-2496
-19411
-112
-2729
-1560
1045
-71380
565
5559
-3199
-9110
0
-33703
-3013
4235
-3248
-3246
87
-3426
-74468
-708
-4161
-4887
-162
-27435
1793
7670
-9679
-42269
-465
-29645
-47700
3873
-26444
1105
5037
-1674
-510
271
-3125
-2692
3117
-1838
1016
1161
-1717
-335
1218
-1594
-1199
548
-1569
-447
1341
-2496
-13714
-264
-2400
-2771
1742
-16701
-466
1972
-3506
-25011
0
-1693
-4569
704
-14901
-5816
319
-22140
-171700
-5027
-17488
-7115
767
-14787
-2150
-53
-9010
-40191
-1398
-12298
-4983
-1241
-26391
-499
-87
-3312
-20045
-589
-3923
-3163
-1202
-9102
-2657
-666
-13495
-60557
-3125
-12095
-7691
-363
-27352
-2851
-588
-7636
-21589
-1858
-38046
-24350
-3603
-161924
-12552
9889
-7478
-11849
0
-44041
-6192
3522
-1657
755
477
-1976
-6323
173
-2582
-1347
-249
-45023
615
-17825
-9679
-29342
-1911
-37763
-18694
10866
-8227
-1167
64
-2633
-15224
-271
-1450
-2691
240
-9481
-2431
-260
-12027
-69551
-2648
-9165
-4553
-256
-12822
-2367
-236
-7636
-26784
-1129
-9358
-3209
-2035
-151653
-4571
9714
-14001
-48570
-3989
-57033
-14206
1989
-16132
-8725
-671
-23206
-165708
-5753
-18330
-13146
-858
-163887
-11060
10036
-43206
-150862
-10505
-251392
-144815
24346
-788522
-60202
-16884
-26920
-60948
-10036
-3378
-24981
-16189
-2266
716
2205
-5305
-4093
2345
-4310
-6536
2469
-6935
-86
63
-57050
-22360
-23165
-28378
-43070
-47273
-2330
389
1882
-526
-3027
588
-633
-1582
1700
-1714
-478
600
-2149
-39553
371
-1885
-1701
2096
-3576
-323
203
-3125
-18601
-244
-3197
-2772
771
-45010
-7379
-2456
-11910
0
-7670
0
0
-7160
-31108
-42253
-3999
-24923
-17579
-4491
-25738
-7842
-1291
-9783
-3169
0
-44041
-25746
-15130
-44243
-94949
-73510
-5482
1749
3107
-435
1398
236
-633
-728
1849
-264
803
1117
-319
3932
965
-311
-208
1107
-254
34
282
-1306
-4624
-140
-690
-914
1487
-1226
83
824
-524
-1687
53
-160
-841
1200
-1771
-305
364
-5007
-41505
-746
-2861
-1010
1427
-2215
-885
0
-1693
-9451
-669
-2261
-1102
232
-4637
-388
-104
-1577
-6068
-309
-1000
-541
-441
-2452
-293
-43
-4422
-27802
-850
-2710
-2295
62
-4587
-560
-203
-1450
-9031
-434
-7180
-7148
202
-123858
-17654
-10165
-13408
-5727
17825
0
-2180
-7656
-766
-335
-125
-914
0
-456
-1512
-3390
6
-3346
0
0
-33703
0
-12701
-18530
-25721
-27660
-9571
-732
-474
-3692
-7619
-1341
-1000
-1819
-503
-7068
-3882
-551
-14081
0
-1544
-4573
-1713
-314
-6306
-3000
-282
-3923
-5826
-1476
-2578
-1296
-2462
-40720
-4874
-1688
-8310
-4518
-7953
0
0
-4468
-25495
-19722
-2830
-25978
-18866
-5409
-19826
-7118
-1350
-22756
-4651
-63
-57033
-63854
-18379
-80075
-156343
-111652
-88891
191
14742
-436
-111
671
-4310
-1649
9506
-985
341
524
-278
1710
358
-56
33
394
-2576
-204
2830
-574
-3688
-314
-2914
-1009
5314
-4716
-333
2622
-288
1784
666
-311
-636
1737
-1786
847
1483
-807
-6474
449
-696
-270
1501
-3185
-304
43
-1594
-5901
-72
-2329
-855
1126
-5017
-389
1555
-470
-669
-87
-1512
-631
2419
-1519
-474
0
-928
-9416
-362
-1316
-1412
-32
-3151
64
3999
-2582
-7364
-417
-3988
-5814
7113
-33137
352
7926
-762
1907
260
-1885
-504
4312
-2103
732
2125
-368
3348
1309
-696
-391
1099
-1739
-32
551
-1455
-4460
62
-1564
-1637
960
-27057
-251
4224
-4285
-13987
-319
-2861
-3788
1908
-29654
-6104
0
-27465
-102550
-9187
-22220
-5069
1611
-31449
-6332
-364
-17488
-36161
-2984
-22969
-4651
-3936
-37708
-923
-289
-4475
-13738
-1120
-4573
-1530
-1202
-14918
-3666
-1483
-16617
-47271
-4298
-17892
-4810
-742
-37463
-2907
-600
-9165
-18421
-1907
-52213
-20644
-6588
-144054
-2825
-1711
-1836
-3500
-477
-25738
-2253
-1714
-3703
-462
0
-1308
-4889
-356
-1316
-583
-254
-27210
-363
125
-4161
-7162
-774
-20386
-4715
-3331
-23341
-887
-296
-3519
-18332
-1161
-2710
-3158
-219
-19071
-5321
-2125
-19765
-62342
-4614
-17892
-6857
-974
-24940
-5869
-1117
-12095
-21204
-2178
-15243
-2287
-4627
-68713
-1681
-1169
-4391
-12887
-1110
-19826
-2837
-2104
-6718
-1715
-524
-7678
-16773
-1653
-7990
-2628
-379
-82178
-7109
-2205
-18330
-34032
-3689
-107823
-28182
-16317
-379895
-37907
-9348
-27214
-39027
-9714
-28378
-17165
-13286
-1889
-751
1169
-3404
-6741
-384
-2914
-4664
855
-23293
-528
1688
-30226
-20955
-10840
-33042
-37864
-27492
-2357
24
193
-797
-3678
87
-690
-736
598
-2004
-905
289
-1726
-10289
723
-1564
-1262
683
-2329
-305
104
-2400
-11985
140
-1513
-1492
248
-70741
-7080
0
-14125
-4470
-5559
-18530
-2981
-6066
-18386
-43996
-1555
-17605
-22223
-2051
-20386
-7685
-352
-22332
-1544
2456
-37763
-34801
-10961
-53585
-88603
-58025
-35587
-1737
2002
-1669
-2750
-64
-3197
-2565
1179
-3261
228
296
-1512
-6576
283
-2329
-1362
444
-2626
-16
474
-2729
-11570
-786
-1513
-3111
-886
-24760
-2866
0
-4317
-49151
-1972
-2261
-6188
-125
-23768
-13553
-4224
-32393
-75757
-9370
-22969
-5970
-911
-21577
-9008
-824
-12298
-26655
-2249
-13270
-3759
-7898
-38962
-2123
-193
-4943
-37572
-1308
-2578
-3504
-836
-15926
-6816
-2622
-18187
-37854
-4152
-15243
-6175
-381
-29793
-5857
-1882
-9358
-16137
-1868
-42396
-32924
-12329
-290324
-23889
0
-24261
-20270
-9889
-44243
-9229
-8020
-4658
-115
1711
-3648
-12619
616
-3988
-4812
1065
-53596
-2027
10165
-29645
-31814
-10933
-53585
-40313
-16429
-77943
-9556
-2002
-14858
-84446
-5037
-7180
-12201
-1101
-58844
-26809
-7926
-71485
-238886
-16600
-52213
-18715
-1410
-69537
-23928
-3107
-38046
-80099
-7503
-42396
-12468
-22804
-310662
-15354
9348
-29782
-73832
-11333
-80075
-12524
-1084
-117539
-83223
-14742
-119002
-449396
-30545
-107823
-56975
-5010
-307513
-20657
16884
-251392
-652095
-58492
-583610
-788214
-64337
-1002783
693688
788214
-45
188057
144815
-60202
18831
561421
403
25600
28182
5381
300301
40319
191
14705
35250
7995
55441
156343
2046
344295
41069
-37907
53973
497771
2115
9651
32924
3327
64767
24350
1749
8511
48555
-540
15243
20644
5406
-100258
38877
352
3053
26396
-1939
15500
7148
1105
2503
13478
-1737
288
43551
44936
66534
88603
-29104
149232
47700
-17654
11439
113590
-1055
9361
5814
-1173
100429
7902
-2825
-2359
5591
9877
27139
94949
-12552
114602
38399
-23889
0
535371
-5560
9651
12468
385
8212
3209
389
2078
9132
-235
3779
2287
800
20101
3604
-333
426
2240
473
1183
1296
184
8506
1825
24
737
8723
-715
3902
3759
232
3380
4983
83
2019
6010
-886
4540
4651
-287
-175637
8399
-251
2906
4315
-2268
1719
1102
-466
2508
2221
-2866
0
5399
-3035
2973
1492
-143
5872
1560
-732
-503
2037
-1324
888
855
-1678
-33484
596
-887
-1769
900
-5484
2169
2772
-1167
2030
1279
-9556
-288
14425
6742
66534
40313
2884
54255
18694
-7379
1608
26786
-113
8844
4715
1268
67873
8371
-389
7045
4893
2033
5749
25721
565
17767
7036
-7080
0
68829
-706
2973
3111
-20
33506
2771
-388
-444
2607
-712
4204
1637
-1673
80602
2696
-923
-551
1381
-2139
1434
914
-499
3798
655
-2123
-737
2591
12863
53850
37864
21
38487
14533
-4874
1162
34941
-1751
3330
1009
-2598
7120
1177
-1681
-1993
927
15564
18432
43070
-4571
33214
16834
-15354
-53973
348645
-38992
25600
56975
2563
29630
13146
716
4414
41119
-332
3462
2628
852
13658
3367
341
646
2374
1195
3191
7118
1421
9762
3667
-751
1993
32550
-2641
3779
6175
609
35323
7691
803
2973
9877
-272
9817
4810
2121
125645
21799
732
3626
9870
-866
5357
2295
1016
22247
6934
228
1769
12822
2326
8844
7685
1382
62402
4887
-335
223
7958
-163
1849
1412
52
14662
2915
-462
0
1858
1402
2566
7842
755
6388
3775
-115
2359
102516
-27228
15243
18715
1192
13220
4553
-478
2018
13134
-797
9817
6857
2622
53652
7710
847
3809
4977
-639
3630
1713
381
16395
3081
-905
551
14054
-14694
4540
5970
-1708
35004
7115
-305
6042
7872
-9337
1892
5069
-1519
83718
4795
-6104
0
4288
-16608
2749
1010
-5816
4201
2337
-13553
-2906
8670
-12552
4204
1262
-94
9936
2080
-3882
-555
807
-3440
757
270
-3776
-8423
-707
-5321
-3626
165
-19680
378
1701
-2431
-2941
346
-26809
-3053
18674
-119535
9361
4812
-548
13612
1347
-42253
-2321
2504
-192
1849
583
-104
14904
987
-474
0
444
-48767
-151
3390
-3246
-1924
835
-43996
-7045
6322
-8096
888
1362
-1271
4251
1199
-293
-640
1908
-4752
757
391
-4528
-6709
-264
-3666
-3809
1099
-7181
444
208
-2657
-7145
-301
-6816
-426
2322
-45751
3330
4664
-673
5778
490
-19722
-941
6159
-1602
948
-33
-2432
-3986
-433
-1715
-646
293
-62518
5625
6536
-8725
6205
690
-83223
-14705
68529
-12937
55441
12524
1401
21080
14206
-86
-1109
3333
118
3191
2837
484
6502
4330
-204
941
3028
807
0
0
1057
-1535
2187
-528
-1162
5250
675
1183
3504
173
8450
3163
34
483
3732
107
3630
1530
551
35729
5843
-32
555
3434
-230
2041
541
-447
3109
1040
-16
503
3474
2338
5749
2981
1091
0
3013
0
0
1720
-216
-151
631
-618
0
505
-363
-223
148
-2960
434
0
615
-1939
3856
-2027
-11439
17870
-6970
15500
12201
150
19898
2691
-323
927
10120
-166
5357
3158
278
97870
5746
-304
640
2316
-117
2041
1819
-546
16427
1429
-305
444
8595
-4345
1719
6188
-180
40749
4569
-885
0
3613
-8419
2749
3788
-1544
225675
5265
-6332
-6042
1766
-7364
1824
841
-2150
2165
1606
-9008
-2019
4914
-10428
1434
736
-250
6528
498
-3000
-483
1152
-5610
444
636
-4077
-8202
-1128
-5869
-2973
143
-17133
-831
1582
-2367
-1590
-84
-23928
-8511
9640
-1289
27139
9229
2389
13054
6192
-3169
0
3781
20
2566
2253
75
21184
2666
64
2321
1776
-1319
434
2180
1793
2472
1728
-1544
-1608
8158
-5377
2169
2565
-1258
10479
2692
-560
-927
1323
-6045
378
504
-4193
51044
938
-2907
-2018
814
-6602
-831
728
-2851
-6071
-162
-5857
-2078
1132
-455
18432
17165
109
74142
9140
-4651
1109
18511
-5709
5625
1649
-8125
12959
557
-7109
-4414
288
-8214
9908
24981
-11060
53875
8503
-20657
-18831
545705
-903675
188057
652095
-5296
-586756
150862
-60948
-53875
368699
119
29630
34032
5919
165395
49932
-111
-6205
33227
-18636
21080
63854
-4457
363009
66775
-39027
-33214
350915
1035
8212
16137
4201
38465
21589
1398
1590
28403
-692
13220
18421
4449
-147766
32181
1907
2941
16611
-3156
19898
9031
-510
50739
13338
-2750
-2030
44081
-9562
54255
34801
-3787
58140
42269
-5727
1939
19067
-1412
13612
7364
-6391
-257336
7357
-3500
-6388
5579
-6692
13054
25746
-11849
0
38428
-20270
-114602
389260
-25162
64767
80099
1221
38465
26784
-3027
6071
59928
-391
35323
21204
5759
238237
36236
1784
7145
26735
-459
8450
5826
716
56807
15971
-3678
-3798
86742
-59497
3380
26655
-6949
-167920
40191
-1687
-2165
49344
-13113
35004
36161
-19346
-708898
62491
-13987
-4201
31385
-45290
40749
9451
-25011
0
17141
-49151
-2508
66364
-58553
33506
11985
-12702
16918
19411
-7619
-3109
5132
-15681
4251
5901
-29460
-394061
664
-18332
-22247
4664
-56815
10479
18601
-15224
-50739
8356
-84446
-2503
176311
-44964
149232
31814
-3587
58140
29342
0
-2472
948
319
62402
7162
-949
219346
13171
-669
1924
7120
3627
0
0
-9110
0
13954
-4470
-17767
44292
-39533
5872
11570
-8695
16918
13714
-6068
-16427
12990
-13048
9936
4460
-25646
1345412
7374
-13738
-16395
3553
-32914
6528
4624
-20045
-56807
1953
-37572
-8506
15207
-56032
38487
20955
-15454
61784
22382
-4518
1535
23253
-12769
5778
3688
-18110
-63643
549
-12887
-9762
869
-27093
74142
22360
-48570
-363009
40600
-73832
-344295
607509
-482270
300301
449396
-32463
165395
165708
-4093
-12959
257601
-407
13658
16773
5795
45988
24237
1710
3986
23281
465
6502
18866
14216
63643
71616
-6741
-7120
197937
-14927
20101
37854
7842
238237
60557
3932
8202
79460
-2234
53652
47271
9549
-1048746
117661
3348
8423
49458
-13413
97870
27802
-335
394061
53549
-6576
33484
191283
2597
67873
22223
-7088
219346
74468
0
0
6566
-3762
14904
9416
-5823
0
22208
-4889
-14662
8930
6823
21184
17579
-6323
257336
56882
-12619
-100429
507745
-425201
-100258
238886
-69144
-147766
69551
-39553
-51044
132082
-5861
125645
62342
4893
-1048746
106952
-6474
6709
55954
937
35729
0
-40622
-1345412
79753
-10289
-80602
238987
-503156
-175637
75757
-220626
-708898
171700
-41505
-225675
207815
-99337
83718
102550
-199659
0
199659
-102550
-83718
99337
-207815
225675
41505
-171700
708898
220626
-75757
175637
503156
-238987
80602
10289
-79753
1345412
40622
0
-35729
-937
-55954
-6709
6474
-106952
1048746
-4893
-62342
-125645
5861
-132082
51044
39553
-69551
147766
69144
-238886
100258
425201
-507745
100429
12619
-56882
-257336
6323
-17579
-21184
-6823
-8930
14662
4889
-22208
0
5823
-9416
-14904
3762
-6566
0
0
-74468
-219346
7088
-22223
-67873
-2597
-191283
-33484
6576
-53549
-394061
335
-27802
-97870
13413
-49458
-8423
-3348
-117661
1048746
-9549
-47271
-53652
2234
-79460
-8202
-3932
-60557
-238237
-7842
-37854
-20101
14927
-197937
7120
6741
-71616
-63643
-14216
-18866
-6502
-465
-23281
-3986
-1710
-24237
-45988
-5795
-16773
-13658
407
-257601
12959
4093
-165708
-165395
32463
-449396
-300301
482270
-607509
344295
73832
-40600
363009
48570
-22360
-74142
27093
-869
9762
12887
-549
63643
18110
-3688
-5778
12769
-23253
-1535
4518
-22382
-61784
15454
-20955
-38487
56032
-15207
8506
37572
-1953
56807
20045
-4624
-6528
32914
-3553
16395
13738
-7374
-1345412
25646
-4460
-9936
13048
-12990
16427
6068
-13714
-16918
8695
-11570
-5872
39533
-44292
17767
4470
-13954
0
9110
0
0
-3627
-7120
-1924
669
-13171
-219346
949
-7162
-62402
-319
-948
2472
0
-29342
-58140
3587
-31814
-149232
44964
-176311
2503
84446
-8356
50739
15224
-18601
-10479
56815
-4664
22247
18332
-664
394061
29460
-5901
-4251
15681
-5132
3109
7619
-19411
-16918
12702
-11985
-33506
58553
-66364
2508
49151
-17141
0
25011
-9451
-40749
45290
-31385
4201
13987
-62491
708898
19346
-36161
-35004
13113
-49344
2165
1687
-40191
167920
6949
-26655
-3380
59497
-86742
3798
3678
-15971
-56807
-716
-5826
-8450
459
-26735
-7145
-1784
-36236
-238237
-5759
-21204
-35323
391
-59928
-6071
3027
-26784
-38465
-1221
-80099
-64767
25162
-389260
114602
20270
-38428
0
11849
-25746
-13054
6692
-5579
6388
3500
-7357
257336
6391
-7364
-13612
1412
-19067
-1939
5727
-42269
-58140
3787
-34801
-54255
9562
-44081
2030
2750
-13338
-50739
510
-9031
-19898
3156
-16611
-2941
-1907
-32181
147766
-4449
-18421
-13220
692
-28403
-1590
-1398
-21589
-38465
-4201
-16137
-8212
-1035
-350915
33214
39027
-66775
-363009
4457
-63854
-21080
18636
-33227
6205
111
-49932
-165395
-5919
-34032
-29630
-119
-368699
53875
60948
-150862
586756
5296
-652095
-188057
903675
-545705
18831
20657
-8503
-53875
11060
-24981
-9908
8214
-288
4414
7109
-557
-12959
8125
-1649
-5625
5709
-18511
-1109
4651
-9140
-74142
-109
-17165
-18432
455
-1132
2078
5857
162
6071
2851
-728
831
6602
-814
2018
2907
-938
-51044
4193
-504
-378
6045
-1323
927
560
-2692
-10479
1258
-2565
-2169
5377
-8158
1608
1544
-1728
-2472
-1793
-2180
-434
1319
-1776
-2321
-64
-2666
-21184
-75
-2253
-2566
-20
-3781
0
3169
-6192
-13054
-2389
-9229
-27139
1289
-9640
8511
23928
84
1590
2367
-1582
831
17133
-143
2973
5869
1128
8202
4077
-636
-444
5610
-1152
483
3000
-498
-6528
250
-736
-1434
10428
-4914
2019
9008
-1606
-2165
2150
-841
-1824
7364
-1766
6042
6332
-5265
-225675
1544
-3788
-2749
8419
-3613
0
885
-4569
-40749
180
-6188
-1719
4345
-8595
-444
305
-1429
-16427
546
-1819
-2041
117
-2316
-640
304
-5746
-97870
-278
-3158
-5357
166
-10120
-927
323
-2691
-19898
-150
-12201
-15500
6970
-17870
11439
2027
-3856
1939
-615
0
-434
2960
-148
223
363
-505
0
618
-631
151
216
-1720
0
0
-3013
0
-1091
-2981
-5749
-2338
-3474
-503
16
-1040
-3109
447
-541
-2041
230
-3434
-555
32
-5843
-35729
-551
-1530
-3630
-107
-3732
-483
-34
-3163
-8450
-173
-3504
-1183
-675
-5250
1162
528
-2187
1535
-1057
0
0
-807
-3028
-941
204
-4330
-6502
-484
-2837
-3191
-118
-3333
1109
86
-14206
-21080
-1401
-12524
-55441
12937
-68529
14705
83223
-690
-6205
8725
-6536
-5625
62518
-293
646
1715
433
3986
2432
33
-948
1602
-6159
941
19722
-490
-5778
673
-4664
-3330
45751
-2322
426
6816
301
7145
2657
-208
-444
7181
-1099
3809
3666
264
6709
4528
-391
-757
4752
-1908
640
293
-1199
-4251
1271
-1362
-888
8096
-6322
7045
43996
-835
1924
3246
-3390
151
48767
-444
0
474
-987
-14904
104
-583
-1849
192
-2504
2321
42253
-1347
-13612
548
-4812
-9361
119535
-18674
3053
26809
-346
2941
2431
-1701
-378
19680
-165
3626
5321
707
8423
3776
-270
-757
3440
-807
555
3882
-2080
-9936
94
-1262
-4204
12552
-8670
2906
13553
-2337
-4201
5816
-1010
-2749
16608
-4288
0
6104
-4795
-83718
1519
-5069
-1892
9337
-7872
-6042
305
-7115
-35004
1708
-5970
-4540
14694
-14054
-551
905
-3081
-16395
-381
-1713
-3630
639
-4977
-3809
-847
-7710
-53652
-2622
-6857
-9817
797
-13134
-2018
478
-4553
-13220
-1192
-18715
-15243
27228
-102516
-2359
115
-3775
-6388
-755
-7842
-2566
-1402
-1858
0
462
-2915
-14662
-52
-1412
-1849
163
-7958
-223
335
-4887
-62402
-1382
-7685
-8844
-2326
-12822
-1769
-228
-6934
-22247
-1016
-2295
-5357
866
-9870
-3626
-732
-21799
-125645
-2121
-4810
-9817
272
-9877
-2973
-803
-7691
-35323
-609
-6175
-3779
2641
-32550
-1993
751
-3667
-9762
-1421
-7118
-3191
-1195
-2374
-646
-341
-3367
-13658
-852
-2628
-3462
332
-41119
-4414
-716
-13146
-29630
-2563
-56975
-25600
38992
-348645
53973
15354
-16834
-33214
4571
-43070
-18432
-15564
-927
1993
1681
-1177
-7120
2598
-1009
-3330
1751
-34941
-1162
4874
-14533
-38487
-21
-37864
-53850
-12863
-2591
737
2123
-655
-3798
499
-914
-1434
2139
-1381
551
923
-2696
-80602
1673
-1637
-4204
712
-2607
444
388
-2771
-33506
20
-3111
-2973
706
-68829
0
7080
-7036
-17767
-565
-25721
-5749
-2033
-4893
-7045
389
-8371
-67873
-1268
-4715
-8844
113
-26786
-1608
7379
-18694
-54255
-2884
-40313
-66534
-6742
-14425
288
9556
-1279
-2030
1167
-2772
-2169
5484
-900
1769
887
-596
33484
1678
-855
-888
1324
-2037
503
732
-1560
-5872
143
-1492
-2973
3035
-5399
0
2866
-2221
-2508
466
-1102
-1719
2268
-4315
-2906
251
-8399
175637
287
-4651
-4540
886
-6010
-2019
-83
-4983
-3380
-232
-3759
-3902
715
-8723
-737
-24
-1825
-8506
-184
-1296
-1183
-473
-2240
-426
333
-3604
-20101
-800
-2287
-3779
235
-9132
-2078
-389
-3209
-8212
-385
-12468
-9651
5560
-535371
0
23889
-38399
-114602
12552
-94949
-27139
-9877
-5591
2359
2825
-7902
-100429
1173
-5814
-9361
1055
-113590
-11439
17654
-47700
-149232
29104
-88603
-66534
-44936
-43551
-288
1737
-13478
-2503
-1105
-7148
-15500
1939
-26396
-3053
-352
-38877
100258
-5406
-20644
-15243
540
-48555
-8511
-1749
-24350
-64767
-3327
-32924
-9651
-2115
-497771
-53973
37907
-41069
-344295
-2046
-156343
-55441
-7995
-35250
-14705
-191
-40319
-300301
-5381
-28182
-25600
-403
-561421
-18831
60202
-144815
-188057
45
-788214
-693688
1002783
64337
788214
583610
58492
652095
251392
-16884
20657
307513
5010
56975
107823
30545
449396
119002
14742
83223
117539
1084
12524
80075
11333
73832
29782
-9348
15354
310662
22804
12468
42396
7503
80099
38046
3107
23928
69537
1410
18715
52213
16600
238886
71485
7926
26809
58844
1101
12201
7180
5037
84446
14858
2002
9556
77943
16429
40313
53585
10933
31814
29645
-10165
2027
53596
-1065
4812
3988
-616
12619
3648
-1711
115
4658
8020
9229
44243
9889
20270
24261
0
23889
290324
12329
32924
42396
1868
16137
9358
1882
5857
29793
381
6175
15243
4152
37854
18187
2622
6816
15926
836
3504
2578
1308
37572
4943
193
2123
38962
7898
3759
13270
2249
26655
12298
824
9008
21577
911
5970
22969
9370
75757
32393
4224
13553
23768
125
6188
2261
1972
49151
4317
0
2866
24760
886
3111
1513
786
11570
2729
-474
16
2626
-444
1362
2329
-283
6576
1512
-296
-228
3261
-1179
2565
3197
64
2750
1669
-2002
1737
35587
58025
88603
53585
10961
34801
37763
-2456
1544
22332
352
7685
20386
2051
22223
17605
1555
43996
18386
6066
2981
18530
5559
4470
14125
0
7080
70741
-248
1492
1513
-140
11985
2400
-104
305
2329
-683
1262
1564
-723
10289
1726
-289
905
2004
-598
736
690
-87
3678
797
-193
-24
2357
27492
37864
33042
10840
20955
30226
-1688
528
23293
-855
4664
2914
384
6741
3404
-1169
751
1889
13286
17165
28378
9714
39027
27214
9348
37907
379895
16317
28182
107823
3689
34032
18330
2205
7109
82178
379
2628
7990
1653
16773
7678
524
1715
6718
2104
2837
19826
1110
12887
4391
1169
1681
68713
4627
2287
15243
2178
21204
12095
1117
5869
24940
974
6857
17892
4614
62342
19765
2125
5321
19071
219
3158
2710
1161
18332
3519
296
887
23341
3331
4715
20386
774
7162
4161
-125
363
27210
254
583
1316
356
4889
1308
0
462
3703
1714
2253
25738
477
3500
1836
1711
2825
144054
6588
20644
52213
1907
18421
9165
600
2907
37463
742
4810
17892
4298
47271
16617
1483
3666
14918
1202
1530
4573
1120
13738
4475
289
923
37708
3936
4651
22969
2984
36161
17488
364
6332
31449
-1611
5069
22220
9187
102550
27465
0
6104
29654
-1908
3788
2861
319
13987
4285
-4224
251
27057
-960
1637
1564
-62
4460
1455
-551
32
1739
-1099
391
696
-1309
-3348
368
-2125
-732
2103
-4312
504
1885
-260
-1907
762
-7926
-352
33137
-7113
5814
3988
417
7364
2582
-3999
-64
3151
32
1412
1316
362
9416
928
0
474
1519
-2419
631
1512
87
669
470
-1555
389
5017
-1126
855
2329
72
5901
1594
-43
304
3185
-1501
270
696
-449
6474
807
-1483
-847
1786
-1737
636
311
-666
-1784
288
-2622
333
4716
-5314
1009
2914
314
3688
574
-2830
204
2576
-394
-33
56
-358
-1710
278
-524
-341
985
-9506
1649
4310
-671
111
436
-14742
-191
88891
111652
156343
80075
18379
63854
57033
63
4651
22756
1350
7118
19826
5409
18866
25978
2830
19722
25495
4468
0
0
7953
4518
8310
1688
4874
40720
2462
1296
2578
1476
5826
3923
282
3000
6306
314
1713
4573
1544
0
14081
551
3882
7068
503
1819
1000
1341
7619
3692
474
732
9571
27660
25721
18530
12701
0
33703
0
0
3346
-6
3390
1512
456
0
914
125
335
766
7656
2180
0
-17825
5727
13408
10165
17654
123858
-202
7148
7180
434
9031
1450
203
560
4587
-62
2295
2710
850
27802
4422
43
293
2452
441
541
1000
309
6068
1577
104
388
4637
-232
1102
2261
669
9451
1693
0
885
2215
-1427
1010
2861
746
41505
5007
-364
305
1771
-1200
841
160
-53
1687
524
-824
-83
1226
-1487
914
690
140
4624
1306
-282
-34
254
-1107
208
311
-965
-3932
319
-1117
-803
264
-1849
728
633
-236
-1398
435
-3107
-1749
5482
73510
94949
44243
15130
25746
44041
0
3169
9783
1291
7842
25738
4491
17579
24923
3999
42253
31108
7160
0
0
7670
0
11910
2456
7379
45010
-771
2772
3197
244
18601
3125
-203
323
3576
-2096
1701
1885
-371
39553
2149
-600
478
1714
-1700
1582
633
-588
3027
526
-1882
-389
2330
47273
43070
28378
23165
22360
57050
-63
86
6935
-2469
6536
4310
-2345
4093
5305
-2205
-716
2266
16189
24981
3378
10036
60948
26920
16884
60202
788522
-24346
144815
251392
10505
150862
43206
-10036
11060
163887
858
13146
18330
5753
165708
23206
671
8725
16132
-1989
14206
57033
3989
48570
14001
-9714
4571
151653
2035
3209
9358
1129
26784
7636
236
2367
12822
256
4553
9165
2648
69551
12027
260
2431
9481
-240
2691
1450
271
15224
2633
-64
1167
8227
-10866
18694
37763
1911
29342
9679
17825
-615
45023
249
1347
2582
-173
6323
1976
-477
-755
1657
-3522
6192
44041
0
11849
7478
-9889
12552
161924
3603
24350
38046
1858
21589
7636
588
2851
27352
363
7691
12095
3125
60557
13495
666
2657
9102
1202
3163
3923
589
20045
3312
87
499
26391
1241
4983
12298
1398
40191
9010
53
2150
14787
-767
7115
17488
5027
171700
22140
-319
5816
14901
-704
4569
1693
0
25011
3506
-1972
466
16701
-1742
2771
2400
264
13714
2496
-1341
447
1569
-548
1199
1594
-1218
335
1717
-1161
-1016
1838
-3117
2692
3125
-271
510
1674
-5037
-1105
26444
-3873
47700
29645
465
42269
9679
-7670
-1793
27435
162
4887
4161
708
74468
3426
-87
3246
3248
-4235
3013
33703
0
9110
3199
-5559
-565
71380
-1045
1560
2729
112
19411
2496
-309
546
2297
-617
2080
1455
-334
40622
1431
-1120
-381
2019
-987
498
1306
-589
-716
503
-1308
-184
3422
-4848
14533
30226
-151
22382
5532
-7953
-1057
41833
-971
490
574
-1069
-14216
881
-1110
-1421
129
-5133
9140
57050
-3989
4457
3807
-11333
-2046
206489
10755
40319
119002
4971
49932
23206
2345
8125
84593
170
3367
7678
2039
24237
6214
358
2432
5278
2692
4330
25978
1069
18110
5502
-384
2598
69927
4256
3604
18187
3432
36236
13495
965
4077
21958
1101
7710
16617
6169
106952
21380
1309
3776
15407
561
5746
4422
1218
29460
5177
283
1678
21145
3837
8371
17605
1438
13171
3426
-456
618
21410
-227
987
928
0
5823
843
-356
-52
749
1861
2666
24923
173
6391
3538
616
1173
96313
1181
38877
71485
2303
32181
12027
371
4193
43650
-486
21799
19765
4708
117661
21380
449
4528
13144
360
5843
14081
334
25646
7145
723
1673
60311
-4741
8399
32393
2075
62491
22140
-746
1544
35779
-11792
4795
27465
0
199659
29266
-9187
1519
28396
-12456
5265
5007
-5027
19346
9893
-9370
287
30978
-11066
2696
1726
-648
7374
1431
-1544
-551
2716
-6785
-264
807
-6169
-9549
-628
-4614
-2121
2104
-12485
938
2149
-2648
-4449
1533
-16600
-5406
32560
-18925
7902
3648
-92
7357
1976
-4491
-75
3114
-340
2915
1308
0
22208
843
-362
104
1277
-3477
505
914
-708
949
745
-2051
-1268
2718
-5155
596
1512
-1206
664
1717
-850
-278
1756
-3851
-707
368
-4708
-4893
-628
-4298
-2622
1012
-5434
-1128
319
-3125
-5759
500
-4152
-800
2566
-16073
1177
3404
-999
549
881
-5409
-484
2909
-1710
-433
278
-2039
-5795
60
-1653
-852
573
-21923
557
5305
-5753
-5919
254
-30545
-5381
80159
-22707
41069
29782
3340
66775
14001
-23165
-109
27953
531
3667
4391
999
71616
5502
-314
673
3610
-11543
2187
8310
151
15454
11922
-10840
-21
22242
327
1825
4943
459
15971
3312
-140
250
4730
-520
3081
4475
648
79753
7145
62
94
3677
-428
1429
1577
-264
12702
2952
-786
143
7074
-16265
7036
14125
0
13954
3199
-12701
-1091
18466
-889
835
470
-1438
7088
745
-774
-1382
124
-7939
1728
11910
-1911
3787
3258
-10933
29104
30107
-2456
13478
14858
188
13338
2633
-244
1258
9026
277
6934
3519
1206
53549
5177
-72
1271
3162
38
1040
3692
-112
8695
2952
140
20
13549
-3384
2221
4317
0
17141
3506
-669
180
3551
-4650
2337
4285
-2075
220626
9893
-2984
1708
3093
-4208
1606
524
-1398
6949
2288
-2249
-232
6645
-5684
655
797
-459
1953
503
-1476
-173
387
-3575
-301
288
-3432
-7842
500
-2178
-609
1468
-7390
-162
526
-1129
-4201
889
-7503
-3327
11644
-25707
38399
24261
0
38428
7478
-15130
-2389
18470
-362
3775
1836
92
56882
3538
-417
548
1386
-9995
3856
13408
-465
3587
3258
-10961
-2884
22836
-2434
1279
1669
-188
8356
1674
-434
-150
1670
-2261
346
762
-2303
69144
1533
-1907
-1192
1136
-2095
-84
435
-1858
-1221
889
-1868
-385
1552
-36405
16834
27214
-3340
40600
3807
-18379
-1401
18633
-5228
690
436
-4971
32463
254
-3689
-2563
1000
-48033
8503
26920
-10505
5296
-276
-58492
45
335662
91448
561421
307513
48033
368699
163887
-16189
8214
138746
5200
41119
82178
21923
257601
84593
9506
62518
70229
-3123
3333
22756
5133
27093
27953
-13286
-15564
151062
17773
9132
29793
7390
59928
27352
1849
17133
39135
1471
13134
37463
12485
132082
43650
4312
19680
36714
1506
10120
4587
3117
56815
9026
1179
5484
42380
3103
26786
22332
7939
948
27435
-7656
2960
10633
-1727
2504
3151
-1861
-6823
3114
-1714
-1402
3627
0
3781
9783
3522
6692
18470
-8020
-9877
176638
15415
48555
69537
2095
28403
12822
1700
6602
39135
1246
9877
24940
5434
79460
21958
1737
7181
18742
792
3732
6306
987
32914
4730
598
2139
50679
8396
6010
21577
4208
49344
14787
1200
7364
26482
297
7872
31449
12456
207815
35779
1908
16608
31421
0
3613
2215
704
45290
3551
-125
2268
28121
1268
2607
2329
428
12990
2297
-503
230
2840
124
1908
3185
-561
13413
1756
-219
866
5892
-1506
1323
3576
240
3156
1670
-1101
1939
41126
33376
113590
53596
9995
19067
45023
-7160
1319
10633
1045
7958
27210
3477
6566
21410
2419
48767
24227
0
1720
3346
4235
-3627
18466
-6066
-2033
54468
-1536
2037
2626
-38
5132
1569
-441
117
2840
-1209
807
1739
-360
-937
2716
-1202
639
1522
-792
1152
254
-1202
459
387
-836
-473
2935
14802
34941
23293
11543
23253
41833
-4468
-807
7720
-2403
6159
2576
-2692
-465
2909
-2104
-1195
1501
3123
18511
6935
1989
18636
18633
-1084
-7995
456206
17401
35250
117539
5228
33227
16132
2469
5709
70229
268
2374
6718
1710
23281
5278
394
1602
7984
2403
3028
25495
971
12769
3610
855
1751
60712
6184
2240
15926
3575
26735
9102
1107
5610
18742
638
4977
14918
6785
55954
13144
1099
3440
13277
-124
2316
2452
548
15681
3162
444
1324
16897
3774
4893
18386
889
7120
3248
6
216
24227
0
444
1519
227
3762
1277
-254
163
2679
1727
1776
31108
-249
1412
1386
1065
1055
95966
12689
26396
58844
2261
16611
9481
2096
6045
36714
474
9870
19071
3851
49458
15407
1501
4752
13277
1209
3434
7068
617
13048
3677
683
712
52213
9559
4315
23768
4650
31385
14901
1427
8419
31421
0
4288
29654
11792
99337
28396
1611
9337
26468
-297
1766
1771
767
13113
3093
-911
886
26178
-970
1381
2004
520
3553
2019
-314
-107
1522
-638
1099
1786
-1101
2234
1012
-974
272
2639
-1471
814
1714
-256
692
1136
-1410
540
34017
-3057
5591
4658
362
5579
1657
-1291
-20
3627
0
1858
3703
340
8930
749
-32
192
2679
-1045
148
766
-162
-319
124
-352
113
4006
-45
900
3261
-277
4664
1838
62
166
5892
-474
165
2103
486
5861
2104
-742
797
2639
-1246
143
264
-363
391
1468
-381
235
5514
-4338
927
1889
-531
869
129
-1350
-118
1501
-268
293
985
-170
407
573
-379
332
1526
-5200
288
2266
-858
-119
1000
-5010
-403
87153
27618
497771
310662
36405
350915
151653
-47273
455
151062
4338
32550
68713
16073
197937
69927
5314
45751
60712
-14802
5250
40720
4848
56032
22242
-27492
-12863
190368
12554
8723
38962
5684
86742
26391
1487
10428
50679
970
14054
37708
11066
238987
60311
960
12552
52213
-1268
8595
4637
1742
58553
13549
-886
3035
62671
0
68829
70741
16265
44292
71380
-27660
-2338
54468
-3774
6322
5017
-3837
-2597
2718
-3331
-2326
4006
-3103
8158
45010
10866
9562
22836
-16429
-44936
404665
2671
43551
77943
2434
44081
8227
771
5377
42380
45
12822
23341
5155
191283
21145
1126
8096
16897
1536
3474
9571
1045
39533
7074
248
706
62671
0
5399
24760
3384
66364
16701
232
4345
28121
-9559
8670
27057
4741
503156
30978
-3936
14694
26178
-8396
4914
1226
-1241
59497
6645
-7898
715
27410
-12554
2591
2357
-327
15207
3422
-2462
-675
2935
-6184
2322
4716
-4256
14927
2566
-4627
2641
5514
-17773
1132
2330
-2035
-1035
1552
-22804
-2115
49492
0
535371
290324
25707
389260
161924
-73510
1289
176638
3057
102516
144054
18925
507745
96313
7113
119535
95966
-33376
17870
123858
3873
44964
30107
-58025
-6742
404665
-2671
14425
35587
2456
176311
26444
202
6970
41126
-12689
18674
33137
-1181
425201
32560
-6588
27228
34017
-15415
9640
5482
-3603
25162
11644
-12329
5560
49492
-27618
348645
379895
22707
607509
206489
-111652
12937
456206
-17401
68529
88891
-10755
482270
80159
-16317
38992
87153
-91448
545705
788522
24346
903675
335662
-64337
1002783
8205172
