942952
203453
-63639
46899
30745
-14956
-24175
-32679
-62575
4598
6280
-1515
-2045
17341
-365
1804
-2331
-2767
102545
4063
-1769
27370
3319
-7456
-3149
-10726
-128450
0
0
0
0
0
0
0
0
0
0
0
0
0
0
0
0
0
0
0
0
0
0
0
0
0
0
0
108906
14463
-767
19083
-3163
-4195
5990
1156
-41346
2328
1568
228
1775
10333
-1838
1379
-6530
857
34899
-17
-2557
19342
30730
-9674
-20698
-57732
-136380
0
0
0
0
0
0
0
0
0
0
0
0
0
0
0
0
0
0
0
0
0
0
0
0
0
0
0
0
0
0
0
0
0
0
0
0
0
0
0
0
0
0
0
0
0
0
0
0
0
0
0
0
0
0
0
0
0
0
0
0
0
0
0
0
0
0
0
0
0
0
0
0
0
0
0
0
0
0
0
0
0
108906
32334
4640
8778
9387
-15525
-932
827
-13651
-361
-545
324
2912
11437
166
-94
1598
146
33795
2050
-2779
16750
7456
-7515
-1710
-8867
-68914
0
0
0
0
0
0
0
0
0
0
0
0
0
0
0
0
0
0
0
0
0
0
0
0
0
0
0
30736
1586
-3026
1342
-2253
-8882
831
-3044
-15423
492
3606
-1408
4128
15732
-707
221
-10862
-366
18588
329
-5952
1342
-21998
-2623
-28655
-70744
-128450
4598
1768
308
176
3711
84
155
-3382
-722
-84
4
0
0
481
0
0
74
0
1591
-24
-684
0
970
-30
0
830
-252
0
0
0
0
0
0
0
0
0
0
0
0
0
0
0
0
0
0
0
0
0
0
0
0
0
0
0
-331
0
0
-468
1346
0
-16
455
591
1584
61
0
0
-304
0
0
-140
0
1572
106
0
92
273
28
36
-300
838
0
0
0
0
0
0
0
0
0
0
0
0
0
0
0
0
0
0
0
0
0
0
0
0
0
0
0
0
0
0
0
0
0
0
0
0
0
0
0
0
0
0
0
0
0
0
0
0
0
0
0
0
0
0
0
0
0
0
0
0
0
0
0
0
0
0
0
0
0
0
0
0
0
0
0
0
0
0
0
0
0
2132
-306
-54
30
1000
-906
0
-24
-140
1584
26
0
0
-566
-104
0
-54
0
865
341
-48
142
207
-278
0
1265
328
0
0
0
0
0
0
0
0
0
0
0
0
0
0
0
0
0
0
0
0
0
0
0
0
0
0
0
304
-466
0
969
528
-532
30
-58
-334
0
-310
4
2327
4799
0
0
-76
0
-858
382
0
4012
6808
0
-225
130
-2742
83983
6092
4691
11021
8290
-7170
1478
4873
-5827
1591
692
-1140
-168
118
-1124
-251
-389
-334
3146
1032
-218
9519
1596
432
-4179
-8483
-10401
0
0
0
0
0
0
0
0
0
0
0
0
0
0
0
0
0
0
0
0
0
0
0
0
0
0
0
29879
6701
2274
1283
302
-4456
336
810
316
865
4816
964
4066
2531
-994
2580
-369
591
-968
-724
-950
6670
-8344
-693
-16223
-23340
-36115
0
0
0
0
0
0
0
0
0
0
0
0
0
0
0
0
0
0
0
0
0
0
0
0
0
0
0
0
0
0
0
0
0
0
0
0
0
0
0
0
0
0
0
0
0
0
0
0
0
0
0
0
0
0
0
0
0
0
0
0
0
0
0
0
0
0
0
0
0
0
0
0
0
0
0
0
0
0
0
0
0
29916
4564
178
3217
2235
353
1390
233
-1188
1572
18
0
400
2913
-105
98
-2705
-140
-968
1419
-24
4162
1886
-1328
-969
-1281
-10225
0
0
0
0
0
0
0
0
0
0
0
0
0
0
0
0
0
0
0
0
0
0
0
0
0
0
0
16138
1835
184
1683
3156
-9921
-432
1356
-5827
-858
1020
-1627
493
-3895
-256
66
102
-766
-4126
-2980
-1096
7933
-7791
-5901
-22684
-40647
-51833
37049
882
4297
9788
1755
-7295
-3180
-2008
-5901
159
676
112
2228
-8269
-2959
-16
-2194
0
11021
417
-1583
4097
2609
-1910
-318
-1294
-487
0
0
0
0
0
0
0
0
0
0
0
0
0
0
0
0
0
0
0
0
0
0
0
0
0
0
0
6589
3780
-751
3231
4968
-8466
231
1810
-693
30
1254
0
640
3094
500
0
138
28
3217
626
310
2860
1640
1504
-555
-8740
-6915
0
0
0
0
0
0
0
0
0
0
0
0
0
0
0
0
0
0
0
0
0
0
0
0
0
0
0
0
0
0
0
0
0
0
0
0
0
0
0
0
0
0
0
0
0
0
0
0
0
0
0
0
0
0
0
0
0
0
0
0
0
0
0
0
0
0
0
0
0
0
0
0
0
0
0
0
0
0
0
0
0
17136
1284
-2424
3231
-636
-1431
307
845
-1328
-468
-536
326
-915
-393
-826
0
688
-278
1283
1688
-1204
2409
11983
-466
-396
-1288
-5619
0
0
0
0
0
0
0
0
0
0
0
0
0
0
0
0
0
0
0
0
0
0
0
0
0
0
0
935
-206
-84
3044
720
3191
30
-260
432
969
-170
-866
2701
2076
-230
700
-1152
-30
1683
128
-514
6434
-4552
-1910
-2349
1858
-4272
-2576
1313
-802
2228
-293
-88
420
-2016
-256
0
20
0
708
1657
-1968
14
218
0
-168
-1432
0
1012
6661
-230
28
-76
-144
0
0
0
0
0
0
0
0
0
0
0
0
0
0
0
0
0
0
0
0
0
0
0
0
0
0
0
2890
-211
-210
-915
389
-559
468
-1064
-994
0
128
0
0
-1211
0
314
0
0
400
-1958
-54
744
1831
500
1590
786
-1838
0
0
0
0
0
0
0
0
0
0
0
0
0
0
0
0
0
0
0
0
0
0
0
0
0
0
0
0
0
0
0
0
0
0
0
0
0
0
0
0
0
0
0
0
0
0
0
0
0
0
0
0
0
0
0
0
0
0
0
0
0
0
0
0
0
0
0
0
0
0
0
0
0
0
0
0
0
0
0
0
0
1560
756
344
640
2104
-2030
0
1034
-105
0
-42
0
0
-8847
0
0
0
-104
4066
1124
65
1490
325
-826
36
-128
615
0
0
0
0
0
0
0
0
0
0
0
0
0
0
0
0
0
0
0
0
0
0
0
0
0
0
0
3953
-1344
-14
2701
-1956
-60
-180
0
-1124
2327
-576
0
552
2383
-1968
0
-370
0
493
696
1877
76
4127
-2959
-1966
-20
157
21856
7237
-1283
4097
4243
2005
2067
-1816
-9921
0
-45
0
1012
-1216
-60
-1056
1337
-532
9519
3317
114
8426
-3237
3191
193
3442
-9016
0
0
0
0
0
0
0
0
0
0
0
0
0
0
0
0
0
0
0
0
0
0
0
0
0
0
0
14912
698
-336
2409
4632
1336
2032
2631
-4456
142
2
-36
1490
13913
-559
-438
-935
0
4162
519
-1346
5646
8997
-8466
-283
-2075
-2622
0
0
0
0
0
0
0
0
0
0
0
0
0
0
0
0
0
0
0
0
0
0
0
0
0
0
0
0
0
0
0
0
0
0
0
0
0
0
0
0
0
0
0
0
0
0
0
0
0
0
0
0
0
0
0
0
0
0
0
0
0
0
0
0
0
0
0
0
0
0
0
0
0
0
0
0
0
0
0
0
0
16813
-4469
258
2860
-482
-1500
278
-172
353
92
350
0
744
6401
-2030
1159
326
-906
6670
-495
-151
5646
11873
-1431
164
925
-13767
0
0
0
0
0
0
0
0
0
0
0
0
0
0
0
0
0
0
0
0
0
0
0
0
0
0
0
1002
2336
-504
6434
-6180
2005
437
-1103
-7170
4012
1304
1078
76
1878
-88
-470
-614
288
7933
-157
-1690
5202
8642
-7295
-7253
-7572
-10948
-22863
-12786
422
-3180
1877
-1690
0
-634
-1096
155
1268
-552
420
2651
1877
0
-1196
0
1478
0
0
2067
150
-514
-149
-1452
-4466
0
0
0
0
0
0
0
0
0
0
0
0
0
0
0
0
0
0
0
0
0
0
0
0
0
0
0
-1664
-168
776
307
0
-1346
0
0
-950
0
0
-20
0
0
-54
-218
-310
0
1390
-561
0
278
-2590
310
-2157
-7946
-1861
0
0
0
0
0
0
0
0
0
0
0
0
0
0
0
0
0
0
0
0
0
0
0
0
0
0
0
0
0
0
0
0
0
0
0
0
0
0
0
0
0
0
0
0
0
0
0
0
0
0
0
0
0
0
0
0
0
0
0
0
0
0
0
0
0
0
0
0
0
0
0
0
0
0
0
0
0
0
0
0
0
6143
1788
-816
231
-314
-151
0
-320
-24
-16
562
243
468
0
65
0
-344
-48
336
0
0
2032
0
-1204
-92
-454
-1725
0
0
0
0
0
0
0
0
0
0
0
0
0
0
0
0
0
0
0
0
0
0
0
0
0
0
0
429
-448
-22
30
0
114
0
0
-218
30
618
-22
-180
0
0
28
-123
-684
-432
-212
0
437
-3679
-1583
-4901
-2937
-910
1739
-1521
676
-16
168
1078
0
0
-1627
0
0
0
14
-2421
0
0
-6
4
-251
8
-22
-1056
1097
-866
-260
4
-1442
0
0
0
0
0
0
0
0
0
0
0
0
0
0
0
0
0
0
0
0
0
0
0
0
0
0
0
-34
-220
594
0
-722
-36
0
32
964
0
0
0
0
-1736
0
0
0
0
98
1958
-20
1159
-350
0
2646
684
176
0
0
0
0
0
0
0
0
0
0
0
0
0
0
0
0
0
0
0
0
0
0
0
0
0
0
0
0
0
0
0
0
0
0
0
0
0
0
0
0
0
0
0
0
0
0
0
0
0
0
0
0
0
0
0
0
0
0
0
0
0
0
0
0
0
0
0
0
0
0
0
0
0
0
0
0
0
0
0
0
0
904
477
846
0
-1102
0
-218
-170
0
0
36
0
314
-3549
0
0
0
0
2580
-238
243
-438
119
326
-184
0
12
0
0
0
0
0
0
0
0
0
0
0
0
0
0
0
0
0
0
0
0
0
0
0
0
0
0
0
-262
62
0
700
236
0
28
260
-1140
0
0
0
0
-336
0
0
-260
0
66
284
-552
-470
-4067
112
-998
-358
-546
-1161
1172
-160
-318
-3775
-504
-149
-759
184
0
100
0
28
-49
-14
-260
-1913
0
-4179
-1402
-22
193
-3193
-84
-1148
-190
-2427
0
0
0
0
0
0
0
0
0
0
0
0
0
0
0
0
0
0
0
0
0
0
0
0
0
0
0
-2705
-82
324
-396
1127
-336
-92
108
2274
0
114
594
36
-2584
-210
-184
-406
0
-969
-368
776
164
-4665
-751
-177
-150
-775
0
0
0
0
0
0
0
0
0
0
0
0
0
0
0
0
0
0
0
0
0
0
0
0
0
0
0
0
0
0
0
0
0
0
0
0
0
0
0
0
0
0
0
0
0
0
0
0
0
0
0
0
0
0
0
0
0
0
0
0
0
0
0
0
0
0
0
0
0
0
0
0
0
0
0
0
0
0
0
0
0
-17076
-28
-852
-555
-7132
258
-2157
130
178
36
-2405
846
1590
-3361
344
2646
38
-54
-16223
-648
-816
-283
-3307
-2424
-177
-2202
3688
0
0
0
0
0
0
0
0
0
0
0
0
0
0
0
0
0
0
0
0
0
0
0
0
0
0
0
-22690
-4739
-160
-2349
-7098
-1283
-4901
1044
4691
-225
-1062
676
-1966
-15224
-802
-998
-2054
308
-22684
-5256
422
-7253
-52118
4297
-13492
-21302
-47385
151757
12478
-21302
882
-33511
-7572
-12786
-16485
-40647
934
-4545
-358
1313
-19028
-20
-1521
-1445
130
6092
-2596
-2937
7237
-23172
1858
1172
-10040
-58461
0
0
0
0
0
0
0
0
0
0
0
0
0
0
0
0
0
0
0
0
0
0
0
0
0
0
0
27280
-2535
-150
1284
-12115
-2075
1788
3632
-23340
-306
43
684
756
-24352
786
477
1660
-300
4564
-2758
-7946
-4469
-2664
-8740
-28
-5210
-46085
0
0
0
0
0
0
0
0
0
0
0
0
0
0
0
0
0
0
0
0
0
0
0
0
0
0
0
0
0
0
0
0
0
0
0
0
0
0
0
0
0
0
0
0
0
0
0
0
0
0
0
0
0
0
0
0
0
0
0
0
0
0
0
0
0
0
0
0
0
0
0
0
0
0
0
0
0
0
0
0
0
11434
-2535
-2202
3780
-7361
925
-168
194
-1281
0
212
0
-211
-6993
-128
-220
721
1265
6701
-557
-454
698
1866
-1288
-82
13180
-6979
0
0
0
0
0
0
0
0
0
0
0
0
0
0
0
0
0
0
0
0
0
0
0
0
0
0
0
1529
1408
-190
-206
1528
3442
-448
-714
-8483
-466
3679
4
-1344
1934
-76
62
2449
830
1835
-1753
-1452
2336
4106
-1294
-4739
-10040
-6640
4880
-4545
-2054
676
-4747
-614
1268
-886
102
0
-608
-260
20
502
-370
0
1441
-76
692
768
-123
-45
2789
-1152
100
2449
-10192
0
0
0
0
0
0
0
0
0
0
0
0
0
0
0
0
0
0
0
0
0
0
0
0
0
0
0
-256
212
-406
-536
2203
-935
562
556
-369
26
0
0
-42
9077
0
36
-512
-140
18
1508
-310
350
-7334
138
-2405
1660
-5358
0
0
0
0
0
0
0
0
0
0
0
0
0
0
0
0
0
0
0
0
0
0
0
0
0
0
0
0
0
0
0
0
0
0
0
0
0
0
0
0
0
0
0
0
0
0
0
0
0
0
0
0
0
0
0
0
0
0
0
0
0
0
0
0
0
0
0
0
0
0
0
0
0
0
0
0
0
0
0
0
0
156
43
38
1254
8818
326
0
1546
-2705
61
0
0
128
3117
0
0
508
-54
4816
-706
-344
2
-1049
688
114
721
1767
0
0
0
0
0
0
0
0
0
0
0
0
0
0
0
0
0
0
0
0
0
0
0
0
0
0
0
3299
3679
-1913
-170
-4562
1337
618
-4355
-389
-310
122
-6
-576
114
218
0
1441
74
1020
1192
-1196
1304
1216
-2194
-1062
-1445
-1065
2789
-2596
1044
417
-8374
-1103
0
-490
1356
-24
768
260
-1432
-3160
0
8
-4355
-58
1032
120
0
3317
0
-260
-1402
-714
-2788
0
0
0
0
0
0
0
0
0
0
0
0
0
0
0
0
0
0
0
0
0
0
0
0
0
0
0
1690
-557
108
1688
0
2631
0
0
810
341
-706
32
1124
0
-1064
-238
556
455
1419
240
0
-495
-57
1810
-648
3632
921
0
0
0
0
0
0
0
0
0
0
0
0
0
0
0
0
0
0
0
0
0
0
0
0
0
0
0
0
0
0
0
0
0
0
0
0
0
0
0
0
0
0
0
0
0
0
0
0
0
0
0
0
0
0
0
0
0
0
0
0
0
0
0
0
0
0
0
0
0
0
0
0
0
0
0
0
0
0
0
0
0
-434
-2758
130
626
2809
-172
-561
-4890
233
106
1508
-170
-1958
162
1034
1958
1546
-24
-724
240
-320
519
-249
845
-368
194
821
0
0
0
0
0
0
0
0
0
0
0
0
0
0
0
0
0
0
0
0
0
0
0
0
0
0
0
141
-1753
-759
128
-3806
-1816
-212
-490
4873
382
1192
0
696
-3800
-2016
284
-886
-3328
-2980
-7478
-634
-157
-2481
-2008
-5256
-16485
-20385
14165
-33511
-52118
1755
17696
8642
1877
-2481
-7791
3573
-4747
-4067
-293
1252
4127
168
1216
6808
8290
-8374
-3679
4243
-53291
-4552
-3775
4106
-17809
0
0
0
0
0
0
0
0
0
0
0
0
0
0
0
0
0
0
0
0
0
0
0
0
0
0
0
7726
-7361
-4665
-636
-17084
8997
-314
-57
-8344
1000
8818
-350
2104
-23
1831
-1102
-7334
273
2235
2809
-2590
-482
-26532
1640
-7132
-2664
28950
0
0
0
0
0
0
0
0
0
0
0
0
0
0
0
0
0
0
0
0
0
0
0
0
0
0
0
0
0
0
0
0
0
0
0
0
0
0
0
0
0
0
0
0
0
0
0
0
0
0
0
0
0
0
0
0
0
0
0
0
0
0
0
0
0
0
0
0
0
0
0
0
0
0
0
0
0
0
0
0
0
-2884
-12115
-3307
4968
-17084
11873
0
-249
1886
1346
2203
119
389
320
325
-722
-1049
207
302
0
0
4632
0
11983
1127
1866
6691
0
0
0
0
0
0
0
0
0
0
0
0
0
0
0
0
0
0
0
0
0
0
0
0
0
0
0
-3247
1528
-3193
720
320
-3237
0
0
1596
528
-4562
1097
-1956
-1321
6661
236
2789
970
3156
-3806
150
-6180
-53291
2609
-7098
-23172
-3739
13123
-19028
-15224
-8269
1252
1878
2651
-3800
-3895
481
502
-336
1657
120
2383
-2421
114
4799
118
-3160
0
-1216
-1321
2076
-49
1934
15219
0
0
0
0
0
0
0
0
0
0
0
0
0
0
0
0
0
0
0
0
0
0
0
0
0
0
0
13260
-6993
-2584
-393
320
13913
0
0
2531
-566
3117
-1736
-8847
1760
-1211
-3549
9077
-304
2913
162
0
6401
-23
3094
-3361
-24352
6242
0
0
0
0
0
0
0
0
0
0
0
0
0
0
0
0
0
0
0
0
0
0
0
0
0
0
0
0
0
0
0
0
0
0
0
0
0
0
0
0
0
0
0
0
0
0
0
0
0
0
0
0
0
0
0
0
0
0
0
0
0
0
0
0
0
0
0
0
0
0
0
0
0
0
0
0
0
0
0
0
0
6242
-24352
-3361
3094
-23
6401
0
162
2913
-304
9077
-3549
-1211
1760
-8847
-1736
3117
-566
2531
0
0
13913
320
-393
-2584
-6993
13260
0
0
0
0
0
0
0
0
0
0
0
0
0
0
0
0
0
0
0
0
0
0
0
0
0
0
0
15219
1934
-49
2076
-1321
-1216
0
-3160
118
4799
114
-2421
2383
120
1657
-336
502
481
-3895
-3800
2651
1878
1252
-8269
-15224
-19028
13123
-3739
-23172
-7098
2609
-53291
-6180
150
-3806
3156
970
2789
236
6661
-1321
-1956
1097
-4562
528
1596
0
0
-3237
320
720
-3193
1528
-3247
0
0
0
0
0
0
0
0
0
0
0
0
0
0
0
0
0
0
0
0
0
0
0
0
0
0
0
6691
1866
1127
11983
0
4632
0
0
302
207
-1049
-722
325
320
389
119
2203
1346
1886
-249
0
11873
-17084
4968
-3307
-12115
-2884
0
0
0
0
0
0
0
0
0
0
0
0
0
0
0
0
0
0
0
0
0
0
0
0
0
0
0
0
0
0
0
0
0
0
0
0
0
0
0
0
0
0
0
0
0
0
0
0
0
0
0
0
0
0
0
0
0
0
0
0
0
0
0
0
0
0
0
0
0
0
0
0
0
0
0
0
0
0
0
0
0
28950
-2664
-7132
1640
-26532
-482
-2590
2809
2235
273
-7334
-1102
1831
-23
2104
-350
8818
1000
-8344
-57
-314
8997
-17084
-636
-4665
-7361
7726
0
0
0
0
0
0
0
0
0
0
0
0
0
0
0
0
0
0
0
0
0
0
0
0
0
0
0
-17809
4106
-3775
-4552
-53291
4243
-3679
-8374
8290
6808
1216
168
4127
1252
-293
-4067
-4747
3573
-7791
-2481
1877
8642
17696
1755
-52118
-33511
14165
-20385
-16485
-5256
-2008
-2481
-157
-634
-7478
-2980
-3328
-886
284
-2016
-3800
696
0
1192
382
4873
-490
-212
-1816
-3806
128
-759
-1753
141
0
0
0
0
0
0
0
0
0
0
0
0
0
0
0
0
0
0
0
0
0
0
0
0
0
0
0
821
194
-368
845
-249
519
-320
240
-724
-24
1546
1958
1034
162
-1958
-170
1508
106
233
-4890
-561
-172
2809
626
130
-2758
-434
0
0
0
0
0
0
0
0
0
0
0
0
0
0
0
0
0
0
0
0
0
0
0
0
0
0
0
0
0
0
0
0
0
0
0
0
0
0
0
0
0
0
0
0
0
0
0
0
0
0
0
0
0
0
0
0
0
0
0
0
0
0
0
0
0
0
0
0
0
0
0
0
0
0
0
0
0
0
0
0
0
921
3632
-648
1810
-57
-495
0
240
1419
455
556
-238
-1064
0
1124
32
-706
341
810
0
0
2631
0
1688
108
-557
1690
0
0
0
0
0
0
0
0
0
0
0
0
0
0
0
0
0
0
0
0
0
0
0
0
0
0
0
-2788
-714
-1402
-260
0
3317
0
120
1032
-58
-4355
8
0
-3160
-1432
260
768
-24
1356
-490
0
-1103
-8374
417
1044
-2596
2789
-1065
-1445
-1062
-2194
1216
1304
-1196
1192
1020
74
1441
0
218
114
-576
-6
122
-310
-389
-4355
618
1337
-4562
-170
-1913
3679
3299
0
0
0
0
0
0
0
0
0
0
0
0
0
0
0
0
0
0
0
0
0
0
0
0
0
0
0
1767
721
114
688
-1049
2
-344
-706
4816
-54
508
0
0
3117
128
0
0
61
-2705
1546
0
326
8818
1254
38
43
156
0
0
0
0
0
0
0
0
0
0
0
0
0
0
0
0
0
0
0
0
0
0
0
0
0
0
0
0
0
0
0
0
0
0
0
0
0
0
0
0
0
0
0
0
0
0
0
0
0
0
0
0
0
0
0
0
0
0
0
0
0
0
0
0
0
0
0
0
0
0
0
0
0
0
0
0
0
0
0
0
0
-5358
1660
-2405
138
-7334
350
-310
1508
18
-140
-512
36
0
9077
-42
0
0
26
-369
556
562
-935
2203
-536
-406
212
-256
0
0
0
0
0
0
0
0
0
0
0
0
0
0
0
0
0
0
0
0
0
0
0
0
0
0
0
-10192
2449
100
-1152
2789
-45
-123
768
692
-76
1441
0
-370
502
20
-260
-608
0
102
-886
1268
-614
-4747
676
-2054
-4545
4880
-6640
-10040
-4739
-1294
4106
2336
-1452
-1753
1835
830
2449
62
-76
1934
-1344
4
3679
-466
-8483
-714
-448
3442
1528
-206
-190
1408
1529
0
0
0
0
0
0
0
0
0
0
0
0
0
0
0
0
0
0
0
0
0
0
0
0
0
0
0
-6979
13180
-82
-1288
1866
698
-454
-557
6701
1265
721
-220
-128
-6993
-211
0
212
0
-1281
194
-168
925
-7361
3780
-2202
-2535
11434
0
0
0
0
0
0
0
0
0
0
0
0
0
0
0
0
0
0
0
0
0
0
0
0
0
0
0
0
0
0
0
0
0
0
0
0
0
0
0
0
0
0
0
0
0
0
0
0
0
0
0
0
0
0
0
0
0
0
0
0
0
0
0
0
0
0
0
0
0
0
0
0
0
0
0
0
0
0
0
0
0
-46085
-5210
-28
-8740
-2664
-4469
-7946
-2758
4564
-300
1660
477
786
-24352
756
684
43
-306
-23340
3632
1788
-2075
-12115
1284
-150
-2535
27280
0
0
0
0
0
0
0
0
0
0
0
0
0
0
0
0
0
0
0
0
0
0
0
0
0
0
0
-58461
-10040
1172
1858
-23172
7237
-2937
-2596
6092
130
-1445
-1521
-20
-19028
1313
-358
-4545
934
-40647
-16485
-12786
-7572
-33511
882
-21302
12478
151757
-47385
-21302
-13492
4297
-52118
-7253
422
-5256
-22684
308
-2054
-998
-802
-15224
-1966
676
-1062
-225
4691
1044
-4901
-1283
-7098
-2349
-160
-4739
-22690
0
0
0
0
0
0
0
0
0
0
0
0
0
0
0
0
0
0
0
0
0
0
0
0
0
0
0
3688
-2202
-177
-2424
-3307
-283
-816
-648
-16223
-54
38
2646
344
-3361
1590
846
-2405
36
178
130
-2157
258
-7132
-555
-852
-28
-17076
0
0
0
0
0
0
0
0
0
0
0
0
0
0
0
0
0
0
0
0
0
0
0
0
0
0
0
0
0
0
0
0
0
0
0
0
0
0
0
0
0
0
0
0
0
0
0
0
0
0
0
0
0
0
0
0
0
0
0
0
0
0
0
0
0
0
0
0
0
0
0
0
0
0
0
0
0
0
0
0
0
-775
-150
-177
-751
-4665
164
776
-368
-969
0
-406
-184
-210
-2584
36
594
114
0
2274
108
-92
-336
1127
-396
324
-82
-2705
0
0
0
0
0
0
0
0
0
0
0
0
0
0
0
0
0
0
0
0
0
0
0
0
0
0
0
-2427
-190
-1148
-84
-3193
193
-22
-1402
-4179
0
-1913
-260
-14
-49
28
0
100
0
184
-759
-149
-504
-3775
-318
-160
1172
-1161
-546
-358
-998
112
-4067
-470
-552
284
66
0
-260
0
0
-336
0
0
0
0
-1140
260
28
0
236
700
0
62
-262
0
0
0
0
0
0
0
0
0
0
0
0
0
0
0
0
0
0
0
0
0
0
0
0
0
0
0
12
0
-184
326
119
-438
243
-238
2580
0
0
0
0
-3549
314
0
36
0
0
-170
-218
0
-1102
0
846
477
904
0
0
0
0
0
0
0
0
0
0
0
0
0
0
0
0
0
0
0
0
0
0
0
0
0
0
0
0
0
0
0
0
0
0
0
0
0
0
0
0
0
0
0
0
0
0
0
0
0
0
0
0
0
0
0
0
0
0
0
0
0
0
0
0
0
0
0
0
0
0
0
0
0
0
0
0
0
0
0
0
0
176
684
2646
0
-350
1159
-20
1958
98
0
0
0
0
-1736
0
0
0
0
964
32
0
-36
-722
0
594
-220
-34
0
0
0
0
0
0
0
0
0
0
0
0
0
0
0
0
0
0
0
0
0
0
0
0
0
0
0
-1442
4
-260
-866
1097
-1056
-22
8
-251
4
-6
0
0
-2421
14
0
0
0
-1627
0
0
1078
168
-16
676
-1521
1739
-910
-2937
-4901
-1583
-3679
437
0
-212
-432
-684
-123
28
0
0
-180
-22
618
30
-218
0
0
114
0
30
-22
-448
429
0
0
0
0
0
0
0
0
0
0
0
0
0
0
0
0
0
0
0
0
0
0
0
0
0
0
0
-1725
-454
-92
-1204
0
2032
0
0
336
-48
-344
0
65
0
468
243
562
-16
-24
-320
0
-151
-314
231
-816
1788
6143
0
0
0
0
0
0
0
0
0
0
0
0
0
0
0
0
0
0
0
0
0
0
0
0
0
0
0
0
0
0
0
0
0
0
0
0
0
0
0
0
0
0
0
0
0
0
0
0
0
0
0
0
0
0
0
0
0
0
0
0
0
0
0
0
0
0
0
0
0
0
0
0
0
0
0
0
0
0
0
0
0
-1861
-7946
-2157
310
-2590
278
0
-561
1390
0
-310
-218
-54
0
0
-20
0
0
-950
0
0
-1346
0
307
776
-168
-1664
0
0
0
0
0
0
0
0
0
0
0
0
0
0
0
0
0
0
0
0
0
0
0
0
0
0
0
-4466
-1452
-149
-514
150
2067
0
0
1478
0
-1196
0
1877
2651
420
-552
1268
155
-1096
-634
0
-1690
1877
-3180
422
-12786
-22863
-10948
-7572
-7253
-7295
8642
5202
-1690
-157
7933
288
-614
-470
-88
1878
76
1078
1304
4012
-7170
-1103
437
2005
-6180
6434
-504
2336
1002
0
0
0
0
0
0
0
0
0
0
0
0
0
0
0
0
0
0
0
0
0
0
0
0
0
0
0
-13767
925
164
-1431
11873
5646
-151
-495
6670
-906
326
1159
-2030
6401
744
0
350
92
353
-172
278
-1500
-482
2860
258
-4469
16813
0
0
0
0
0
0
0
0
0
0
0
0
0
0
0
0
0
0
0
0
0
0
0
0
0
0
0
0
0
0
0
0
0
0
0
0
0
0
0
0
0
0
0
0
0
0
0
0
0
0
0
0
0
0
0
0
0
0
0
0
0
0
0
0
0
0
0
0
0
0
0
0
0
0
0
0
0
0
0
0
0
-2622
-2075
-283
-8466
8997
5646
-1346
519
4162
0
-935
-438
-559
13913
1490
-36
2
142
-4456
2631
2032
1336
4632
2409
-336
698
14912
0
0
0
0
0
0
0
0
0
0
0
0
0
0
0
0
0
0
0
0
0
0
0
0
0
0
0
-9016
3442
193
3191
-3237
8426
114
3317
9519
-532
1337
-1056
-60
-1216
1012
0
-45
0
-9921
-1816
2067
2005
4243
4097
-1283
7237
21856
157
-20
-1966
-2959
4127
76
1877
696
493
0
-370
0
-1968
2383
552
0
-576
2327
-1124
0
-180
-60
-1956
2701
-14
-1344
3953
0
0
0
0
0
0
0
0
0
0
0
0
0
0
0
0
0
0
0
0
0
0
0
0
0
0
0
615
-128
36
-826
325
1490
65
1124
4066
-104
0
0
0
-8847
0
0
-42
0
-105
1034
0
-2030
2104
640
344
756
1560
0
0
0
0
0
0
0
0
0
0
0
0
0
0
0
0
0
0
0
0
0
0
0
0
0
0
0
0
0
0
0
0
0
0
0
0
0
0
0
0
0
0
0
0
0
0
0
0
0
0
0
0
0
0
0
0
0
0
0
0
0
0
0
0
0
0
0
0
0
0
0
0
0
0
0
0
0
0
0
0
0
-1838
786
1590
500
1831
744
-54
-1958
400
0
0
314
0
-1211
0
0
128
0
-994
-1064
468
-559
389
-915
-210
-211
2890
0
0
0
0
0
0
0
0
0
0
0
0
0
0
0
0
0
0
0
0
0
0
0
0
0
0
0
-144
-76
28
-230
6661
1012
0
-1432
-168
0
218
14
-1968
1657
708
0
20
0
-256
-2016
420
-88
-293
2228
-802
1313
-2576
-4272
1858
-2349
-1910
-4552
6434
-514
128
1683
-30
-1152
700
-230
2076
2701
-866
-170
969
432
-260
30
3191
720
3044
-84
-206
935
0
0
0
0
0
0
0
0
0
0
0
0
0
0
0
0
0
0
0
0
0
0
0
0
0
0
0
-5619
-1288
-396
-466
11983
2409
-1204
1688
1283
-278
688
0
-826
-393
-915
326
-536
-468
-1328
845
307
-1431
-636
3231
-2424
1284
17136
0
0
0
0
0
0
0
0
0
0
0
0
0
0
0
0
0
0
0
0
0
0
0
0
0
0
0
0
0
0
0
0
0
0
0
0
0
0
0
0
0
0
0
0
0
0
0
0
0
0
0
0
0
0
0
0
0
0
0
0
0
0
0
0
0
0
0
0
0
0
0
0
0
0
0
0
0
0
0
0
0
-6915
-8740
-555
1504
1640
2860
310
626
3217
28
138
0
500
3094
640
0
1254
30
-693
1810
231
-8466
4968
3231
-751
3780
6589
0
0
0
0
0
0
0
0
0
0
0
0
0
0
0
0
0
0
0
0
0
0
0
0
0
0
0
-487
-1294
-318
-1910
2609
4097
-1583
417
11021
0
-2194
-16
-2959
-8269
2228
112
676
159
-5901
-2008
-3180
-7295
1755
9788
4297
882
37049
-51833
-40647
-22684
-5901
-7791
7933
-1096
-2980
-4126
-766
102
66
-256
-3895
493
-1627
1020
-858
-5827
1356
-432
-9921
3156
1683
184
1835
16138
0
0
0
0
0
0
0
0
0
0
0
0
0
0
0
0
0
0
0
0
0
0
0
0
0
0
0
-10225
-1281
-969
-1328
1886
4162
-24
1419
-968
-140
-2705
98
-105
2913
400
0
18
1572
-1188
233
1390
353
2235
3217
178
4564
29916
0
0
0
0
0
0
0
0
0
0
0
0
0
0
0
0
0
0
0
0
0
0
0
0
0
0
0
0
0
0
0
0
0
0
0
0
0
0
0
0
0
0
0
0
0
0
0
0
0
0
0
0
0
0
0
0
0
0
0
0
0
0
0
0
0
0
0
0
0
0
0
0
0
0
0
0
0
0
0
0
0
-36115
-23340
-16223
-693
-8344
6670
-950
-724
-968
591
-369
2580
-994
2531
4066
964
4816
865
316
810
336
-4456
302
1283
2274
6701
29879
0
0
0
0
0
0
0
0
0
0
0
0
0
0
0
0
0
0
0
0
0
0
0
0
0
0
0
-10401
-8483
-4179
432
1596
9519
-218
1032
3146
-334
-389
-251
-1124
118
-168
-1140
692
1591
-5827
4873
1478
-7170
8290
11021
4691
6092
83983
-2742
130
-225
0
6808
4012
0
382
-858
0
-76
0
0
4799
2327
4
-310
0
-334
-58
30
-532
528
969
0
-466
304
0
0
0
0
0
0
0
0
0
0
0
0
0
0
0
0
0
0
0
0
0
0
0
0
0
0
0
328
1265
0
-278
207
142
-48
341
865
0
-54
0
-104
-566
0
0
26
1584
-140
-24
0
-906
1000
30
-54
-306
2132
0
0
0
0
0
0
0
0
0
0
0
0
0
0
0
0
0
0
0
0
0
0
0
0
0
0
0
0
0
0
0
0
0
0
0
0
0
0
0
0
0
0
0
0
0
0
0
0
0
0
0
0
0
0
0
0
0
0
0
0
0
0
0
0
0
0
0
0
0
0
0
0
0
0
0
0
0
0
0
0
0
838
-300
36
28
273
92
0
106
1572
0
-140
0
0
-304
0
0
61
1584
591
455
-16
0
1346
-468
0
0
-331
0
0
0
0
0
0
0
0
0
0
0
0
0
0
0
0
0
0
0
0
0
0
0
0
0
0
0
-252
830
0
-30
970
0
-684
-24
1591
0
74
0
0
481
0
0
0
0
-766
-3328
155
288
3573
159
308
934
4010
-102167
-58461
-22690
-487
-17809
1002
-4466
141
16138
-252
-10192
-262
-144
15219
3953
-1442
3299
304
-10401
-2788
429
-9016
-3247
935
-2427
1529
27472
0
0
0
0
0
0
0
0
0
0
0
0
0
0
0
0
0
0
0
0
0
0
0
0
0
0
0
-57918
-6979
-2705
-5619
6691
14912
-1725
1690
29879
328
1767
-34
615
13260
2890
12
-256
-331
-10225
821
-1664
-13767
7726
6589
3688
27280
90427
0
0
0
0
0
0
0
0
0
0
0
0
0
0
0
0
0
0
0
0
0
0
0
0
0
0
0
0
0
0
0
0
0
0
0
0
0
0
0
0
0
0
0
0
0
0
0
0
0
0
0
0
0
0
0
0
0
0
0
0
0
0
0
0
0
0
0
0
0
0
0
0
0
0
0
0
0
0
0
0
0
-104422
-46085
-17076
-6915
28950
16813
-1861
-434
29916
838
-5358
904
-1838
6242
1560
176
156
2132
-36115
921
6143
-2622
-2884
17136
-775
11434
90427
0
0
0
0
0
0
0
0
0
0
0
0
0
0
0
0
0
0
0
0
0
0
0
0
0
0
0
-102167
-6640
-1161
-4272
-3739
21856
-910
2789
83983
-2742
-1065
1739
157
13123
-2576
-546
4880
4010
-51833
-20385
-22863
-10948
14165
37049
-47385
151757
741208
