-17480
736
3351
174
-1694
-63
-1052
-1874
299
0
24
58
0
176
-52
-96
-216
0
-136
3375
295
-356
4446
-254
-923
-505
-299
174
197
44
-114
-42
56
-127
2
254
0
40
128
-114
-3
0
0
52
52
-356
-61
79
-240
-254
-56
-709
-766
63
-1052
494
-22
-127
90
-79
0
0
-295
-96
0
0
0
-318
-128
0
-179
-58
-923
-56
22
-709
-682
-44
-1436
-3163
-3351
736
9936
3163
197
-2081
766
494
3193
505
24
92
179
40
1685
-52
0
0
216
3375
208
0
-61
3512
-2
-56
-3193
1874
-1694
-2081
682
-42
-10912
254
90
-3512
-4446
176
1685
318
-3
0
3
-318
-1685
-176
4446
3512
-90
-254
10912
42
-682
2081
1694
-1874
3193
56
2
-3512
61
0
-208
-3375
-216
0
0
52
-1685
-40
-179
-92
-24
-505
-3193
-494
-766
2081
-197
-3163
-9936
-736
3351
3163
1436
44
682
709
-22
56
923
58
179
0
128
318
0
0
0
96
295
0
0
79
-90
127
22
-494
1052
-63
766
709
56
254
240
-79
61
356
-52
-52
0
0
3
114
-128
-40
0
-254
-2
127
-56
42
114
-44
-197
-174
299
505
923
254
-4446
356
-295
-3375
136
0
216
96
52
-176
0
-58
-24
0
-299
1874
1052
63
1694
-174
-3351
-736
17480
