-11383286
-1536801
29094
-481877
-1161995
69721
-936174
-1131538
402734
-59477
-30552
27700
-70215
-641823
26927
-87704
-181005
28409
-430949
-7904
173269
-483004
-952331
-138560
-457036
-654213
0
-59477
602
11690
-5287
8046
6452
-2426
-9283
18566
-24184
-17872
-1240
-34810
-199534
-4983
-27782
-30096
0
-102026
-21442
-7766
-50879
-150270
-13275
-86503
-47541
-28409
-430949
-5649
18016
-85054
-12885
3865
-26558
-11102
0
-102026
-125831
-16212
-153273
-539528
-31245
-133368
-200087
-18566
-181854
-23019
26246
-423237
-723625
-143413
-416498
-1061407
-402734
-481877
-41703
101560
-54220
-124260
33341
-72560
-87048
143413
-5287
12644
16984
-13157
-305896
21818
-5412
-18128
13275
-85054
-5120
75055
-68551
-298978
0
-81539
-93869
138560
-70215
6861
24659
-13157
34557
12447
-9388
-24066
31245
-34810
-17662
4877
-55684
-393103
0
-33527
-52260
4983
-153273
-23977
-10400
-73414
-225108
-21818
-108504
-56053
-26927
-483004
-23642
-3633
-68551
-212369
0
-183009
-56581
-3865
-50879
-34540
-4805
-73414
-494203
-12447
-48932
-72095
-6452
-423237
-50535
-18985
-146488
-409694
-33341
-444165
-331324
-69721
-936174
-67713
-39990
-72560
-43234
18985
0
-10599
-26246
-2426
9665
10227
-9388
-52912
10400
-4494
-11646
7766
-26558
0
0
-183009
0
-75055
-92572
-126897
-173269
-87704
3105
16221
-5412
31549
4805
-4494
-9839
16212
-27782
-15992
0
-33527
-180177
-4877
-33126
-30265
1240
-133368
-20449
-10227
-48932
-164258
-16984
-88404
-44013
-27700
-457036
-12722
0
-81539
-34917
3633
-92572
-18583
-18016
-86503
-72495
-16221
-108504
-403486
-24659
-88404
-111727
-11690
-416498
-29688
39990
-444165
-1099896
-101560
-741184
-1326756
-29094
-1536801
1085138
1326756
-41703
1143423
331324
-67713
46270
1061407
602
50866
44013
6861
325590
56053
3105
21528
47541
-5649
60643
126897
-23642
192931
93869
-12722
0
654213
-30552
50866
111727
12644
222887
72095
9665
25930
200087
-17872
30144
30265
-17662
241013
52260
-15992
0
30096
-125831
24121
11646
-34540
-64198
18128
-72495
-21528
181005
-7904
60643
18583
-5120
68338
56581
0
0
11102
-21442
24121
9839
-23977
599875
24066
-20449
-25930
9283
-23019
9314
10599
-50535
417265
87048
-29688
-46270
1131538
-1161995
1143423
1099896
-124260
-2289520
409694
-43234
-417265
723625
8046
222887
164258
34557
798769
225108
31549
64198
150270
-12885
68338
0
-212369
0
298978
-34917
-192931
952331
-641823
325590
403486
-305896
798769
494203
-52912
-599875
539528
-199534
241013
180177
-393103
0
393103
-180177
-241013
199534
-539528
599875
52912
-494203
-798769
305896
-403486
-325590
641823
-952331
192931
34917
-298978
0
212369
0
-68338
12885
-150270
-64198
-31549
-225108
-798769
-34557
-164258
-222887
-8046
-723625
417265
43234
-409694
2289520
124260
-1099896
-1143423
1161995
-1131538
46270
29688
-87048
-417265
50535
-10599
-9314
23019
-9283
25930
20449
-24066
-599875
23977
-9839
-24121
21442
-11102
0
0
-56581
-68338
5120
-18583
-60643
7904
-181005
21528
72495
-18128
64198
34540
-11646
-24121
125831
-30096
0
15992
-52260
-241013
17662
-30265
-30144
17872
-200087
-25930
-9665
-72095
-222887
-12644
-111727
-50866
30552
-654213
0
12722
-93869
-192931
23642
-126897
-60643
5649
-47541
-21528
-3105
-56053
-325590
-6861
-44013
-50866
-602
-1061407
-46270
67713
-331324
-1143423
41703
-1326756
-1085138
1536801
29094
1326756
741184
101560
1099896
444165
-39990
29688
416498
11690
111727
88404
24659
403486
108504
16221
72495
86503
18016
18583
92572
-3633
34917
81539
0
12722
457036
27700
44013
88404
16984
164258
48932
10227
20449
133368
-1240
30265
33126
4877
180177
33527
0
15992
27782
-16212
9839
4494
-4805
-31549
5412
-16221
-3105
87704
173269
126897
92572
75055
0
183009
0
0
26558
-7766
11646
4494
-10400
52912
9388
-10227
-9665
2426
26246
10599
0
-18985
43234
72560
39990
67713
936174
69721
331324
444165
33341
409694
146488
18985
50535
423237
6452
72095
48932
12447
494203
73414
4805
34540
50879
3865
56581
183009
0
212369
68551
3633
23642
483004
26927
56053
108504
21818
225108
73414
10400
23977
153273
-4983
52260
33527
0
393103
55684
-4877
17662
34810
-31245
24066
9388
-12447
-34557
13157
-24659
-6861
70215
-138560
93869
81539
0
298978
68551
-75055
5120
85054
-13275
18128
5412
-21818
305896
13157
-16984
-12644
5287
-143413
87048
72560
-33341
124260
54220
-101560
41703
481877
402734
1061407
416498
143413
723625
423237
-26246
23019
181854
18566
200087
133368
31245
539528
153273
16212
125831
102026
0
11102
26558
-3865
12885
85054
-18016
5649
430949
28409
47541
86503
13275
150270
50879
7766
21442
102026
0
30096
27782
4983
199534
34810
1240
17872
24184
-18566
9283
2426
-6452
-8046
5287
-11690
-602
59477
0
654213
457036
138560
952331
483004
-173269
7904
430949
-28409
181005
87704
-26927
641823
70215
-27700
30552
59477
-402734
1131538
936174
-69721
1161995
481877
-29094
1536801
11383286
