-8579484
-579856
105115
-191846
1272316
-9274
-690661
-629631
374073
-36946
40116
27799
-11417
1065821
14907
-35153
7382
33967
-502206
58880
185222
-165413
-421820
-157388
-358330
-442298
-109893
0
0
0
0
0
0
0
0
0
0
0
0
0
0
0
0
0
0
0
0
0
0
0
0
0
0
0
-308530
95996
143192
-13726
192910
16145
-67473
-18050
156524
-73036
-158012
-16220
-40955
-400133
-20525
-79100
-184519
-17661
-133165
-8225
160974
-112727
-627352
-150956
-198514
-694172
109893
-36946
9463
11389
-1613
12126
785
98
849
13238
-628
311
706
-64
13416
869
-705
596
1314
-389
3318
5894
-186
251
255
-555
992
17661
0
0
0
0
0
0
0
0
0
0
0
0
0
0
0
0
0
0
0
0
0
0
0
0
0
0
0
-73036
-3953
-3452
-1639
-8723
-181
-24665
-17232
-5612
-4824
-10718
-1216
-1066
-36177
-1289
-5843
-11143
-1314
-45218
-13156
-4587
-5804
-52043
-5574
-54961
-50115
-33967
-502206
-43375
-6346
-3802
69023
1957
-8403
-1514
-10846
-389
14326
5336
1003
51995
2813
-1234
4716
5612
-4538
14832
18000
-44512
-2094
-63040
-16776
-103307
-156524
0
0
0
0
0
0
0
0
0
0
0
0
0
0
0
0
0
0
0
0
0
0
0
0
0
0
0
-133165
25085
22161
-7754
34091
2049
-16240
-6222
10846
-45218
-102702
-13283
-20367
-73336
-16356
-47489
-95094
-13238
-75860
1106
45408
-75377
-366121
-107452
-118408
-662898
-374073
-191846
39029
98132
-2732
53348
7029
-3666
-5649
107452
-1613
6969
3864
-150
6765
1228
-264
1198
5574
-3802
12528
53469
-1873
-48162
1070
-4892
-15831
150956
0
0
0
0
0
0
0
0
0
0
0
0
0
0
0
0
0
0
0
0
0
0
0
0
0
0
0
-13726
11186
44667
-2400
14212
2800
-6703
-7122
63040
-1639
-3385
-108
-914
-74281
-417
-1720
-8057
-255
-7754
3735
51905
-3689
-109652
-1070
-17303
-47803
157388
-11417
20146
19302
-150
27679
1401
-714
1753
16356
-64
5418
1678
-10
17750
362
49
1781
1289
1003
6113
9834
-76
903
417
-1004
884
20525
0
0
0
0
0
0
0
0
0
0
0
0
0
0
0
0
0
0
0
0
0
0
0
0
0
0
0
-40955
-4598
-1701
-914
-5159
42
-13183
-11400
-2813
-1066
-4907
-115
-478
-27121
-362
-1721
-4990
-869
-20367
-9866
-2328
-2854
-25175
-1228
-24965
-24338
-14907
-165413
-7836
2416
-1873
15612
817
-35982
-12723
-2049
-186
1668
223
-76
8865
-42
-146
527
181
-44512
-3542
1172
-5830
-33423
-2800
-33279
-28510
-16145
0
0
0
0
0
0
0
0
0
0
0
0
0
0
0
0
0
0
0
0
0
0
0
0
0
0
0
-112727
-7703
1891
-3689
-6481
-817
-36294
-16762
-1957
-5804
-12059
-862
-2854
-44494
-1401
-7590
-11060
-785
-75377
-26677
-2573
-8238
-91402
-7029
-91934
-101838
9274
-690661
-131905
-39421
-3666
-1044
2573
0
-26872
-45408
98
8108
4256
-714
7491
2328
-27
850
4587
-8403
0
0
-35982
0
-51905
-14353
-88604
-160974
0
0
0
0
0
0
0
0
0
0
0
0
0
0
0
0
0
0
0
0
0
0
0
0
0
0
0
-67473
1465
-2066
-6703
0
-1172
0
0
-18000
-24665
-51025
-7160
-13183
0
-9834
-30932
-50731
-5894
-16240
-10639
0
-36294
-61031
-53469
-33666
-201268
-185222
-35153
11269
14639
-264
17774
862
-27
1402
13283
-705
1968
607
49
16682
115
234
1265
1216
-1234
3075
7160
-146
337
108
173
-624
16220
0
0
0
0
0
0
0
0
0
0
0
0
0
0
0
0
0
0
0
0
0
0
0
0
0
0
0
-79100
-4589
-3364
-1720
-8845
-223
-30932
-16858
-5336
-5843
-9172
-607
-1721
-69739
-1678
-6984
-14104
-706
-47489
-16403
-4256
-7590
-68330
-3864
-54944
-60154
-27799
-358330
-79141
-18852
-4892
2767
-1891
-14353
-6943
-22161
-555
4273
3364
-1004
5393
1701
173
-50
3452
-16776
-546
2066
-33279
-11734
-44667
-23164
-97208
-143192
0
0
0
0
0
0
0
0
0
0
0
0
0
0
0
0
0
0
0
0
0
0
0
0
0
0
0
-198514
-8564
18852
-17303
-315
-2416
-33666
-17951
6346
-54961
-115656
-14639
-24965
-309079
-19302
-54944
-115496
-11389
-118408
-33055
39421
-91934
-787931
-98132
-188552
-1043186
-105115
-579856
1024086
1043186
39029
1540268
101838
-131905
162595
662898
9463
154517
60154
20146
548573
24338
11269
120102
50115
-43375
176483
201268
-7836
-84623
47803
-79141
32865
694172
0
0
0
0
0
0
0
0
0
0
0
0
0
0
0
0
0
0
0
0
0
0
0
0
0
0
0
95996
117004
97208
11186
101615
28510
1465
12836
103307
-3953
-686
624
-4598
-212486
-884
-4589
-38978
-992
25085
53291
88604
-7703
-122937
15831
-8564
-32865
442298
40116
154517
115496
6969
174721
11060
8108
57096
95094
311
43040
14104
5418
365965
4990
1968
31653
11143
14326
54011
50731
1668
132926
8057
4273
38978
184519
0
0
0
0
0
0
0
0
0
0
0
0
0
0
0
0
0
0
0
0
0
0
0
0
0
0
0
-158012
-686
50
-3385
-10460
-527
-51025
-33530
-4716
-10718
-17432
-1265
-4907
-93006
-1781
-9172
-31653
-596
-102702
-13080
-850
-12059
-100213
-1198
-115656
-120102
-7382
58880
176483
17951
12528
99128
16762
0
3289
6222
3318
54011
16858
6113
105590
11400
3075
33530
17232
14832
0
0
-3542
0
7122
-546
-12836
18050
0
0
0
0
0
0
0
0
0
0
0
0
0
0
0
0
0
0
0
0
0
0
0
0
0
0
0
-8225
53291
6943
3735
6366
12723
-10639
-3289
1514
-13156
-13080
-1402
-9866
-98425
-1753
-16403
-57096
-849
1106
11620
26872
-26677
-248714
5649
-33055
-162595
629631
1272316
1540268
787931
53348
1361562
91402
-1044
248714
366121
12126
174721
68330
27679
-2354453
25175
17774
100213
52043
69023
99128
61031
15612
11756
109652
2767
122937
627352
0
0
0
0
0
0
0
0
0
0
0
0
0
0
0
0
0
0
0
0
0
0
0
0
0
0
0
192910
101615
11734
14212
0
33423
0
0
2094
-8723
-10460
-337
-5159
584809
-903
-8845
-132926
-251
34091
6366
0
-6481
-11756
48162
-315
84623
421820
1065821
548573
309079
6765
-2354453
44494
7491
98425
73336
13416
365965
69739
17750
0
27121
16682
93006
36177
51995
105590
0
8865
-584809
74281
5393
212486
400133
0
0
0
0
0
0
0
0
0
0
0
0
0
0
0
0
0
0
0
0
0
0
0
0
0
0
0
-400133
-212486
-5393
-74281
584809
-8865
0
-105590
-51995
-36177
-93006
-16682
-27121
0
-17750
-69739
-365965
-13416
-73336
-98425
-7491
-44494
2354453
-6765
-309079
-548573
-1065821
-421820
-84623
315
-48162
11756
6481
0
-6366
-34091
251
132926
8845
903
-584809
5159
337
10460
8723
-2094
0
0
-33423
0
-14212
-11734
-101615
-192910
0
0
0
0
0
0
0
0
0
0
0
0
0
0
0
0
0
0
0
0
0
0
0
0
0
0
0
-627352
-122937
-2767
-109652
-11756
-15612
-61031
-99128
-69023
-52043
-100213
-17774
-25175
2354453
-27679
-68330
-174721
-12126
-366121
-248714
1044
-91402
-1361562
-53348
-787931
-1540268
-1272316
-629631
162595
33055
-5649
248714
26677
-26872
-11620
-1106
849
57096
16403
1753
98425
9866
1402
13080
13156
-1514
3289
10639
-12723
-6366
-3735
-6943
-53291
8225
0
0
0
0
0
0
0
0
0
0
0
0
0
0
0
0
0
0
0
0
0
0
0
0
0
0
0
-18050
12836
546
-7122
0
3542
0
0
-14832
-17232
-33530
-3075
-11400
-105590
-6113
-16858
-54011
-3318
-6222
-3289
0
-16762
-99128
-12528
-17951
-176483
-58880
7382
120102
115656
1198
100213
12059
850
13080
102702
596
31653
9172
1781
93006
4907
1265
17432
10718
4716
33530
51025
527
10460
3385
-50
686
158012
0
0
0
0
0
0
0
0
0
0
0
0
0
0
0
0
0
0
0
0
0
0
0
0
0
0
0
-184519
-38978
-4273
-8057
-132926
-1668
-50731
-54011
-14326
-11143
-31653
-1968
-4990
-365965
-5418
-14104
-43040
-311
-95094
-57096
-8108
-11060
-174721
-6969
-115496
-154517
-40116
-442298
32865
8564
-15831
122937
7703
-88604
-53291
-25085
992
38978
4589
884
212486
4598
-624
686
3953
-103307
-12836
-1465
-28510
-101615
-11186
-97208
-117004
-95996
0
0
0
0
0
0
0
0
0
0
0
0
0
0
0
0
0
0
0
0
0
0
0
0
0
0
0
-694172
-32865
79141
-47803
84623
7836
-201268
-176483
43375
-50115
-120102
-11269
-24338
-548573
-20146
-60154
-154517
-9463
-662898
-162595
131905
-101838
-1540268
-39029
-1043186
-1024086
579856
105115
1043186
188552
98132
787931
91934
-39421
33055
118408
11389
115496
54944
19302
309079
24965
14639
115656
54961
-6346
17951
33666
2416
315
17303
-18852
8564
198514
0
0
0
0
0
0
0
0
0
0
0
0
0
0
0
0
0
0
0
0
0
0
0
0
0
0
0
143192
97208
23164
44667
11734
33279
-2066
546
16776
-3452
50
-173
-1701
-5393
1004
-3364
-4273
555
22161
6943
14353
1891
-2767
4892
18852
79141
358330
27799
60154
54944
3864
68330
7590
4256
16403
47489
706
14104
6984
1678
69739
1721
607
9172
5843
5336
16858
30932
223
8845
1720
3364
4589
79100
0
0
0
0
0
0
0
0
0
0
0
0
0
0
0
0
0
0
0
0
0
0
0
0
0
0
0
-16220
624
-173
-108
-337
146
-7160
-3075
1234
-1216
-1265
-234
-115
-16682
-49
-607
-1968
705
-13283
-1402
27
-862
-17774
264
-14639
-11269
35153
185222
201268
33666
53469
61031
36294
0
10639
16240
5894
50731
30932
9834
0
13183
7160
51025
24665
18000
0
0
1172
0
6703
2066
-1465
67473
0
0
0
0
0
0
0
0
0
0
0
0
0
0
0
0
0
0
0
0
0
0
0
0
0
0
0
160974
88604
14353
51905
0
35982
0
0
8403
-4587
-850
27
-2328
-7491
714
-4256
-8108
-98
45408
26872
0
-2573
1044
3666
39421
131905
690661
-9274
101838
91934
7029
91402
8238
2573
26677
75377
785
11060
7590
1401
44494
2854
862
12059
5804
1957
16762
36294
817
6481
3689
-1891
7703
112727
0
0
0
0
0
0
0
0
0
0
0
0
0
0
0
0
0
0
0
0
0
0
0
0
0
0
0
16145
28510
33279
2800
33423
5830
-1172
3542
44512
-181
-527
146
42
-8865
76
-223
-1668
186
2049
12723
35982
-817
-15612
1873
-2416
7836
165413
14907
24338
24965
1228
25175
2854
2328
9866
20367
869
4990
1721
362
27121
478
115
4907
1066
2813
11400
13183
-42
5159
914
1701
4598
40955
0
0
0
0
0
0
0
0
0
0
0
0
0
0
0
0
0
0
0
0
0
0
0
0
0
0
0
-20525
-884
1004
-417
-903
76
-9834
-6113
-1003
-1289
-1781
-49
-362
-17750
10
-1678
-5418
64
-16356
-1753
714
-1401
-27679
150
-19302
-20146
11417
-157388
47803
17303
1070
109652
3689
-51905
-3735
7754
255
8057
1720
417
74281
914
108
3385
1639
-63040
7122
6703
-2800
-14212
2400
-44667
-11186
13726
0
0
0
0
0
0
0
0
0
0
0
0
0
0
0
0
0
0
0
0
0
0
0
0
0
0
0
-150956
15831
4892
-1070
48162
1873
-53469
-12528
3802
-5574
-1198
264
-1228
-6765
150
-3864
-6969
1613
-107452
5649
3666
-7029
-53348
2732
-98132
-39029
191846
374073
662898
118408
107452
366121
75377
-45408
-1106
75860
13238
95094
47489
16356
73336
20367
13283
102702
45218
-10846
6222
16240
-2049
-34091
7754
-22161
-25085
133165
0
0
0
0
0
0
0
0
0
0
0
0
0
0
0
0
0
0
0
0
0
0
0
0
0
0
0
156524
103307
16776
63040
2094
44512
-18000
-14832
4538
-5612
-4716
1234
-2813
-51995
-1003
-5336
-14326
389
10846
1514
8403
-1957
-69023
3802
6346
43375
502206
33967
50115
54961
5574
52043
5804
4587
13156
45218
1314
11143
5843
1289
36177
1066
1216
10718
4824
5612
17232
24665
181
8723
1639
3452
3953
73036
0
0
0
0
0
0
0
0
0
0
0
0
0
0
0
0
0
0
0
0
0
0
0
0
0
0
0
-17661
-992
555
-255
-251
186
-5894
-3318
389
-1314
-596
705
-869
-13416
64
-706
-311
628
-13238
-849
-98
-785
-12126
1613
-11389
-9463
36946
-109893
694172
198514
150956
627352
112727
-160974
8225
133165
17661
184519
79100
20525
400133
40955
16220
158012
73036
-156524
18050
67473
-16145
-192910
13726
-143192
-95996
308530
0
0
0
0
0
0
0
0
0
0
0
0
0
0
0
0
0
0
0
0
0
0
0
0
0
0
0
109893
442298
358330
157388
421820
165413
-185222
-58880
502206
-33967
-7382
35153
-14907
-1065821
11417
-27799
-40116
36946
-374073
629631
690661
9274
-1272316
191846
-105115
579856
8579484
