-7108464
-740349
-130217
-249559
-840208
20973
-384871
-460193
37083
-23298
-19155
6548
-12976
-131561
4613
-23877
-29598
10163
-358385
-6280
-5482
-174809
-553895
-2787
-146519
-331819
-81985
0
0
0
0
0
0
0
0
0
0
0
0
0
0
0
0
0
0
0
0
0
0
0
0
0
0
0
-326308
15782
3934
-60854
-81402
6399
-31879
-19910
24376
-95044
-93500
-13
-82711
-523684
-42
-85817
-90493
-32
-121244
-2547
4688
-209993
-582601
-3688
-149711
-590501
0
0
0
0
0
0
0
0
0
0
0
0
0
0
0
0
0
0
0
0
0
0
0
0
0
0
0
0
0
0
0
0
0
0
0
0
0
0
0
0
0
0
0
0
0
0
0
0
0
0
0
0
0
0
0
0
0
0
0
0
0
0
0
0
0
0
0
0
0
0
0
0
0
0
0
0
0
0
0
0
0
0
-326308
11087
2531
-30892
-21667
5770
-12281
-5113
13242
-610
766
2005
-1700
-22726
1363
-366
-289
4823
-24666
637
3620
-42276
-61870
-997
-17162
-84532
0
0
0
0
0
0
0
0
0
0
0
0
0
0
0
0
0
0
0
0
0
0
0
0
0
0
0
0
-98754
11499
5715
-41467
-48612
4607
-9135
-9338
19944
-54075
-60763
-122
-49409
-484076
-285
-55029
-69726
100
-52372
-1577
13436
-155879
-537911
-1297
-125122
-602544
81985
-23298
-812
26
-406
-717
0
-334
-238
0
0
0
0
0
-184
0
0
0
0
-352
0
28
-56
-412
36
-102
-531
-100
0
0
0
0
0
0
0
0
0
0
0
0
0
0
0
0
0
0
0
0
0
0
0
0
0
0
0
-610
-22
40
-163
-104
-22
-256
-48
16
0
0
0
0
-316
0
0
0
0
-260
0
16
-209
-1509
38
-382
-723
32
0
0
0
0
0
0
0
0
0
0
0
0
0
0
0
0
0
0
0
0
0
0
0
0
0
0
0
0
0
0
0
0
0
0
0
0
0
0
0
0
0
0
0
0
0
0
0
0
0
0
0
0
0
0
0
0
0
0
0
0
0
0
0
0
0
0
0
0
0
0
0
0
0
0
0
0
0
0
0
0
0
-95044
-1161
-1223
-1705
-2511
-12
-13434
-5551
-550
0
0
0
-64
-430
0
0
-30
0
-22528
-494
-634
-7048
-15658
-78
-11967
-19013
-4823
0
0
0
0
0
0
0
0
0
0
0
0
0
0
0
0
0
0
0
0
0
0
0
0
0
0
0
-54075
-427
-1067
-2650
-6038
-38
-6777
-6358
-275
-3062
-2142
0
-2309
-9034
0
-1860
-1423
0
-41387
-1321
-2492
-21314
-36825
-56
-36780
-67004
-10163
-358385
-7830
-2276
-19817
-24985
1090
-298
-7668
-24
-352
118
84
-622
-98
218
-346
-698
275
-876
-54
30
-18521
-202
-1130
-5445
-34751
-19944
0
0
0
0
0
0
0
0
0
0
0
0
0
0
0
0
0
0
0
0
0
0
0
0
0
0
0
-24666
373
67
-16611
86
546
-90
-52
0
-22528
-24620
-38
-16423
-191
32
-23243
-17142
-16
-3939
-933
-136
-42873
-22570
-1053
-32293
-109087
-24376
0
0
0
0
0
0
0
0
0
0
0
0
0
0
0
0
0
0
0
0
0
0
0
0
0
0
0
0
0
0
0
0
0
0
0
0
0
0
0
0
0
0
0
0
0
0
0
0
0
0
0
0
0
0
0
0
0
0
0
0
0
0
0
0
0
0
0
0
0
0
0
0
0
0
0
0
0
0
0
0
0
-121244
-2422
-763
-14056
-3498
391
-3401
-1746
0
-260
-40
236
-470
-64
248
-250
-760
550
-3939
-75
-142
-14440
-1674
-1
-6782
-37852
-13242
0
0
0
0
0
0
0
0
0
0
0
0
0
0
0
0
0
0
0
0
0
0
0
0
0
0
0
-52372
196
-167
-18341
-909
329
-2847
-1218
24
-41387
-51347
-30
-32682
-114604
-156
-50775
-50726
0
-24356
-2879
-1050
-102544
-248641
-1015
-92725
-496881
-37083
-249559
-18268
2663
-25480
-113862
310
-20626
-14713
1015
-406
-698
0
-1410
-63570
0
-609
-1453
56
-19817
-204
78
-14894
-110694
475
-10700
-16675
1297
0
0
0
0
0
0
0
0
0
0
0
0
0
0
0
0
0
0
0
0
0
0
0
0
0
0
0
-30892
179
26
-25289
-95362
303
-5811
-3809
1053
-1705
-1425
0
-5047
-288599
-32
-994
-4080
-38
-14056
-116
739
-22121
-207250
0
-18918
-60363
3688
0
0
0
0
0
0
0
0
0
0
0
0
0
0
0
0
0
0
0
0
0
0
0
0
0
0
0
0
0
0
0
0
0
0
0
0
0
0
0
0
0
0
0
0
0
0
0
0
0
0
0
0
0
0
0
0
0
0
0
0
0
0
0
0
0
0
0
0
0
0
0
0
0
0
0
0
0
0
0
0
0
-60854
-10
581
-25289
-79961
381
-11627
-5400
1
-163
-32
80
-762
-60670
184
-38
-1008
78
-16611
-439
58
-17316
-114266
0
-8442
-22360
997
0
0
0
0
0
0
0
0
0
0
0
0
0
0
0
0
0
0
0
0
0
0
0
0
0
0
0
-41467
117
542
-35230
-108949
330
-6059
-8724
1130
-2650
-3094
0
-5572
-369213
-130
-2624
-5046
-36
-18341
-547
379
-31568
-337501
-475
-34593
-128079
2787
-12976
-844
124
-1410
-1965
60
-744
-510
156
0
0
0
0
-262
0
0
0
0
-622
46
38
-305
-2692
130
-457
-801
285
0
0
0
0
0
0
0
0
0
0
0
0
0
0
0
0
0
0
0
0
0
0
0
0
0
0
0
-1700
0
-18
-762
-1695
0
-707
-414
-32
-64
0
0
-469
-1644
0
0
0
0
-470
0
-18
-850
-4322
32
-1137
-2026
42
0
0
0
0
0
0
0
0
0
0
0
0
0
0
0
0
0
0
0
0
0
0
0
0
0
0
0
0
0
0
0
0
0
0
0
0
0
0
0
0
0
0
0
0
0
0
0
0
0
0
0
0
0
0
0
0
0
0
0
0
0
0
0
0
0
0
0
0
0
0
0
0
0
0
0
0
0
0
0
0
0
-82711
-872
-736
-5047
-11067
-24
-9670
-5349
-248
0
0
0
-469
-1373
0
-46
-44
0
-16423
16
-41
-7977
-22855
-184
-8054
-22227
-1363
0
0
0
0
0
0
0
0
0
0
0
0
0
0
0
0
0
0
0
0
0
0
0
0
0
0
0
-49409
-204
-343
-5572
-17958
-32
-5386
-9666
-218
-2309
-2723
0
-360
-14240
0
-1684
-1175
0
-32682
-702
-702
-16500
-45993
0
-32526
-76183
-4613
-174809
-4540
-1636
-14894
-47800
52
-18039
-4841
-329
-56
0
0
-305
-14821
32
0
-384
38
-18521
-489
-710
-14996
-65131
-330
-9657
-30375
-4607
0
0
0
0
0
0
0
0
0
0
0
0
0
0
0
0
0
0
0
0
0
0
0
0
0
0
0
-42276
-728
-1162
-17316
-36462
0
-6407
-3339
-546
-7048
-8836
0
-7977
-103453
0
-7319
-5948
22
-14440
-335
-1700
-27610
-107360
-303
-22425
-70063
-6399
0
0
0
0
0
0
0
0
0
0
0
0
0
0
0
0
0
0
0
0
0
0
0
0
0
0
0
0
0
0
0
0
0
0
0
0
0
0
0
0
0
0
0
0
0
0
0
0
0
0
0
0
0
0
0
0
0
0
0
0
0
0
0
0
0
0
0
0
0
0
0
0
0
0
0
0
0
0
0
0
0
-209993
-2632
-2683
-22121
-43333
0
-26106
-10755
-391
-209
-34
0
-850
-21122
24
-60
-675
12
-42873
-630
-1952
-27610
-76532
-381
-20894
-52878
-5770
0
0
0
0
0
0
0
0
0
0
0
0
0
0
0
0
0
0
0
0
0
0
0
0
0
0
0
-155879
-890
-2135
-31568
-76804
-52
-15632
-24472
-1090
-21314
-25947
0
-16500
-171045
-60
-22392
-19106
0
-102544
-4309
-6864
-67794
-231553
-310
-134700
-307833
-20973
-384871
17740
1622
-20626
-45704
6864
0
-4354
1050
-334
969
1901
-744
-5924
702
-258
745
2492
-298
0
0
-18039
0
-379
-3966
-30109
-13436
0
0
0
0
0
0
0
0
0
0
0
0
0
0
0
0
0
0
0
0
0
0
0
0
0
0
0
-12281
2801
575
-11627
0
1700
0
0
136
-13434
-11570
-84
-9670
0
18
-9643
-7086
-16
-3401
-950
0
-26106
-11867
-739
-19980
-63430
-4688
0
0
0
0
0
0
0
0
0
0
0
0
0
0
0
0
0
0
0
0
0
0
0
0
0
0
0
0
0
0
0
0
0
0
0
0
0
0
0
0
0
0
0
0
0
0
0
0
0
0
0
0
0
0
0
0
0
0
0
0
0
0
0
0
0
0
0
0
0
0
0
0
0
0
0
0
0
0
0
0
0
-31879
1177
560
-5811
-63
1952
0
-280
142
-256
131
423
-707
0
41
-20
32
634
-90
0
0
-6407
0
-58
-1864
-10479
-3620
0
0
0
0
0
0
0
0
0
0
0
0
0
0
0
0
0
0
0
0
0
0
0
0
0
0
0
-9135
1618
489
-6059
0
710
0
0
-30
-6777
-8230
-26
-5386
0
-38
-8156
-6561
-28
-2847
-362
0
-15632
-17699
-78
-17403
-62991
5482
-23877
-728
80
-609
-531
0
-258
-174
30
0
0
0
0
-126
0
0
0
0
-346
0
26
0
-182
0
-148
-95
122
0
0
0
0
0
0
0
0
0
0
0
0
0
0
0
0
0
0
0
0
0
0
0
0
0
0
0
-366
0
18
-38
-228
0
-20
0
38
0
0
0
-46
0
0
0
0
0
-250
-46
84
-60
-672
0
-120
-213
13
0
0
0
0
0
0
0
0
0
0
0
0
0
0
0
0
0
0
0
0
0
0
0
0
0
0
0
0
0
0
0
0
0
0
0
0
0
0
0
0
0
0
0
0
0
0
0
0
0
0
0
0
0
0
0
0
0
0
0
0
0
0
0
0
0
0
0
0
0
0
0
0
0
0
0
0
0
0
0
0
0
-85817
-694
-898
-994
-1495
0
-9643
-4843
-236
0
0
0
0
-81
0
0
0
0
-23243
-246
-423
-7319
-12041
-80
-9223
-15357
-2005
0
0
0
0
0
0
0
0
0
0
0
0
0
0
0
0
0
0
0
0
0
0
0
0
0
0
0
-55029
-195
-816
-2624
-5237
0
-8156
-4449
-84
-1860
-999
0
-1684
-9240
0
-2296
-1466
0
-50775
-1131
-1901
-22392
-41485
0
-30623
-58853
-6548
-146519
3237
432
-10700
-15668
2135
-3966
-3716
167
-102
419
816
-457
-2087
343
-148
-145
1067
-5445
0
-489
-9657
-11836
-542
-5046
-19099
-5715
0
0
0
0
0
0
0
0
0
0
0
0
0
0
0
0
0
0
0
0
0
0
0
0
0
0
0
-17162
894
0
-8442
-4960
1162
-1864
-628
-67
-11967
-13382
-18
-8054
-19682
18
-9223
-7643
-40
-6782
-700
-575
-20894
-34502
-26
-15637
-51093
-3934
0
0
0
0
0
0
0
0
0
0
0
0
0
0
0
0
0
0
0
0
0
0
0
0
0
0
0
0
0
0
0
0
0
0
0
0
0
0
0
0
0
0
0
0
0
0
0
0
0
0
0
0
0
0
0
0
0
0
0
0
0
0
0
0
0
0
0
0
0
0
0
0
0
0
0
0
0
0
0
0
0
-149711
2547
0
-18918
-35136
2683
-19980
-6632
763
-382
114
898
-1137
-25676
736
-120
-675
1223
-32293
-321
-560
-22425
-74747
-581
-15637
-39518
-2531
0
0
0
0
0
0
0
0
0
0
0
0
0
0
0
0
0
0
0
0
0
0
0
0
0
0
0
-125122
1915
-432
-34593
-84602
1636
-17403
-14012
2276
-36780
-34477
-80
-32526
-595099
-124
-30623
-29698
-26
-92725
-2566
-1622
-134700
-734131
-2663
-133262
-566643
130217
-740349
1105184
566643
-18268
1532160
307833
17740
13649
496881
-812
57919
58853
-844
1468895
76183
-728
64630
67004
-7830
63940
62991
-4540
449186
128079
3237
-7928
602544
0
0
0
0
0
0
0
0
0
0
0
0
0
0
0
0
0
0
0
0
0
0
0
0
0
0
0
11087
113419
51093
-10
275639
70063
1177
188
109087
-1161
2865
213
-872
143286
2026
-694
-231
723
-2422
23832
63430
-2632
180823
60363
2547
0
590501
0
0
0
0
0
0
0
0
0
0
0
0
0
0
0
0
0
0
0
0
0
0
0
0
0
0
0
0
0
0
0
0
0
0
0
0
0
0
0
0
0
0
0
0
0
0
0
0
0
0
0
0
0
0
0
0
0
0
0
0
0
0
0
0
0
0
0
0
0
0
0
0
0
0
0
0
0
0
0
0
0
15782
113419
39518
179
134219
52878
2801
898
37852
-22
13518
15357
0
76605
22227
0
19895
19013
373
5115
10479
-728
30674
22360
894
0
84532
0
0
0
0
0
0
0
0
0
0
0
0
0
0
0
0
0
0
0
0
0
0
0
0
0
0
0
11499
44842
19099
117
81338
30375
1618
423
34751
-427
480
95
-204
9947
801
-195
162
531
196
7634
30109
-890
56300
16675
1915
7928
331819
-19155
57919
29698
-698
41298
19106
969
377
50726
0
676
1466
0
8054
1175
0
987
1423
118
6508
6561
0
15680
5046
419
-162
69726
0
0
0
0
0
0
0
0
0
0
0
0
0
0
0
0
0
0
0
0
0
0
0
0
0
0
0
766
13518
7643
-32
15493
5948
131
22
17142
0
116
0
0
1009
0
0
0
0
-40
4248
7086
-34
10439
4080
114
231
90493
0
0
0
0
0
0
0
0
0
0
0
0
0
0
0
0
0
0
0
0
0
0
0
0
0
0
0
0
0
0
0
0
0
0
0
0
0
0
0
0
0
0
0
0
0
0
0
0
0
0
0
0
0
0
0
0
0
0
0
0
0
0
0
0
0
0
0
0
0
0
0
0
0
0
0
0
0
0
0
0
0
-93500
2865
675
-1425
2163
675
-11570
-6409
760
0
116
0
0
59
44
0
0
30
-24620
118
-32
-8836
-18864
1008
-13382
-19895
289
0
0
0
0
0
0
0
0
0
0
0
0
0
0
0
0
0
0
0
0
0
0
0
0
0
0
0
-60763
480
145
-3094
-5043
384
-8230
-5926
698
-2142
-1230
0
-2723
-12174
0
-999
-987
0
-51347
-587
-745
-25947
-52544
1453
-34477
-64630
29598
-6280
63940
14012
-204
46351
24472
0
453
1218
0
6508
4449
46
2292
9666
0
5926
6358
-54
0
0
-489
0
8724
0
-423
9338
0
0
0
0
0
0
0
0
0
0
0
0
0
0
0
0
0
0
0
0
0
0
0
0
0
0
0
637
5115
628
-439
0
3339
0
0
52
-494
118
0
16
0
414
-246
-22
48
-75
168
0
-630
927
3809
-321
-188
19910
0
0
0
0
0
0
0
0
0
0
0
0
0
0
0
0
0
0
0
0
0
0
0
0
0
0
0
0
0
0
0
0
0
0
0
0
0
0
0
0
0
0
0
0
0
0
0
0
0
0
0
0
0
0
0
0
0
0
0
0
0
0
0
0
0
0
0
0
0
0
0
0
0
0
0
0
0
0
0
0
0
-2547
23832
6632
-116
10930
10755
-950
0
1746
0
4248
4843
0
354
5349
-46
6409
5551
-933
168
280
-335
1524
5400
-700
-898
5113
0
0
0
0
0
0
0
0
0
0
0
0
0
0
0
0
0
0
0
0
0
0
0
0
0
0
0
-1577
7634
3716
-547
4690
4841
-362
-453
7668
-1321
-587
174
-702
19884
510
-1131
-377
238
-2879
4738
4354
-4309
64357
14713
-2566
-13649
460193
-840208
1532160
734131
-113862
-70902
231553
-45704
-64357
248641
-717
41298
41485
-1965
-301387
45993
-531
52544
36825
-24985
46351
17699
-47800
145591
337501
-15668
-56300
537911
0
0
0
0
0
0
0
0
0
0
0
0
0
0
0
0
0
0
0
0
0
0
0
0
0
0
0
-21667
134219
34502
-79961
-28680
107360
-63
-927
22570
-2511
2163
672
-11067
-182031
4322
-1495
-10439
1509
-3498
10930
11867
-43333
0
207250
-35136
-180823
582601
0
0
0
0
0
0
0
0
0
0
0
0
0
0
0
0
0
0
0
0
0
0
0
0
0
0
0
0
0
0
0
0
0
0
0
0
0
0
0
0
0
0
0
0
0
0
0
0
0
0
0
0
0
0
0
0
0
0
0
0
0
0
0
0
0
0
0
0
0
0
0
0
0
0
0
0
0
0
0
0
0
-81402
275639
74747
-95362
-28680
76532
0
-1524
1674
-104
15493
12041
-1695
0
22855
-228
18864
15658
86
0
0
-36462
0
114266
-4960
-30674
61870
0
0
0
0
0
0
0
0
0
0
0
0
0
0
0
0
0
0
0
0
0
0
0
0
0
0
0
-48612
81338
11836
-108949
0
65131
0
0
202
-6038
-5043
182
-17958
-127451
2692
-5237
-15680
412
-909
4690
0
-76804
-145591
110694
-84602
-449186
553895
-131561
1468895
595099
-63570
-301387
171045
-5924
-19884
114604
-184
8054
9240
-262
0
14240
-126
12174
9034
-98
2292
0
-14821
127451
369213
-2087
-9947
484076
0
0
0
0
0
0
0
0
0
0
0
0
0
0
0
0
0
0
0
0
0
0
0
0
0
0
0
-22726
76605
19682
-60670
0
103453
0
0
191
-430
59
0
-1373
0
1644
-81
-1009
316
-64
354
0
-21122
182031
288599
-25676
-143286
523684
0
0
0
0
0
0
0
0
0
0
0
0
0
0
0
0
0
0
0
0
0
0
0
0
0
0
0
0
0
0
0
0
0
0
0
0
0
0
0
0
0
0
0
0
0
0
0
0
0
0
0
0
0
0
0
0
0
0
0
0
0
0
0
0
0
0
0
0
0
0
0
0
0
0
0
0
0
0
0
0
0
-523684
143286
25676
-288599
-182031
21122
0
-354
64
-316
1009
81
-1644
0
1373
0
-59
430
-191
0
0
-103453
0
60670
-19682
-76605
22726
0
0
0
0
0
0
0
0
0
0
0
0
0
0
0
0
0
0
0
0
0
0
0
0
0
0
0
-484076
9947
2087
-369213
-127451
14821
0
-2292
98
-9034
-12174
126
-14240
0
262
-9240
-8054
184
-114604
19884
5924
-171045
301387
63570
-595099
-1468895
131561
-553895
449186
84602
-110694
145591
76804
0
-4690
909
-412
15680
5237
-2692
127451
17958
-182
5043
6038
-202
0
0
-65131
0
108949
-11836
-81338
48612
0
0
0
0
0
0
0
0
0
0
0
0
0
0
0
0
0
0
0
0
0
0
0
0
0
0
0
-61870
30674
4960
-114266
0
36462
0
0
-86
-15658
-18864
228
-22855
0
1695
-12041
-15493
104
-1674
1524
0
-76532
28680
95362
-74747
-275639
81402
0
0
0
0
0
0
0
0
0
0
0
0
0
0
0
0
0
0
0
0
0
0
0
0
0
0
0
0
0
0
0
0
0
0
0
0
0
0
0
0
0
0
0
0
0
0
0
0
0
0
0
0
0
0
0
0
0
0
0
0
0
0
0
0
0
0
0
0
0
0
0
0
0
0
0
0
0
0
0
0
0
-582601
180823
35136
-207250
0
43333
-11867
-10930
3498
-1509
10439
1495
-4322
182031
11067
-672
-2163
2511
-22570
927
63
-107360
28680
79961
-34502
-134219
21667
0
0
0
0
0
0
0
0
0
0
0
0
0
0
0
0
0
0
0
0
0
0
0
0
0
0
0
-537911
56300
15668
-337501
-145591
47800
-17699
-46351
24985
-36825
-52544
531
-45993
301387
1965
-41485
-41298
717
-248641
64357
45704
-231553
70902
113862
-734131
-1532160
840208
-460193
13649
2566
-14713
-64357
4309
-4354
-4738
2879
-238
377
1131
-510
-19884
702
-174
587
1321
-7668
453
362
-4841
-4690
547
-3716
-7634
1577
0
0
0
0
0
0
0
0
0
0
0
0
0
0
0
0
0
0
0
0
0
0
0
0
0
0
0
-5113
898
700
-5400
-1524
335
-280
-168
933
-5551
-6409
46
-5349
-354
0
-4843
-4248
0
-1746
0
950
-10755
-10930
116
-6632
-23832
2547
0
0
0
0
0
0
0
0
0
0
0
0
0
0
0
0
0
0
0
0
0
0
0
0
0
0
0
0
0
0
0
0
0
0
0
0
0
0
0
0
0
0
0
0
0
0
0
0
0
0
0
0
0
0
0
0
0
0
0
0
0
0
0
0
0
0
0
0
0
0
0
0
0
0
0
0
0
0
0
0
0
-19910
188
321
-3809
-927
630
0
-168
75
-48
22
246
-414
0
-16
0
-118
494
-52
0
0
-3339
0
439
-628
-5115
-637
0
0
0
0
0
0
0
0
0
0
0
0
0
0
0
0
0
0
0
0
0
0
0
0
0
0
0
-9338
423
0
-8724
0
489
0
0
54
-6358
-5926
0
-9666
-2292
-46
-4449
-6508
0
-1218
-453
0
-24472
-46351
204
-14012
-63940
6280
-29598
64630
34477
-1453
52544
25947
745
587
51347
0
987
999
0
12174
2723
0
1230
2142
-698
5926
8230
-384
5043
3094
-145
-480
60763
0
0
0
0
0
0
0
0
0
0
0
0
0
0
0
0
0
0
0
0
0
0
0
0
0
0
0
-289
19895
13382
-1008
18864
8836
32
-118
24620
-30
0
0
-44
-59
0
0
-116
0
-760
6409
11570
-675
-2163
1425
-675
-2865
93500
0
0
0
0
0
0
0
0
0
0
0
0
0
0
0
0
0
0
0
0
0
0
0
0
0
0
0
0
0
0
0
0
0
0
0
0
0
0
0
0
0
0
0
0
0
0
0
0
0
0
0
0
0
0
0
0
0
0
0
0
0
0
0
0
0
0
0
0
0
0
0
0
0
0
0
0
0
0
0
0
0
-90493
-231
-114
-4080
-10439
34
-7086
-4248
40
0
0
0
0
-1009
0
0
-116
0
-17142
-22
-131
-5948
-15493
32
-7643
-13518
-766
0
0
0
0
0
0
0
0
0
0
0
0
0
0
0
0
0
0
0
0
0
0
0
0
0
0
0
-69726
162
-419
-5046
-15680
0
-6561
-6508
-118
-1423
-987
0
-1175
-8054
0
-1466
-676
0
-50726
-377
-969
-19106
-41298
698
-29698
-57919
19155
-331819
-7928
-1915
-16675
-56300
890
-30109
-7634
-196
-531
-162
195
-801
-9947
204
-95
-480
427
-34751
-423
-1618
-30375
-81338
-117
-19099
-44842
-11499
0
0
0
0
0
0
0
0
0
0
0
0
0
0
0
0
0
0
0
0
0
0
0
0
0
0
0
-84532
0
-894
-22360
-30674
728
-10479
-5115
-373
-19013
-19895
0
-22227
-76605
0
-15357
-13518
22
-37852
-898
-2801
-52878
-134219
-179
-39518
-113419
-15782
0
0
0
0
0
0
0
0
0
0
0
0
0
0
0
0
0
0
0
0
0
0
0
0
0
0
0
0
0
0
0
0
0
0
0
0
0
0
0
0
0
0
0
0
0
0
0
0
0
0
0
0
0
0
0
0
0
0
0
0
0
0
0
0
0
0
0
0
0
0
0
0
0
0
0
0
0
0
0
0
0
-590501
0
-2547
-60363
-180823
2632
-63430
-23832
2422
-723
231
694
-2026
-143286
872
-213
-2865
1161
-109087
-188
-1177
-70063
-275639
10
-51093
-113419
-11087
0
0
0
0
0
0
0
0
0
0
0
0
0
0
0
0
0
0
0
0
0
0
0
0
0
0
0
-602544
7928
-3237
-128079
-449186
4540
-62991
-63940
7830
-67004
-64630
728
-76183
-1468895
844
-58853
-57919
812
-496881
-13649
-17740
-307833
-1532160
18268
-566643
-1105184
740349
-130217
566643
133262
2663
734131
134700
1622
2566
92725
26
29698
30623
124
595099
32526
80
34477
36780
-2276
14012
17403
-1636
84602
34593
432
-1915
125122
0
0
0
0
0
0
0
0
0
0
0
0
0
0
0
0
0
0
0
0
0
0
0
0
0
0
0
2531
39518
15637
581
74747
22425
560
321
32293
-1223
675
120
-736
25676
1137
-898
-114
382
-763
6632
19980
-2683
35136
18918
0
-2547
149711
0
0
0
0
0
0
0
0
0
0
0
0
0
0
0
0
0
0
0
0
0
0
0
0
0
0
0
0
0
0
0
0
0
0
0
0
0
0
0
0
0
0
0
0
0
0
0
0
0
0
0
0
0
0
0
0
0
0
0
0
0
0
0
0
0
0
0
0
0
0
0
0
0
0
0
0
0
0
0
0
0
3934
51093
15637
26
34502
20894
575
700
6782
40
7643
9223
-18
19682
8054
18
13382
11967
67
628
1864
-1162
4960
8442
0
-894
17162
0
0
0
0
0
0
0
0
0
0
0
0
0
0
0
0
0
0
0
0
0
0
0
0
0
0
0
5715
19099
5046
542
11836
9657
489
0
5445
-1067
145
148
-343
2087
457
-816
-419
102
-167
3716
3966
-2135
15668
10700
-432
-3237
146519
6548
58853
30623
0
41485
22392
1901
1131
50775
0
1466
2296
0
9240
1684
0
999
1860
84
4449
8156
0
5237
2624
816
195
55029
0
0
0
0
0
0
0
0
0
0
0
0
0
0
0
0
0
0
0
0
0
0
0
0
0
0
0
2005
15357
9223
80
12041
7319
423
246
23243
0
0
0
0
81
0
0
0
0
236
4843
9643
0
1495
994
898
694
85817
0
0
0
0
0
0
0
0
0
0
0
0
0
0
0
0
0
0
0
0
0
0
0
0
0
0
0
0
0
0
0
0
0
0
0
0
0
0
0
0
0
0
0
0
0
0
0
0
0
0
0
0
0
0
0
0
0
0
0
0
0
0
0
0
0
0
0
0
0
0
0
0
0
0
0
0
0
0
0
0
0
-13
213
120
0
672
60
-84
46
250
0
0
0
0
0
46
0
0
0
-38
0
20
0
228
38
-18
0
366
0
0
0
0
0
0
0
0
0
0
0
0
0
0
0
0
0
0
0
0
0
0
0
0
0
0
0
-122
95
148
0
182
0
-26
0
346
0
0
0
0
126
0
0
0
0
-30
174
258
0
531
609
-80
728
23877
-5482
62991
17403
78
17699
15632
0
362
2847
28
6561
8156
38
0
5386
26
8230
6777
30
0
0
-710
0
6059
-489
-1618
9135
0
0
0
0
0
0
0
0
0
0
0
0
0
0
0
0
0
0
0
0
0
0
0
0
0
0
0
3620
10479
1864
58
0
6407
0
0
90
-634
-32
20
-41
0
707
-423
-131
256
-142
280
0
-1952
63
5811
-560
-1177
31879
0
0
0
0
0
0
0
0
0
0
0
0
0
0
0
0
0
0
0
0
0
0
0
0
0
0
0
0
0
0
0
0
0
0
0
0
0
0
0
0
0
0
0
0
0
0
0
0
0
0
0
0
0
0
0
0
0
0
0
0
0
0
0
0
0
0
0
0
0
0
0
0
0
0
0
0
0
0
0
0
0
4688
63430
19980
739
11867
26106
0
950
3401
16
7086
9643
-18
0
9670
84
11570
13434
-136
0
0
-1700
0
11627
-575
-2801
12281
0
0
0
0
0
0
0
0
0
0
0
0
0
0
0
0
0
0
0
0
0
0
0
0
0
0
0
13436
30109
3966
379
0
18039
0
0
298
-2492
-745
258
-702
5924
744
-1901
-969
334
-1050
4354
0
-6864
45704
20626
-1622
-17740
384871
20973
307833
134700
310
231553
67794
6864
4309
102544
0
19106
22392
60
171045
16500
0
25947
21314
1090
24472
15632
52
76804
31568
2135
890
155879
0
0
0
0
0
0
0
0
0
0
0
0
0
0
0
0
0
0
0
0
0
0
0
0
0
0
0
5770
52878
20894
381
76532
27610
1952
630
42873
-12
675
60
-24
21122
850
0
34
209
391
10755
26106
0
43333
22121
2683
2632
209993
0
0
0
0
0
0
0
0
0
0
0
0
0
0
0
0
0
0
0
0
0
0
0
0
0
0
0
0
0
0
0
0
0
0
0
0
0
0
0
0
0
0
0
0
0
0
0
0
0
0
0
0
0
0
0
0
0
0
0
0
0
0
0
0
0
0
0
0
0
0
0
0
0
0
0
0
0
0
0
0
0
6399
70063
22425
303
107360
27610
1700
335
14440
-22
5948
7319
0
103453
7977
0
8836
7048
546
3339
6407
0
36462
17316
1162
728
42276
0
0
0
0
0
0
0
0
0
0
0
0
0
0
0
0
0
0
0
0
0
0
0
0
0
0
0
4607
30375
9657
330
65131
14996
710
489
18521
-38
384
0
-32
14821
305
0
0
56
329
4841
18039
-52
47800
14894
1636
4540
174809
4613
76183
32526
0
45993
16500
702
702
32682
0
1175
1684
0
14240
360
0
2723
2309
218
9666
5386
32
17958
5572
343
204
49409
0
0
0
0
0
0
0
0
0
0
0
0
0
0
0
0
0
0
0
0
0
0
0
0
0
0
0
1363
22227
8054
184
22855
7977
41
-16
16423
0
44
46
0
1373
469
0
0
0
248
5349
9670
24
11067
5047
736
872
82711
0
0
0
0
0
0
0
0
0
0
0
0
0
0
0
0
0
0
0
0
0
0
0
0
0
0
0
0
0
0
0
0
0
0
0
0
0
0
0
0
0
0
0
0
0
0
0
0
0
0
0
0
0
0
0
0
0
0
0
0
0
0
0
0
0
0
0
0
0
0
0
0
0
0
0
0
0
0
0
0
0
-42
2026
1137
-32
4322
850
18
0
470
0
0
0
0
1644
469
0
0
64
32
414
707
0
1695
762
18
0
1700
0
0
0
0
0
0
0
0
0
0
0
0
0
0
0
0
0
0
0
0
0
0
0
0
0
0
0
-285
801
457
-130
2692
305
-38
-46
622
0
0
0
0
262
0
0
0
0
-156
510
744
-60
1965
1410
-124
844
12976
-2787
128079
34593
475
337501
31568
-379
547
18341
36
5046
2624
130
369213
5572
0
3094
2650
-1130
8724
6059
-330
108949
35230
-542
-117
41467
0
0
0
0
0
0
0
0
0
0
0
0
0
0
0
0
0
0
0
0
0
0
0
0
0
0
0
-997
22360
8442
0
114266
17316
-58
439
16611
-78
1008
38
-184
60670
762
-80
32
163
-1
5400
11627
-381
79961
25289
-581
10
60854
0
0
0
0
0
0
0
0
0
0
0
0
0
0
0
0
0
0
0
0
0
0
0
0
0
0
0
0
0
0
0
0
0
0
0
0
0
0
0
0
0
0
0
0
0
0
0
0
0
0
0
0
0
0
0
0
0
0
0
0
0
0
0
0
0
0
0
0
0
0
0
0
0
0
0
0
0
0
0
0
0
-3688
60363
18918
0
207250
22121
-739
116
14056
38
4080
994
32
288599
5047
0
1425
1705
-1053
3809
5811
-303
95362
25289
-26
-179
30892
0
0
0
0
0
0
0
0
0
0
0
0
0
0
0
0
0
0
0
0
0
0
0
0
0
0
0
-1297
16675
10700
-475
110694
14894
-78
204
19817
-56
1453
609
0
63570
1410
0
698
406
-1015
14713
20626
-310
113862
25480
-2663
18268
249559
37083
496881
92725
1015
248641
102544
1050
2879
24356
0
50726
50775
156
114604
32682
30
51347
41387
-24
1218
2847
-329
909
18341
167
-196
52372
0
0
0
0
0
0
0
0
0
0
0
0
0
0
0
0
0
0
0
0
0
0
0
0
0
0
0
13242
37852
6782
1
1674
14440
142
75
3939
-550
760
250
-248
64
470
-236
40
260
0
1746
3401
-391
3498
14056
763
2422
121244
0
0
0
0
0
0
0
0
0
0
0
0
0
0
0
0
0
0
0
0
0
0
0
0
0
0
0
0
0
0
0
0
0
0
0
0
0
0
0
0
0
0
0
0
0
0
0
0
0
0
0
0
0
0
0
0
0
0
0
0
0
0
0
0
0
0
0
0
0
0
0
0
0
0
0
0
0
0
0
0
0
24376
109087
32293
1053
22570
42873
136
933
3939
16
17142
23243
-32
191
16423
38
24620
22528
0
52
90
-546
-86
16611
-67
-373
24666
0
0
0
0
0
0
0
0
0
0
0
0
0
0
0
0
0
0
0
0
0
0
0
0
0
0
0
19944
34751
5445
1130
202
18521
-30
54
876
-275
698
346
-218
98
622
-84
-118
352
24
7668
298
-1090
24985
19817
2276
7830
358385
10163
67004
36780
56
36825
21314
2492
1321
41387
0
1423
1860
0
9034
2309
0
2142
3062
275
6358
6777
38
6038
2650
1067
427
54075
0
0
0
0
0
0
0
0
0
0
0
0
0
0
0
0
0
0
0
0
0
0
0
0
0
0
0
4823
19013
11967
78
15658
7048
634
494
22528
0
30
0
0
430
64
0
0
0
550
5551
13434
12
2511
1705
1223
1161
95044
0
0
0
0
0
0
0
0
0
0
0
0
0
0
0
0
0
0
0
0
0
0
0
0
0
0
0
0
0
0
0
0
0
0
0
0
0
0
0
0
0
0
0
0
0
0
0
0
0
0
0
0
0
0
0
0
0
0
0
0
0
0
0
0
0
0
0
0
0
0
0
0
0
0
0
0
0
0
0
0
0
-32
723
382
-38
1509
209
-16
0
260
0
0
0
0
316
0
0
0
0
-16
48
256
22
104
163
-40
22
610
0
0
0
0
0
0
0
0
0
0
0
0
0
0
0
0
0
0
0
0
0
0
0
0
0
0
0
100
531
102
-36
412
56
-28
0
352
0
0
0
0
184
0
0
0
0
0
238
334
0
717
406
-26
812
23298
-81985
602544
125122
1297
537911
155879
-13436
1577
52372
-100
69726
55029
285
484076
49409
122
60763
54075
-19944
9338
9135
-4607
48612
41467
-5715
-11499
98754
0
0
0
0
0
0
0
0
0
0
0
0
0
0
0
0
0
0
0
0
0
0
0
0
0
0
0
0
84532
17162
997
61870
42276
-3620
-637
24666
-4823
289
366
-1363
22726
1700
-2005
-766
610
-13242
5113
12281
-5770
21667
30892
-2531
-11087
326308
0
0
0
0
0
0
0
0
0
0
0
0
0
0
0
0
0
0
0
0
0
0
0
0
0
0
0
0
0
0
0
0
0
0
0
0
0
0
0
0
0
0
0
0
0
0
0
0
0
0
0
0
0
0
0
0
0
0
0
0
0
0
0
0
0
0
0
0
0
0
0
0
0
0
0
0
0
0
0
0
0
0
590501
149711
3688
582601
209993
-4688
2547
121244
32
90493
85817
42
523684
82711
13
93500
95044
-24376
19910
31879
-6399
81402
60854
-3934
-15782
326308
0
0
0
0
0
0
0
0
0
0
0
0
0
0
0
0
0
0
0
0
0
0
0
0
0
0
0
81985
331819
146519
2787
553895
174809
5482
6280
358385
-10163
29598
23877
-4613
131561
12976
-6548
19155
23298
-37083
460193
384871
-20973
840208
249559
130217
740349
7108464
