1056490
51095
241349
92886
17639
8292
112713
-1021
-29771
51095
2344
38673
4413
0
1427
1905
0
-902
241349
38673
71262
14834
2061
4546
15343
1272
-4431
28646
8080
77679
3771
0
-26
127
0
-1292
8080
1070
7894
315
0
0
258
0
59
77679
7894
32216
13083
0
4
6237
0
-1372
-8954
217
-24867
351
0
697
-360
0
-2946
217
1796
-1974
3321
0
-258
1726
0
-2775
-24867
-1974
-32976
1520
0
-668
3576
0
-3250
77035
21866
18674
56330
81496
-15096
5734
2072
3973
10252
1802
7069
2979
11437
7712
1103
2230
-1218
39340
16237
7770
13976
49233
5898
2140
9223
21315
15925
4041
-1362
5896
11094
-4895
1185
-2984
-2808
7861
4563
-150
1330
21750
-2281
222
2061
869
56462
20223
-2395
21149
125480
-17564
4269
984
18060
-667
1699
-3683
-1212
-7401
9457
-2325
-835
-1192
-1006
-963
-1044
0
-705
14328
0
744
-3507
-10618
-14393
-5626
3412
-27174
-7972
-1914
-3459
-17773
72303
1046
-38790
12884
1716
-25273
21587
-1966
-22754
746
0
-2044
0
0
-3980
-1048
-20
-9381
-871
0
285
8937
2630
7839
1948
451
9228
62
0
-6753
116
0
-3689
-65
1597
-1270
0
0
-706
0
0
-1284
-1552
568
1120
0
0
-24337
-796
0
-3180
382
2146
-608
-302
2355
-1473
-128
2461
-1252
-121
707
4792
0
0
324
0
0
1237
0
226
-116
-22575
-14993
-38599
-7842
-32410
-57950
-4848
-12779
10494
92886
4413
14834
5444
0
1038
1469
0
953
17639
0
2061
0
0
0
0
0
0
8292
1427
4546
1038
0
0
-92
0
1920
3771
315
13083
0
0
0
0
0
0
0
0
0
0
0
0
0
0
0
-26
0
4
0
0
0
0
0
0
351
3321
1520
0
0
0
0
0
0
0
0
0
0
0
0
0
0
0
697
-258
-668
0
0
0
0
0
0
4575
3338
176
6116
21846
-4343
783
-3156
-3831
0
0
0
0
0
0
0
0
0
4179
220
117
314
804
-1984
0
0
180
0
0
0
0
0
0
0
0
0
0
0
0
0
0
0
0
0
0
0
0
0
0
0
0
0
0
0
0
0
0
0
0
0
0
0
0
0
0
0
0
0
0
0
0
0
0
0
0
0
0
0
0
0
0
5317
0
-2489
4247
776
-2391
-1187
0
-3301
0
0
0
0
0
0
0
0
0
1120
0
0
368
1724
1091
-326
64
579
0
0
0
0
0
0
0
0
0
0
0
0
0
0
0
0
0
0
0
0
0
0
0
0
0
0
0
0
470
-188
0
1679
-1085
0
-56
-1288
0
0
0
0
0
0
0
0
0
-3251
-220
-1768
-1268
-58
2
-176
24
686
112713
1905
15343
1469
0
-92
11408
2046
-605
-1021
0
1272
0
0
0
2046
0
0
-29771
-902
-4431
953
0
1920
-605
0
532
127
258
6237
0
0
0
0
0
0
0
0
0
0
0
0
0
0
0
-1292
59
-1372
0
0
0
0
0
0
-360
1726
3576
0
0
0
0
0
-960
0
0
0
0
0
0
0
0
0
-2946
-2775
-3250
0
0
0
-960
0
-1118
3294
666
310
10968
2146
10307
2720
1597
5474
0
0
0
0
0
0
13
0
410
959
-3406
694
720
-4703
-3147
1013
241
-948
0
0
0
0
0
0
0
0
0
0
0
0
0
0
0
0
0
0
0
0
0
0
0
0
0
0
0
0
0
0
0
0
0
-2927
199
-503
0
0
0
0
0
0
0
0
0
0
0
0
0
0
0
64
-2437
-1844
2660
0
-302
974
204
-1028
3880
-186
2873
0
0
0
0
0
0
224
0
-110
383
0
-38
-1600
150
3246
-1225
-240
-1685
0
0
0
0
0
0
0
0
0
0
0
0
0
0
0
0
0
0
0
0
0
0
0
0
0
0
0
-52
606
-684
0
2969
912
-466
4
-2699
0
0
0
0
0
0
0
0
0
-603
-928
341
-1014
-441
635
1154
-12
2882
77035
10252
39340
4575
0
4179
3294
0
959
21866
1802
16237
3338
0
220
666
0
-3406
18674
7069
7770
176
0
117
310
0
694
15925
7861
56462
0
0
0
0
0
0
4041
4563
20223
0
0
0
0
0
0
-1362
-150
-2395
0
0
0
0
0
0
-667
-1006
-10618
0
0
0
0
0
0
1699
-963
-14393
0
0
0
0
0
0
-3683
-1044
-5626
0
0
0
0
0
0
12550
10181
-1419
7057
20437
7762
2462
2405
15551
10181
8
2164
3469
17092
-4641
406
819
1498
-1419
2164
9368
50
-2249
-1084
118
-1403
1852
0
0
0
0
0
0
0
0
0
0
0
0
0
0
0
0
0
0
0
0
0
0
0
0
0
0
0
0
0
0
0
0
0
0
0
0
0
0
0
0
0
0
0
0
0
0
0
0
0
0
0
0
0
0
-1096
-124
-1994
-22
309
-669
-1359
-436
-2041
-432
0
-4172
-42
0
3865
-49
-2350
3244
0
0
-112
61
3427
-3608
44
1413
4612
0
0
0
0
0
0
0
0
0
0
0
0
0
0
0
0
0
0
0
0
0
0
0
0
0
0
0
72
0
0
74
2615
64
1492
-1290
-2081
0
0
0
0
0
0
0
0
0
-4432
-2112
-8933
-1463
-4898
-4380
-352
-1096
-8369
56330
2979
13976
6116
0
314
10968
0
720
81496
11437
49233
21846
0
804
2146
0
-4703
-15096
7712
5898
-4343
0
-1984
10307
0
-3147
5896
1330
21149
0
0
0
0
0
0
11094
21750
125480
0
0
0
0
0
0
-4895
-2281
-17564
0
0
0
0
0
0
-1212
0
3412
0
0
0
0
0
0
-7401
-705
-27174
0
0
0
0
0
0
9457
14328
-7972
0
0
0
0
0
0
7057
3469
50
13086
32783
-73
-1731
3409
-1812
20437
17092
-2249
32783
145598
-40539
-4750
1553
2230
7762
-4641
-1084
-73
-40539
-12744
-791
-1832
154
0
0
0
0
0
0
0
0
0
0
0
0
0
0
0
0
0
0
0
0
0
0
0
0
0
0
0
0
0
0
0
0
0
0
0
0
0
0
0
0
0
0
0
0
0
0
0
0
0
0
0
0
0
0
4324
0
-1458
164
0
-3959
320
-2098
-321
0
0
-11567
0
0
-2868
1595
-1552
5651
0
0
-84
-104
10639
-365
-298
1158
8242
0
0
0
0
0
0
0
0
0
0
0
0
0
0
0
0
0
0
0
0
0
0
0
0
0
0
0
0
0
0
403
0
0
0
0
0
0
0
0
0
0
0
0
0
0
-3794
-2572
-7139
-7782
-22428
-9671
-272
-96
-3272
5734
1103
2140
783
0
0
2720
13
1013
2072
2230
9223
-3156
0
0
1597
0
241
3973
-1218
21315
-3831
0
180
5474
410
-948
1185
222
4269
0
0
0
0
0
0
-2984
2061
984
0
0
0
0
0
0
-2808
869
18060
0
0
0
0
0
0
-2325
0
-1914
0
0
0
-2927
0
64
-835
744
-3459
0
0
0
199
0
-2437
-1192
-3507
-17773
0
0
0
-503
0
-1844
2462
406
118
-1731
-4750
-791
796
3319
3142
2405
819
-1403
3409
1553
-1832
3319
7322
1131
15551
1498
1852
-1812
2230
154
3142
1131
6108
0
0
0
0
0
0
0
0
0
0
0
0
0
0
0
0
0
0
0
0
0
0
0
0
0
0
0
0
0
0
0
0
0
-116
-534
-3112
0
0
0
0
0
0
-534
-3308
474
0
0
0
0
0
0
-3112
474
-6260
2264
0
-1262
170
-18
-246
151
272
-702
-320
0
-1272
28
0
1950
-526
2518
-2611
-632
0
234
-530
2015
1307
-1788
-476
-12315
0
0
0
0
0
0
0
0
0
0
0
0
0
0
0
0
0
0
0
0
0
0
0
0
0
0
0
-42
0
0
0
0
0
-190
-18
1020
0
0
0
0
0
0
-852
-98
2290
-2803
-1697
-6174
-1363
-6569
-4668
-120
-3699
-7338
72303
746
-871
5317
0
1120
2660
0
383
1046
0
0
0
0
0
0
0
0
-38790
-2044
285
-2489
0
0
-302
0
-38
62
0
0
0
0
0
0
0
0
0
0
0
0
0
0
0
0
0
-6753
-706
-24337
0
0
0
0
0
0
-302
0
-22575
0
0
-3251
-52
0
-603
2355
0
-14993
470
0
-220
606
0
-928
-1473
324
-38599
-188
0
-1768
-684
0
341
-1096
-432
0
4324
0
0
2264
-320
-632
-124
0
0
0
0
0
0
0
0
-1994
-4172
-112
-1458
-11567
-84
-1262
-1272
234
0
0
0
0
0
0
0
0
0
0
0
0
0
0
0
0
0
0
0
0
0
0
0
0
0
0
0
72
0
-4432
0
0
-3794
-42
0
-2803
0
0
-2112
0
0
-2572
0
0
-1697
0
0
-8933
0
0
-7139
0
0
-6174
0
0
-278
0
0
-4280
1429
0
-768
0
0
0
0
0
0
186
0
90
-278
0
0
-262
-66
0
-108
79
0
0
0
0
0
0
0
0
0
0
0
0
0
0
0
0
0
0
0
0
0
0
0
0
0
0
0
0
-144
0
-3130
-356
0
-584
28
0
-695
0
0
776
0
0
-872
0
0
-469
-3130
776
-5200
-2240
-5365
-1454
19
-136
5118
12884
0
8937
4247
0
368
974
0
-1600
1716
0
2630
776
0
1724
204
0
150
-25273
-3980
7839
-2391
0
1091
-1028
0
3246
116
0
-796
0
0
0
0
0
0
0
0
0
0
0
0
0
0
0
-3689
-1284
-3180
0
0
0
0
0
0
-128
0
-7842
0
0
-1268
0
0
-1014
2461
0
-32410
1679
0
-58
2969
0
-441
-1252
1237
-57950
-1085
0
2
912
0
635
-22
-42
61
164
0
-104
170
28
-530
309
0
3427
0
0
10639
-18
0
2015
-669
3865
-3608
-3959
-2868
-365
-246
1950
1307
0
0
0
0
0
0
0
0
0
0
0
0
0
0
0
0
0
0
0
0
0
0
0
0
0
0
0
74
0
-1463
403
0
-7782
0
0
-1363
2615
0
-4898
0
0
-22428
0
0
-6569
64
0
-4380
0
0
-9671
0
0
-4668
0
0
-262
0
0
2672
42
0
-4372
0
0
-66
0
0
-1313
0
0
-16042
-4280
0
0
2672
-1313
480
32
712
-479
0
0
0
0
0
0
0
0
0
0
0
0
0
0
0
0
0
0
0
0
0
0
0
0
0
0
0
-356
0
-2240
0
0
-2436
0
0
-214
0
0
-5365
0
0
-2401
-30
0
-847
-584
-872
-1454
-2436
-2401
-3284
-279
-278
1370
21587
-1048
1948
-1187
0
-326
3880
224
-1225
-1966
-20
451
0
0
64
-186
0
-240
-22754
-9381
9228
-3301
0
579
2873
-110
-1685
-65
-1552
382
0
0
0
0
0
0
1597
568
2146
0
0
0
0
0
0
-1270
1120
-608
0
0
0
0
0
0
-121
0
-4848
0
0
-176
-466
0
1154
707
226
-12779
-56
0
24
4
0
-12
4792
-116
10494
-1288
0
686
-2699
0
2882
-1359
-49
44
320
1595
-298
151
-526
-1788
-436
-2350
1413
-2098
-1552
1158
272
2518
-476
-2041
3244
4612
-321
5651
8242
-702
-2611
-12315
0
0
0
0
0
0
0
0
0
0
0
0
0
0
0
0
0
0
0
0
0
0
0
0
0
0
0
1492
0
-352
0
0
-272
-190
-852
-120
-1290
0
-1096
0
0
-96
-18
-98
-3699
-2081
0
-8369
0
0
-3272
1020
2290
-7338
1429
186
-108
42
0
32
0
-40
-3325
0
0
79
0
0
712
-40
0
-8750
-768
90
0
-4372
-16042
-479
-3325
-8750
-54688
0
0
0
0
0
0
0
0
0
0
0
0
0
0
0
0
0
0
0
0
0
0
0
0
0
0
0
28
0
19
0
-30
-279
0
0
-1923
0
0
-136
0
0
-278
0
0
5988
-695
-469
5118
-214
-847
1370
-1923
5988
121828
96848
13495
-1313
14988
19612
469
-5942
-211
-10520
13495
0
-6
379
0
0
1269
0
-98
-1313
-6
-1572
-608
0
-256
-778
0
-1072
51630
7865
-1445
11066
0
2474
-4500
0
-2080
7865
-486
390
3217
0
0
-1558
0
-1361
-1445
390
-994
3129
0
0
-917
0
-599
-8740
-1847
-18081
-1156
0
-2473
-858
-337
-9965
-1847
4484
-2647
-998
0
-1093
55
0
-248
-18081
-2647
-6566
-1656
0
-1774
-2911
0
-1656
63028
5777
-323
1593
9400
-12787
16137
-729
-12181
15535
-1814
-987
-625
-808
96
2279
2365
-1983
-3004
793
-3252
-675
-742
-1264
-2741
-161
-1051
63419
35151
-10712
28234
67327
-20459
-5614
-9122
-21165
19131
4504
-933
-1916
64144
-7596
-537
-9494
-570
2103
-2485
-1705
-830
-48582
-13460
1634
-6326
-5124
-7565
-8077
-16601
1514
-3884
-16811
-828
-6339
-8871
-5524
3150
-5530
-2990
-7383
-2417
-160
-2309
-8057
-15911
-10746
-2706
-9330
-36006
-17260
-909
-11097
-24824
16968
295
-29065
1700
0
-1538
-16408
-5419
-28731
1553
0
-788
-400
0
-164
-1404
-246
-10206
1312
490
-770
346
0
0
-3848
0
-1382
3736
0
-36069
288
0
-7076
-1033
-5675
-13486
-239
0
-2610
0
0
-285
-2257
-844
-5675
418
0
-2759
-60
0
-857
0
-2257
-1033
-1306
125
-7390
-514
313
-8474
-1382
-10206
-28731
0
0
-2092
0
0
-42
0
-246
-5419
-16264
-2639
-14219
597
-2923
-4512
-3848
-1404
-16408
14988
379
-608
-1622
1241
-317
-1420
12
-3143
19612
0
0
1241
0
0
-1400
0
-12
469
0
-256
-317
0
-1396
741
0
22
11066
3217
3129
3730
0
-74
-4250
0
-373
0
0
0
0
0
0
0
0
0
2474
0
0
-74
0
0
-112
0
144
-1156
-998
-1656
-494
0
1658
0
0
-1260
0
0
0
0
0
0
0
0
0
-2473
-1093
-1774
1658
0
0
-1993
0
-1034
1366
-884
1745
-2797
-4619
-3450
465
79
-2057
2332
0
0
-13912
0
0
-4152
0
775
-407
0
46
-832
0
250
491
0
1218
15799
9679
2086
-5738
27471
-1017
-2750
4561
-8769
0
0
0
0
0
0
0
0
0
-52
0
-54
0
0
-565
0
0
-30
-2416
-1889
-1364
-1280
1762
-507
140
48
-2930
0
0
0
0
0
0
0
0
0
-4626
-2646
-1358
-1316
-3218
-5510
0
44
2005
40
0
2
-769
0
1256
-4512
-42
-8474
-592
0
-1145
-2314
0
970
-2923
0
313
397
0
0
-3119
0
-26
597
0
-514
285
0
-6201
0
0
-564
-857
-285
-7076
0
0
0
0
0
0
0
0
0
-30
0
-184
0
0
0
-60
0
288
-35
0
-1872
-26
970
1256
0
-164
-1538
0
0
0
0
0
0
0
0
0
-1603
0
-634
-3119
-2314
-769
346
-400
1700
-5942
1269
-778
-1420
-1400
741
-6582
-3858
-3582
-211
0
0
12
0
0
-3858
0
0
-10520
-98
-1072
-3143
-12
22
-3582
0
46
-4500
-1558
-917
-4250
0
-112
-14708
0
-4700
0
0
0
0
0
0
0
0
0
-2080
-1361
-599
-373
0
144
-4700
0
328
-858
55
-2911
0
0
-1993
-1336
-56
-3213
-337
0
0
0
0
0
-56
0
0
-9965
-248
-1656
-1260
0
-1034
-3213
0
2896
-10707
-3529
-1688
-21405
-21285
-7667
-9574
-4253
-9147
-888
0
0
-886
0
0
-2153
0
0
-4453
184
-612
-4292
4027
1941
-10140
-80
1208
-24620
-8030
-5136
-28587
-122397
-16907
-9263
-15492
-23423
0
0
0
0
0
0
0
0
0
-200
-8318
-282
5814
-16009
-4305
2407
408
2970
-56
568
-3293
533
-17819
-2424
-1770
-5208
-9081
0
0
0
0
0
0
303
0
770
655
477
710
-2312
-6602
1920
1000
1623
1544
119
0
-1432
-634
0
-1872
-14219
-2092
-7390
-42
0
-1416
0
0
0
-2639
0
125
-2245
0
-288
-1603
0
-35
-16264
0
-1306
-217
0
-1302
-184
0
-6201
-2759
-2610
-36069
0
0
0
0
0
0
0
0
0
-430
0
-217
-30
0
285
418
-239
3736
-288
-1416
-1432
0
-1145
2
-770
-788
-29065
0
0
0
0
0
0
490
0
295
-2245
-42
119
397
-592
40
1312
1553
16968
63028
15535
-3004
1366
2332
-407
-10707
-888
-4453
5777
-1814
793
-884
0
0
-3529
0
184
-323
-987
-3252
1745
0
46
-1688
0
-612
63419
19131
2103
15799
0
-52
-24620
0
-200
35151
4504
-2485
9679
0
0
-8030
0
-8318
-10712
-933
-1705
2086
0
-54
-5136
0
-282
-7565
-5524
-15911
-2416
0
-4626
-56
0
655
-8077
3150
-10746
-1889
0
-2646
568
0
477
-16601
-5530
-2706
-1364
0
-1358
-3293
0
710
3434
7905
-1086
-6909
3818
-9629
516
-7725
-10708
7905
-3742
-10777
-1591
817
-3271
-2811
-12928
3989
-1086
-10777
-470
34
-3472
-2736
-601
425
856
89826
59821
-27612
7927
217091
-61698
-754
-11240
-5752
59821
47796
-23128
-17236
152976
-40122
2392
-10608
-11240
-27612
-23128
-742
-3888
-64871
-12623
-2074
2392
-754
-3686
-13066
-12509
-1990
-8465
-13471
856
3989
-10708
-13066
-5718
461
4102
-16059
-4688
425
-12928
-7725
-12509
461
-23186
-4668
-10821
-7425
-601
-2811
516
1544
770
-9081
2005
0
-2930
-24824
-8057
-8871
1623
0
-5208
44
0
48
-11097
-2309
-6339
1000
303
-1770
0
0
140
-909
-160
-828
2970
0
-23423
-30
0
-8769
-5124
-570
-21165
408
0
-15492
0
0
4561
-6326
-9494
-9122
2407
0
-9263
0
0
-2750
1634
-537
-5614
1208
0
-9147
1218
775
-2057
-1051
-1983
-12181
-80
0
-4253
0
0
79
-161
2365
-729
-10140
-2153
-9574
491
-4152
465
-2741
2279
16137
1593
-625
-675
-2797
-13912
-832
-21405
-886
-4292
9400
-808
-742
-4619
0
0
-21285
0
4027
-12787
96
-1264
-3450
0
250
-7667
0
1941
28234
-1916
-830
-5738
0
0
-28587
0
5814
67327
64144
-48582
27471
0
0
-122397
0
-16009
-20459
-7596
-13460
-1017
0
-565
-16907
0
-4305
1514
-2990
-9330
-1280
0
-1316
533
0
-2312
-3884
-7383
-36006
1762
0
-3218
-17819
0
-6602
-16811
-2417
-17260
-507
0
-5510
-2424
0
1920
-6909
-1591
34
-3684
-31972
-13225
-7425
-4688
-13471
3818
817
-3472
-31972
-188674
-41616
-10821
-16059
-8465
-9629
-3271
-2736
-13225
-41616
11208
-4668
4102
-1990
7927
-17236
-3888
-32626
-187231
20260
-12623
-40122
-61698
217091
152976
-64871
-187231
19200
-187231
-64871
152976
217091
-61698
-40122
-12623
20260
-187231
-32626
-3888
-17236
7927
-1990
4102
-4668
11208
-41616
-13225
-2736
-3271
-9629
-8465
-16059
-10821
-41616
-188674
-31972
-3472
817
3818
-13471
-4688
-7425
-13225
-31972
-3684
34
-1591
-6909
1920
0
-2424
-5510
0
-507
-17260
-2417
-16811
-6602
0
-17819
-3218
0
1762
-36006
-7383
-3884
-2312
0
533
-1316
0
-1280
-9330
-2990
1514
-4305
0
-16907
-565
0
-1017
-13460
-7596
-20459
-16009
0
-122397
0
0
27471
-48582
64144
67327
5814
0
-28587
0
0
-5738
-830
-1916
28234
1941
0
-7667
250
0
-3450
-1264
96
-12787
4027
0
-21285
0
0
-4619
-742
-808
9400
-4292
-886
-21405
-832
-13912
-2797
-675
-625
1593
16137
2279
-2741
465
-4152
491
-9574
-2153
-10140
-729
2365
-161
79
0
0
-4253
0
-80
-12181
-1983
-1051
-2057
775
1218
-9147
0
1208
-5614
-537
1634
-2750
0
0
-9263
0
2407
-9122
-9494
-6326
4561
0
0
-15492
0
408
-21165
-570
-5124
-8769
0
-30
-23423
0
2970
-828
-160
-909
140
0
0
-1770
303
1000
-6339
-2309
-11097
48
0
44
-5208
0
1623
-8871
-8057
-24824
-2930
0
2005
-9081
770
1544
516
-2811
-601
-7425
-10821
-4668
-23186
461
-12509
-7725
-12928
425
-4688
-16059
4102
461
-5718
-13066
-10708
3989
856
-13471
-8465
-1990
-12509
-13066
-3686
-754
2392
-2074
-12623
-64871
-3888
-742
-23128
-27612
-11240
-10608
2392
-40122
152976
-17236
-23128
47796
59821
-5752
-11240
-754
-61698
217091
7927
-27612
59821
89826
856
425
-601
-2736
-3472
34
-470
-10777
-1086
3989
-12928
-2811
-3271
817
-1591
-10777
-3742
7905
-10708
-7725
516
-9629
3818
-6909
-1086
7905
3434
710
0
-3293
-1358
0
-1364
-2706
-5530
-16601
477
0
568
-2646
0
-1889
-10746
3150
-8077
655
0
-56
-4626
0
-2416
-15911
-5524
-7565
-282
0
-5136
-54
0
2086
-1705
-933
-10712
-8318
0
-8030
0
0
9679
-2485
4504
35151
-200
0
-24620
-52
0
15799
2103
19131
63419
-612
0
-1688
46
0
1745
-3252
-987
-323
184
0
-3529
0
0
-884
793
-1814
5777
-4453
-888
-10707
-407
2332
1366
-3004
15535
63028
16968
1553
1312
40
-592
397
119
-42
-2245
295
0
490
0
0
0
0
0
0
-29065
-788
-770
2
-1145
0
-1432
-1416
-288
3736
-239
418
285
0
-30
-217
0
-430
0
0
0
0
0
0
0
0
0
-36069
-2610
-2759
-6201
0
-184
-1302
0
-217
-1306
0
-16264
-35
0
-1603
-288
0
-2245
125
0
-2639
0
0
0
-1416
0
-42
-7390
-2092
-14219
-1872
0
-634
-1432
0
119
1544
1623
1000
1920
-6602
-2312
710
477
655
770
0
303
0
0
0
0
0
0
-9081
-5208
-1770
-2424
-17819
533
-3293
568
-56
2970
408
2407
-4305
-16009
5814
-282
-8318
-200
0
0
0
0
0
0
0
0
0
-23423
-15492
-9263
-16907
-122397
-28587
-5136
-8030
-24620
1208
-80
-10140
1941
4027
-4292
-612
184
-4453
0
0
-2153
0
0
-886
0
0
-888
-9147
-4253
-9574
-7667
-21285
-21405
-1688
-3529
-10707
2896
0
-3213
-1034
0
-1260
-1656
-248
-9965
0
0
-56
0
0
0
0
0
-337
-3213
-56
-1336
-1993
0
0
-2911
55
-858
328
0
-4700
144
0
-373
-599
-1361
-2080
0
0
0
0
0
0
0
0
0
-4700
0
-14708
-112
0
-4250
-917
-1558
-4500
46
0
-3582
22
-12
-3143
-1072
-98
-10520
0
0
-3858
0
0
12
0
0
-211
-3582
-3858
-6582
741
-1400
-1420
-778
1269
-5942
1700
-400
346
-769
-2314
-3119
-634
0
-1603
0
0
0
0
0
0
0
0
0
-1538
-164
0
1256
970
-26
-1872
0
-35
288
0
-60
0
0
0
-184
0
-30
0
0
0
0
0
0
0
0
0
-7076
-285
-857
-564
0
0
-6201
0
285
-514
0
597
-26
0
-3119
0
0
397
313
0
-2923
970
0
-2314
-1145
0
-592
-8474
-42
-4512
1256
0
-769
2
0
40
2005
44
0
-5510
-3218
-1316
-1358
-2646
-4626
0
0
0
0
0
0
0
0
0
-2930
48
140
-507
1762
-1280
-1364
-1889
-2416
-30
0
0
-565
0
0
-54
0
-52
0
0
0
0
0
0
0
0
0
-8769
4561
-2750
-1017
27471
-5738
2086
9679
15799
1218
0
491
250
0
-832
46
0
-407
775
0
-4152
0
0
-13912
0
0
2332
-2057
79
465
-3450
-4619
-2797
1745
-884
1366
-1034
0
-1993
0
0
1658
-1774
-1093
-2473
0
0
0
0
0
0
0
0
0
-1260
0
0
1658
0
-494
-1656
-998
-1156
144
0
-112
0
0
-74
0
0
2474
0
0
0
0
0
0
0
0
0
-373
0
-4250
-74
0
3730
3129
3217
11066
22
0
741
-1396
0
-317
-256
0
469
-12
0
-1400
0
0
1241
0
0
19612
-3143
12
-1420
-317
1241
-1622
-608
379
14988
-16408
-1404
-3848
-4512
-2923
597
-14219
-2639
-16264
-5419
-246
0
-42
0
0
-2092
0
0
-28731
-10206
-1382
-8474
313
-514
-7390
125
-1306
-1033
-2257
0
-857
0
-60
-2759
0
418
-5675
-844
-2257
-285
0
0
-2610
0
-239
-13486
-5675
-1033
-7076
0
288
-36069
0
3736
-1382
0
-3848
0
0
346
-770
490
1312
-10206
-246
-1404
-164
0
-400
-788
0
1553
-28731
-5419
-16408
-1538
0
1700
-29065
295
16968
-24824
-11097
-909
-17260
-36006
-9330
-2706
-10746
-15911
-8057
-2309
-160
-2417
-7383
-2990
-5530
3150
-5524
-8871
-6339
-828
-16811
-3884
1514
-16601
-8077
-7565
-5124
-6326
1634
-13460
-48582
-830
-1705
-2485
2103
-570
-9494
-537
-7596
64144
-1916
-933
4504
19131
-21165
-9122
-5614
-20459
67327
28234
-10712
35151
63419
-1051
-161
-2741
-1264
-742
-675
-3252
793
-3004
-1983
2365
2279
96
-808
-625
-987
-1814
15535
-12181
-729
16137
-12787
9400
1593
-323
5777
63028
-1656
0
-2911
-1774
0
-1656
-6566
-2647
-18081
-248
0
55
-1093
0
-998
-2647
4484
-1847
-9965
-337
-858
-2473
0
-1156
-18081
-1847
-8740
-599
0
-917
0
0
3129
-994
390
-1445
-1361
0
-1558
0
0
3217
390
-486
7865
-2080
0
-4500
2474
0
11066
-1445
7865
51630
-1072
0
-778
-256
0
-608
-1572
-6
-1313
-98
0
1269
0
0
379
-6
0
13495
-10520
-211
-5942
469
19612
14988
-1313
13495
96848
121828
5988
-1923
1370
-847
-214
5118
-469
-695
5988
0
0
-278
0
0
-136
0
0
-1923
0
0
-279
-30
0
19
0
28
0
0
0
0
0
0
0
0
0
0
0
0
0
0
0
0
0
0
0
0
0
0
0
0
0
0
0
-54688
-8750
-3325
-479
-16042
-4372
0
90
-768
-8750
0
-40
712
0
0
79
0
0
-3325
-40
0
32
0
42
-108
186
1429
-7338
2290
1020
-3272
0
0
-8369
0
-2081
-3699
-98
-18
-96
0
0
-1096
0
-1290
-120
-852
-190
-272
0
0
-352
0
1492
0
0
0
0
0
0
0
0
0
0
0
0
0
0
0
0
0
0
0
0
0
0
0
0
0
0
0
-12315
-2611
-702
8242
5651
-321
4612
3244
-2041
-476
2518
272
1158
-1552
-2098
1413
-2350
-436
-1788
-526
151
-298
1595
320
44
-49
-1359
2882
0
-2699
686
0
-1288
10494
-116
4792
-12
0
4
24
0
-56
-12779
226
707
1154
0
-466
-176
0
0
-4848
0
-121
0
0
0
0
0
0
-608
1120
-1270
0
0
0
0
0
0
2146
568
1597
0
0
0
0
0
0
382
-1552
-65
-1685
-110
2873
579
0
-3301
9228
-9381
-22754
-240
0
-186
64
0
0
451
-20
-1966
-1225
224
3880
-326
0
-1187
1948
-1048
21587
1370
-278
-279
-3284
-2401
-2436
-1454
-872
-584
-847
0
-30
-2401
0
0
-5365
0
0
-214
0
0
-2436
0
0
-2240
0
-356
0
0
0
0
0
0
0
0
0
0
0
0
0
0
0
0
0
0
0
0
0
0
0
0
0
0
0
-479
712
32
480
-1313
2672
0
0
-4280
-16042
0
0
-1313
0
0
-66
0
0
-4372
0
42
2672
0
0
-262
0
0
-4668
0
0
-9671
0
0
-4380
0
64
-6569
0
0
-22428
0
0
-4898
0
2615
-1363
0
0
-7782
0
403
-1463
0
74
0
0
0
0
0
0
0
0
0
0
0
0
0
0
0
0
0
0
0
0
0
0
0
0
0
0
0
1307
1950
-246
-365
-2868
-3959
-3608
3865
-669
2015
0
-18
10639
0
0
3427
0
309
-530
28
170
-104
0
164
61
-42
-22
635
0
912
2
0
-1085
-57950
1237
-1252
-441
0
2969
-58
0
1679
-32410
0
2461
-1014
0
0
-1268
0
0
-7842
0
-128
0
0
0
0
0
0
-3180
-1284
-3689
0
0
0
0
0
0
0
0
0
0
0
0
0
0
0
-796
0
116
3246
0
-1028
1091
0
-2391
7839
-3980
-25273
150
0
204
1724
0
776
2630
0
1716
-1600
0
974
368
0
4247
8937
0
12884
5118
-136
19
-1454
-5365
-2240
-5200
776
-3130
-469
0
0
-872
0
0
776
0
0
-695
0
28
-584
0
-356
-3130
0
-144
0
0
0
0
0
0
0
0
0
0
0
0
0
0
0
0
0
0
0
0
0
0
0
0
0
0
0
0
79
-108
0
-66
-262
0
0
-278
90
0
186
0
0
0
0
0
0
-768
0
1429
-4280
0
0
-278
0
0
-6174
0
0
-7139
0
0
-8933
0
0
-1697
0
0
-2572
0
0
-2112
0
0
-2803
0
-42
-3794
0
0
-4432
0
72
0
0
0
0
0
0
0
0
0
0
0
0
0
0
0
0
0
0
0
0
0
0
0
0
0
0
0
234
-1272
-1262
-84
-11567
-1458
-112
-4172
-1994
0
0
0
0
0
0
0
0
-124
-632
-320
2264
0
0
4324
0
-432
-1096
341
0
-684
-1768
0
-188
-38599
324
-1473
-928
0
606
-220
0
470
-14993
0
2355
-603
0
-52
-3251
0
0
-22575
0
-302
0
0
0
0
0
0
-24337
-706
-6753
0
0
0
0
0
0
0
0
0
0
0
0
0
0
0
0
0
62
-38
0
-302
0
0
-2489
285
-2044
-38790
0
0
0
0
0
0
0
0
1046
383
0
2660
1120
0
5317
-871
746
72303
-7338
-3699
-120
-4668
-6569
-1363
-6174
-1697
-2803
2290
-98
-852
0
0
0
0
0
0
1020
-18
-190
0
0
0
0
0
-42
0
0
0
0
0
0
0
0
0
0
0
0
0
0
0
0
0
0
0
0
0
0
0
0
0
0
0
-12315
-476
-1788
1307
2015
-530
234
0
-632
-2611
2518
-526
1950
0
28
-1272
0
-320
-702
272
151
-246
-18
170
-1262
0
2264
-6260
474
-3112
0
0
0
0
0
0
474
-3308
-534
0
0
0
0
0
0
-3112
-534
-116
0
0
0
0
0
0
0
0
0
0
0
0
0
0
0
0
0
0
0
0
0
0
0
0
0
0
0
0
0
0
0
0
0
6108
1131
3142
154
2230
-1812
1852
1498
15551
1131
7322
3319
-1832
1553
3409
-1403
819
2405
3142
3319
796
-791
-4750
-1731
118
406
2462
-1844
0
-503
0
0
0
-17773
-3507
-1192
-2437
0
199
0
0
0
-3459
744
-835
64
0
-2927
0
0
0
-1914
0
-2325
0
0
0
0
0
0
18060
869
-2808
0
0
0
0
0
0
984
2061
-2984
0
0
0
0
0
0
4269
222
1185
-948
410
5474
180
0
-3831
21315
-1218
3973
241
0
1597
0
0
-3156
9223
2230
2072
1013
13
2720
0
0
783
2140
1103
5734
-3272
-96
-272
-9671
-22428
-7782
-7139
-2572
-3794
0
0
0
0
0
0
0
0
0
0
0
0
0
0
403
0
0
0
0
0
0
0
0
0
0
0
0
0
0
0
0
0
0
0
0
0
0
0
0
0
0
0
0
0
0
8242
1158
-298
-365
10639
-104
-84
0
0
5651
-1552
1595
-2868
0
0
-11567
0
0
-321
-2098
320
-3959
0
164
-1458
0
4324
0
0
0
0
0
0
0
0
0
0
0
0
0
0
0
0
0
0
0
0
0
0
0
0
0
0
0
0
0
0
0
0
0
0
0
0
0
0
0
0
0
0
0
0
0
0
0
0
0
0
0
0
0
0
154
-1832
-791
-12744
-40539
-73
-1084
-4641
7762
2230
1553
-4750
-40539
145598
32783
-2249
17092
20437
-1812
3409
-1731
-73
32783
13086
50
3469
7057
0
0
0
0
0
0
-7972
14328
9457
0
0
0
0
0
0
-27174
-705
-7401
0
0
0
0
0
0
3412
0
-1212
0
0
0
0
0
0
-17564
-2281
-4895
0
0
0
0
0
0
125480
21750
11094
0
0
0
0
0
0
21149
1330
5896
-3147
0
10307
-1984
0
-4343
5898
7712
-15096
-4703
0
2146
804
0
21846
49233
11437
81496
720
0
10968
314
0
6116
13976
2979
56330
-8369
-1096
-352
-4380
-4898
-1463
-8933
-2112
-4432
0
0
0
0
0
0
0
0
0
-2081
-1290
1492
64
2615
74
0
0
72
0
0
0
0
0
0
0
0
0
0
0
0
0
0
0
0
0
0
0
0
0
0
0
0
0
0
0
4612
1413
44
-3608
3427
61
-112
0
0
3244
-2350
-49
3865
0
-42
-4172
0
-432
-2041
-436
-1359
-669
309
-22
-1994
-124
-1096
0
0
0
0
0
0
0
0
0
0
0
0
0
0
0
0
0
0
0
0
0
0
0
0
0
0
0
0
0
0
0
0
0
0
0
0
0
0
0
0
0
0
0
0
0
0
0
0
0
0
0
0
0
0
1852
-1403
118
-1084
-2249
50
9368
2164
-1419
1498
819
406
-4641
17092
3469
2164
8
10181
15551
2405
2462
7762
20437
7057
-1419
10181
12550
0
0
0
0
0
0
-5626
-1044
-3683
0
0
0
0
0
0
-14393
-963
1699
0
0
0
0
0
0
-10618
-1006
-667
0
0
0
0
0
0
-2395
-150
-1362
0
0
0
0
0
0
20223
4563
4041
0
0
0
0
0
0
56462
7861
15925
694
0
310
117
0
176
7770
7069
18674
-3406
0
666
220
0
3338
16237
1802
21866
959
0
3294
4179
0
4575
39340
10252
77035
2882
-12
1154
635
-441
-1014
341
-928
-603
0
0
0
0
0
0
0
0
0
-2699
4
-466
912
2969
0
-684
606
-52
0
0
0
0
0
0
0
0
0
0
0
0
0
0
0
0
0
0
0
0
0
0
0
0
0
0
0
-1685
-240
-1225
3246
150
-1600
-38
0
383
-110
0
224
0
0
0
0
0
0
2873
-186
3880
-1028
204
974
-302
0
2660
-1844
-2437
64
0
0
0
0
0
0
0
0
0
0
0
0
0
0
0
-503
199
-2927
0
0
0
0
0
0
0
0
0
0
0
0
0
0
0
0
0
0
0
0
0
0
0
0
0
0
0
0
0
0
0
0
0
-948
241
1013
-3147
-4703
720
694
-3406
959
410
0
13
0
0
0
0
0
0
5474
1597
2720
10307
2146
10968
310
666
3294
-1118
0
-960
0
0
0
-3250
-2775
-2946
0
0
0
0
0
0
0
0
0
-960
0
0
0
0
0
3576
1726
-360
0
0
0
0
0
0
-1372
59
-1292
0
0
0
0
0
0
0
0
0
0
0
0
0
0
0
6237
258
127
532
0
-605
1920
0
953
-4431
-902
-29771
0
0
2046
0
0
0
1272
0
-1021
-605
2046
11408
-92
0
1469
15343
1905
112713
686
24
-176
2
-58
-1268
-1768
-220
-3251
0
0
0
0
0
0
0
0
0
-1288
-56
0
-1085
1679
0
-188
470
0
0
0
0
0
0
0
0
0
0
0
0
0
0
0
0
0
0
0
0
0
0
0
0
0
0
0
0
579
64
-326
1091
1724
368
0
0
1120
0
0
0
0
0
0
0
0
0
-3301
0
-1187
-2391
776
4247
-2489
0
5317
0
0
0
0
0
0
0
0
0
0
0
0
0
0
0
0
0
0
0
0
0
0
0
0
0
0
0
0
0
0
0
0
0
0
0
0
0
0
0
0
0
0
0
0
0
0
0
0
0
0
0
0
0
0
180
0
0
-1984
804
314
117
220
4179
0
0
0
0
0
0
0
0
0
-3831
-3156
783
-4343
21846
6116
176
3338
4575
0
0
0
0
0
0
-668
-258
697
0
0
0
0
0
0
0
0
0
0
0
0
0
0
0
1520
3321
351
0
0
0
0
0
0
4
0
-26
0
0
0
0
0
0
0
0
0
0
0
0
0
0
0
13083
315
3771
1920
0
-92
0
0
1038
4546
1427
8292
0
0
0
0
0
0
2061
0
17639
953
0
1469
1038
0
5444
14834
4413
92886
10494
-12779
-4848
-57950
-32410
-7842
-38599
-14993
-22575
-116
226
0
1237
0
0
324
0
0
4792
707
-121
-1252
2461
-128
-1473
2355
-302
-608
2146
382
-3180
0
-796
-24337
0
0
1120
568
-1552
-1284
0
0
-706
0
0
-1270
1597
-65
-3689
0
116
-6753
0
62
9228
451
1948
7839
2630
8937
285
0
-871
-9381
-20
-1048
-3980
0
0
-2044
0
746
-22754
-1966
21587
-25273
1716
12884
-38790
1046
72303
-17773
-3459
-1914
-7972
-27174
3412
-5626
-14393
-10618
-3507
744
0
14328
-705
0
-1044
-963
-1006
-1192
-835
-2325
9457
-7401
-1212
-3683
1699
-667
18060
984
4269
-17564
125480
21149
-2395
20223
56462
869
2061
222
-2281
21750
1330
-150
4563
7861
-2808
-2984
1185
-4895
11094
5896
-1362
4041
15925
21315
9223
2140
5898
49233
13976
7770
16237
39340
-1218
2230
1103
7712
11437
2979
7069
1802
10252
3973
2072
5734
-15096
81496
56330
18674
21866
77035
-3250
0
3576
-668
0
1520
-32976
-1974
-24867
-2775
0
1726
-258
0
3321
-1974
1796
217
-2946
0
-360
697
0
351
-24867
217
-8954
-1372
0
6237
4
0
13083
32216
7894
77679
59
0
258
0
0
315
7894
1070
8080
-1292
0
127
-26
0
3771
77679
8080
28646
-4431
1272
15343
4546
2061
14834
71262
38673
241349
-902
0
1905
1427
0
4413
38673
2344
51095
-29771
-1021
112713
8292
17639
92886
241349
51095
1056490
