-19021
-471
-2849
-224
-96
-82
-1170
-178
-3139
-1564
0
-636
-40
0
-260
-522
-46
-853
-1570
0
-131
-46
0
-48
-374
0
-2187
-4298
-68
-435
0
0
-98
-1031
0
-2241
-1242
-56
-60
-40
0
-104
-1811
0
-1905
-880
0
-170
0
0
0
-1125
-57
-1801
-2434
0
-978
0
0
0
-353
0
-2372
0
0
-63
0
0
0
-70
0
-388
206
0
-304
0
54
54
-600
0
-2554
-1192
-391
-820
-102
-158
-115
0
-117
-62
-124
0
-64
0
0
0
0
0
0
0
0
0
0
0
-40
0
0
-46
-96
0
0
0
0
-59
123
0
0
-154
-130
-40
0
0
0
-165
0
0
-180
0
0
0
0
0
-101
0
-61
42
0
0
0
0
0
0
0
0
0
0
0
0
0
0
0
0
0
0
0
0
0
0
0
123
0
-157
-1664
-162
-919
-88
-64
-96
-106
-148
-917
-36
0
0
0
0
0
-196
0
-72
0
0
-584
0
0
0
-104
0
-326
-584
0
-142
0
0
0
0
0
-160
0
-50
-70
0
0
-64
-983
0
-50
-157
0
-36
-64
0
0
0
0
-356
-86
0
-36
0
0
0
0
0
42
-106
0
0
0
0
0
-56
0
0
-236
0
0
0
0
0
-34
0
-320
-8
0
-368
0
0
6
0
0
-118
0
0
-40
0
0
0
0
0
0
0
0
0
0
0
0
0
0
0
0
0
-46
0
0
0
0
0
-10
0
0
0
0
0
0
0
0
0
0
0
0
0
0
0
0
0
0
-214
0
-54
0
0
0
0
0
0
0
0
0
0
0
0
0
0
0
0
0
-40
0
0
0
0
0
0
-21
-106
-957
0
0
-40
0
0
-190
0
0
-136
0
0
0
0
0
0
0
0
0
0
0
0
0
0
-44
44
-174
-260
0
0
0
0
0
-54
0
0
0
0
0
0
0
0
0
0
0
0
0
0
0
0
0
0
44
0
-138
0
0
0
0
0
0
0
0
0
0
0
0
0
0
0
0
0
0
0
0
0
0
0
-228
-50
0
-634
0
0
0
-34
-50
-268
42
0
-42
0
0
0
0
0
-92
0
0
0
0
0
0
0
0
-76
-34
0
-240
0
0
0
0
0
-296
0
0
0
0
0
0
0
0
0
0
0
0
0
0
0
0
0
0
50
-48
-84
0
0
0
0
0
72
0
0
0
0
0
0
0
0
0
0
0
0
0
0
0
0
0
-344
-82
0
-185
0
0
0
-42
0
-194
0
0
0
0
0
0
-42
0
-40
-48
0
0
0
0
0
0
0
-10
0
0
0
0
0
0
0
0
0
0
0
0
0
0
0
0
0
0
0
0
0
0
0
0
0
0
0
0
0
-174
0
0
0
0
0
0
0
0
0
0
0
0
0
0
0
0
0
0
0
0
0
0
0
0
0
0
-180
0
0
0
0
-42
-847
0
0
0
0
0
0
0
0
0
0
0
0
0
0
0
0
0
-84
0
0
-86
0
0
0
0
0
-90
0
0
0
0
0
0
0
0
0
0
0
0
0
0
0
0
0
0
0
-282
0
0
0
0
0
0
-94
0
0
0
0
0
0
0
0
0
0
0
0
0
0
0
0
0
-42
-330
0
-1497
0
0
6
-92
0
-606
0
0
72
0
0
0
0
0
-42
0
0
0
0
0
0
0
0
94
48
0
60
0
0
0
0
0
-74
0
0
0
0
0
0
0
0
0
0
0
0
0
0
0
0
0
-50
-42
0
28
0
0
0
0
-282
-20
0
0
0
0
0
0
0
0
0
0
32
30
0
0
0
0
0
332
-579
-146
-160
-278
-34
-34
-58
0
-299
-130
0
-536
0
0
0
-208
0
-40
-42
0
0
0
0
0
0
0
-140
-98
0
0
0
0
0
-185
0
-1222
0
0
0
0
0
0
0
0
0
0
0
0
0
0
0
0
0
0
364
0
0
0
0
0
0
0
10
0
0
0
0
0
0
0
0
0
0
0
0
0
0
0
-143
0
-590
-14
-316
-14
-58
0
-42
0
0
-58
-40
0
0
0
0
0
0
0
0
0
0
0
0
0
0
0
0
0
64
60
60
-233
0
0
0
0
-44
0
0
0
0
0
0
0
0
0
0
0
0
0
0
0
0
0
0
-14
0
0
0
0
0
0
0
0
0
0
0
0
0
0
0
0
0
0
0
0
0
0
0
0
0
0
0
0
-300
-104
0
-64
0
-50
-48
0
0
-42
-190
0
-620
-53
0
-152
0
0
0
0
0
-84
0
0
-620
-102
-44
-194
0
0
-88
0
0
-44
0
0
0
0
0
0
0
0
0
0
0
0
0
0
0
0
0
0
0
0
0
0
0
0
0
0
10
0
0
0
0
0
0
0
0
0
0
0
0
0
0
0
0
0
0
-168
-170
-52
-258
-426
-271
-123
-238
-679
-283
0
0
-489
-228
-40
-102
-50
-158
-57
0
0
36
0
0
0
0
-209
-249
0
-130
-112
-274
-164
-180
-68
-258
0
0
0
0
0
0
0
0
0
0
0
0
0
0
0
0
0
0
0
0
0
0
32
0
322
0
0
0
0
0
0
0
0
0
0
0
-53
0
0
0
0
0
-124
0
-220
-136
0
-100
-46
-490
-711
-94
-562
-1286
-6
-22
-52
-64
-622
-785
-89
-120
-1315
34
0
0
0
-60
-4
-89
-60
-258
-588
-145
0
-142
-172
-163
-201
-99
-684
0
0
0
0
0
0
0
0
0
0
0
0
0
0
0
0
0
0
-34
0
0
0
0
-52
0
0
-64
0
0
0
0
0
0
0
0
0
0
0
0
0
0
0
0
-57
-388
22
0
-44
-94
-212
-396
-57
-48
-1174
0
0
-52
0
-146
-610
-22
-82
-469
0
0
0
0
0
-61
0
-50
-432
0
0
-102
0
0
-96
0
-88
-65
0
0
0
0
0
0
0
0
0
0
0
0
0
0
0
0
0
0
84
0
0
0
0
0
0
0
0
0
0
0
0
0
0
0
0
0
0
0
0
0
0
0
0
-48
195
-98
0
0
0
0
-56
-142
-162
-280
0
0
0
0
0
-312
-36
0
-144
0
0
0
0
0
0
-50
0
-94
-56
-56
-50
98
98
0
-153
0
-154
0
0
0
0
0
0
0
0
0
0
0
0
0
0
0
-50
0
-56
0
0
0
0
0
0
0
0
-40
0
0
0
0
0
0
0
0
0
-56
0
0
0
32
0
-94
0
-50
-50
0
0
-38
0
-32
-104
0
-656
0
0
0
0
0
0
0
0
0
0
0
0
0
0
0
0
0
-184
-56
0
0
48
0
-32
0
-155
-554
0
0
0
0
0
0
0
0
0
0
0
0
0
0
0
0
0
-138
-56
0
0
0
0
0
0
-282
-74
0
0
0
0
0
0
0
0
0
0
0
0
0
0
-52
0
0
-98
-336
0
22
0
-42
-46
-268
-42
-683
-30
0
0
0
0
-64
0
0
-1219
0
0
0
-88
0
0
-369
0
-1610
2
0
0
98
0
0
-130
0
-481
0
0
0
0
0
0
0
0
0
0
0
0
0
0
0
-44
0
0
0
0
0
0
0
0
0
0
-68
0
0
0
0
0
0
0
0
0
0
0
0
0
0
0
-122
32
-466
-1232
-60
0
0
0
0
-145
-146
-59
0
0
0
0
0
0
-117
0
0
-110
0
0
-266
0
-34
300
0
-86
48
0
0
0
0
0
-34
0
0
0
0
0
0
0
0
0
0
0
0
0
0
0
0
0
-8
0
-816
0
0
0
0
0
0
0
0
0
0
0
0
0
0
0
0
0
0
-156
0
0
0
0
0
32
0
34
-114
0
0
0
0
0
0
-304
-112
0
0
0
0
0
0
0
0
0
0
0
0
0
0
0
86
0
0
0
0
0
0
0
0
0
0
0
0
0
0
0
0
0
0
0
0
-103
0
0
-103
0
0
186
0
0
0
0
0
0
0
0
0
0
0
0
0
0
0
0
0
0
0
0
-97
0
0
0
0
0
30
0
0
0
0
0
0
0
0
0
0
0
0
0
0
0
0
0
0
0
0
0
0
0
0
0
0
0
0
0
0
0
0
0
0
0
0
0
0
0
0
0
0
0
0
0
0
0
0
0
0
0
0
0
0
0
0
0
0
0
0
0
0
0
0
0
0
0
0
0
0
0
0
0
0
0
0
0
0
0
0
0
0
0
-109
-112
-272
0
0
0
-30
-116
-1040
0
0
0
0
0
0
-114
-56
-32
-190
0
0
-57
-92
-207
-62
-40
-409
84
0
0
0
0
0
0
-68
-78
0
0
0
0
0
0
0
0
0
0
0
0
-48
0
0
-105
0
-38
0
0
0
0
60
0
0
0
-57
0
0
0
0
0
0
0
0
0
0
0
0
0
0
0
227
0
-78
-124
0
-152
0
0
-30
-54
-407
-988
0
0
0
0
0
0
-6
0
-46
0
0
0
-64
-217
-393
-118
-56
-516
0
0
0
0
0
0
0
0
-64
0
0
0
0
0
0
0
0
0
0
0
0
0
0
-99
-140
-42
-242
0
0
0
0
54
0
42
0
-52
0
0
0
0
0
0
0
0
0
0
0
0
0
0
0
0
0
-128
-108
0
-108
0
0
0
-276
0
-409
0
0
0
0
0
0
0
0
-6
0
0
0
-60
-114
-270
-99
-86
-438
0
0
0
0
0
0
0
0
0
0
0
0
0
0
0
0
0
0
0
0
0
0
0
-60
0
0
-126
0
0
0
0
0
0
0
0
0
0
0
0
0
0
0
0
0
0
0
0
0
0
0
0
0
0
-64
-484
0
0
0
0
0
-50
-62
-162
0
0
0
0
0
0
0
0
0
0
0
-32
0
0
0
0
0
-170
-282
0
0
0
0
0
10
0
84
0
0
0
0
0
0
0
0
0
0
0
0
0
0
0
-100
0
-46
0
0
0
0
0
0
0
0
2
0
0
0
0
0
0
0
0
0
0
0
0
0
60
0
0
0
0
-88
0
-115
0
0
0
0
0
-605
0
0
0
0
0
0
0
0
0
0
0
0
-38
0
0
-154
0
-630
0
0
0
0
0
0
0
0
0
0
0
0
0
0
0
0
0
0
0
0
0
0
0
0
0
-57
-224
0
0
0
0
0
0
0
0
0
0
0
0
0
0
0
0
0
0
0
0
0
0
54
0
0
0
-126
-815
0
-215
-104
0
0
-34
-180
-808
4
0
0
-46
0
-12
-126
0
-190
16
0
0
-42
0
-61
16
-40
-159
-130
0
0
0
0
-46
58
0
422
0
0
0
0
0
0
0
0
0
-46
0
-134
49
0
-88
-78
0
126
0
0
0
88
0
0
214
0
383
0
0
0
0
0
0
0
0
0
0
0
0
0
0
0
102
60
458
-280
0
95
0
0
-88
0
0
0
-230
0
-36
-38
0
10
-120
0
41
-486
0
216
0
0
0
-78
0
-576
147
0
-215
46
0
89
0
0
303
827
316
-2373
106
-56
-209
-266
31
148
-830
0
-444
0
0
-98
-408
0
-2443
-408
120
-250
0
0
56
0
0
-192
-308
0
-3352
0
-56
-67
0
-46
-300
-600
0
-573
-56
0
0
44
0
-3065
0
0
0
0
0
0
0
0
0
0
0
-62
0
0
0
0
0
0
0
0
-30
0
0
0
0
0
-62
68
88
-3
0
0
0
0
0
0
101
0
-52
0
0
-42
0
0
0
0
0
0
0
0
0
0
0
-52
277
88
0
0
0
0
0
0
0
0
0
0
0
0
0
0
0
0
0
60
0
0
0
0
0
0
-63
40
0
0
0
0
0
0
0
0
54
0
-80
0
0
40
0
0
40
-46
0
50
0
0
0
0
0
-110
86
0
-10
0
0
0
0
0
371
-20
0
0
0
0
0
0
0
0
0
0
-54
-42
0
0
-32
0
-342
105
0
84
0
0
0
0
0
92
48
0
58
0
0
0
0
0
0
0
0
-4
0
0
0
-32
60
-58
0
0
54
0
0
0
0
0
0
42
0
-50
0
0
0
0
0
0
-102
0
0
0
0
0
0
0
0
58
0
0
0
0
0
0
0
0
357
119
-91
0
0
0
0
0
0
0
0
0
0
0
0
0
0
-113
167
0
0
0
0
0
0
0
0
89
50
-2
0
0
0
0
0
0
0
0
0
0
0
0
0
0
0
52
0
-42
0
-54
0
0
0
0
70
57
-38
0
0
0
0
0
0
0
0
-106
0
0
0
0
0
-38
64
108
-64
46
0
0
0
0
0
2417
3512
298
0
0
0
0
0
0
156
-174
-48
0
0
0
0
0
-54
1076
875
156
30
0
0
0
0
0
831
1083
200
0
0
0
0
0
0
44
0
0
0
0
0
0
0
-63
57
0
0
0
-60
0
0
0
0
32
56
-38
0
0
0
57
57
0
0
0
0
0
0
0
0
0
-96
78
0
138
0
0
0
0
0
-84
3511
52
354
0
0
0
0
0
-50
-34
0
44
0
0
0
0
0
-412
1140
164
62
0
0
0
0
56
98
1594
0
166
0
0
0
48
48
58
60
0
0
0
0
0
0
0
84
0
0
0
0
0
0
0
0
0
0
0
0
0
0
0
0
0
-8
0
0
0
0
0
0
0
0
-38
208
0
0
0
0
0
58
0
0
0
0
983
0
0
0
48
0
190
0
0
0
0
0
0
0
0
0
98
0
0
0
42
0
0
0
0
0
0
104
0
0
0
-42
50
128
0
0
0
0
0
0
0
0
0
0
0
0
0
0
0
0
0
0
0
0
0
0
0
0
0
0
54
0
0
0
0
0
0
0
0
-42
42
0
-157
0
0
46
0
0
59
0
0
764
0
0
0
-48
409
418
0
0
0
0
0
0
0
0
-48
0
0
0
0
0
0
0
0
0
0
0
0
0
0
0
0
0
156
0
53
0
0
0
0
0
0
44
24
0
36
0
0
0
0
0
54
0
0
24
0
0
0
0
0
66
0
0
0
0
0
0
0
0
104
891
0
846
104
56
0
0
0
653
326
0
1884
0
0
0
17
60
1784
0
0
219
0
0
0
0
0
94
530
44
214
48
0
0
0
0
282
0
0
272
0
0
0
0
0
532
0
104
0
0
0
0
40
0
316
1523
-104
64
0
0
0
0
0
0
3197
-100
-106
-294
-46
-116
-50
0
-20
-70
-100
-40
-174
-46
-88
-50
0
363
-79
92
174
-50
-56
0
0
0
-32
-937
178
54
-2051
-388
-213
-745
-57
-843
-1000
0
0
-772
0
-678
-488
0
-2066
354
0
168
-50
0
0
0
0
0
-168
0
36
-42
0
0
-337
0
-64
-314
0
0
0
0
0
-58
0
-347
328
289
110
0
0
0
0
0
0
3428
0
-30
3331
0
0
0
0
-62
64
0
0
0
0
0
0
0
50
602
190
50
-48
0
0
0
60
56
895
992
212
-2959
0
0
-178
0
-639
280
579
0
-943
0
0
0
0
-57
286
0
104
38
0
0
0
0
0
365
-4
50
-120
0
0
0
0
-108
-13
38
0
0
0
0
0
60
55
176
0
-2
0
-42
0
0
0
34
46
48
3206
0
0
-56
0
0
-66
0
44
0
-88
0
0
0
0
-232
108
0
64
-48
-98
0
0
0
28
888
40
773
-258
-134
-1310
-32
-58
-194
212
-44
-4
-177
0
0
-106
-30
-404
100
120
104
0
0
0
0
0
102
172
0
248
52
0
-632
-42
-42
-58
0
0
0
0
0
0
57
0
-74
435
42
0
58
-104
56
-84
-46
0
8
60
-252
332
2
-186
-44
0
-140
-134
-324
0
-227
-56
0
-119
0
-308
395
184
386
398
801
114
108
0
-50
1149
-4309
-5065
5493
-1890
-649
6345
270
-570
-147
-100
0
-380
-40
-40
-238
0
-166
529
140
103
322
399
136
0
0
0
592
174
46
-65
230
34
286
42
-249
-50
58
0
-57
-57
0
257
0
-8
298
50
46
99
153
-30
42
-95
-122
1244
214
149
1080
3696
2640
-35
-590
-1050
0
0
0
2
-339
-565
2
-676
-453
1042
703
275
159
707
188
0
713
428
1952
-10709
-3400
-1497
0
1497
3400
10709
-1952
-428
-713
0
-188
-707
-159
-275
-703
-1042
453
676
-2
565
339
-2
0
0
0
1050
590
35
-2640
-3696
-1080
-149
-214
-1244
122
95
-42
30
-153
-99
-46
-50
-298
8
0
-257
0
57
57
0
-58
50
249
-42
-286
-34
-230
65
-46
-174
-592
0
0
0
-136
-399
-322
-103
-140
-529
166
0
238
40
40
380
0
100
147
570
-270
-6345
649
1890
-5493
5065
4309
-1149
50
0
-108
-114
-801
-398
-386
-184
-395
308
0
119
0
56
227
0
324
134
140
0
44
186
-2
-332
252
-60
-8
0
46
84
-56
104
-58
0
-42
-435
74
0
-57
0
0
0
0
0
0
58
42
42
632
0
-52
-248
0
-172
-102
0
0
0
0
0
-104
-120
-100
404
30
106
0
0
177
4
44
-212
194
58
32
1310
134
258
-773
-40
-888
-28
0
0
0
98
48
-64
0
-108
232
0
0
0
0
88
0
-44
0
66
0
0
56
0
0
-3206
-48
-46
-34
0
0
0
42
0
2
0
-176
-55
-60
0
0
0
0
0
-38
13
108
0
0
0
0
120
-50
4
-365
0
0
0
0
0
-38
-104
0
-286
57
0
0
0
0
943
0
-579
-280
639
0
178
0
0
2959
-212
-992
-895
-56
-60
0
0
0
48
-50
-190
-602
-50
0
0
0
0
0
0
0
-64
62
0
0
0
0
-3331
30
0
-3428
0
0
0
0
0
0
-110
-289
-328
347
0
58
0
0
0
0
0
314
64
0
337
0
0
42
-36
0
168
0
0
0
0
0
50
-168
0
-354
2066
0
488
678
0
772
0
0
1000
843
57
745
213
388
2051
-54
-178
937
32
0
0
0
56
50
-174
-92
79
-363
0
50
88
46
174
40
100
70
20
0
50
116
46
294
106
100
-3197
0
0
0
0
0
0
-64
104
-1523
-316
0
-40
0
0
0
0
-104
0
-532
0
0
0
0
0
-272
0
0
-282
0
0
0
0
-48
-214
-44
-530
-94
0
0
0
0
0
-219
0
0
-1784
-60
-17
0
0
0
-1884
0
-326
-653
0
0
0
-56
-104
-846
0
-891
-104
0
0
0
0
0
0
0
0
-66
0
0
0
0
0
-24
0
0
-54
0
0
0
0
0
-36
0
-24
-44
0
0
0
0
0
0
-53
0
-156
0
0
0
0
0
0
0
0
0
0
0
0
0
0
0
0
0
48
0
0
0
0
0
0
0
0
-418
-409
48
0
0
0
-764
0
0
-59
0
0
-46
0
0
157
0
-42
42
0
0
0
0
0
0
0
0
-54
0
0
0
0
0
0
0
0
0
0
0
0
0
0
0
0
0
0
0
0
0
0
0
0
0
0
-128
-50
42
0
0
0
-104
0
0
0
0
0
0
-42
0
0
0
-98
0
0
0
0
0
0
0
0
0
-190
0
-48
0
0
0
-983
0
0
0
0
-58
0
0
0
0
0
-208
38
0
0
0
0
0
0
0
0
8
0
0
0
0
0
0
0
0
0
0
0
0
0
0
0
0
0
-84
0
0
0
0
0
0
0
-60
-58
-48
-48
0
0
0
-166
0
-1594
-98
-56
0
0
0
0
-62
-164
-1140
412
0
0
0
0
0
-44
0
34
50
0
0
0
0
0
-354
-52
-3511
84
0
0
0
0
0
-138
0
-78
96
0
0
0
0
0
0
0
0
0
-57
-57
0
0
0
38
-56
-32
0
0
0
0
60
0
0
0
-57
63
0
0
0
0
0
0
0
-44
0
0
0
0
0
0
-200
-1083
-831
0
0
0
0
0
-30
-156
-875
-1076
54
0
0
0
0
0
48
174
-156
0
0
0
0
0
0
-298
-3512
-2417
0
0
0
0
0
-46
64
-108
-64
38
0
0
0
0
0
106
0
0
0
0
0
0
0
0
38
-57
-70
0
0
0
0
54
0
42
0
-52
0
0
0
0
0
0
0
0
0
0
0
0
0
0
0
2
-50
-89
0
0
0
0
0
0
0
0
-167
113
0
0
0
0
0
0
0
0
0
0
0
0
0
0
91
-119
-357
0
0
0
0
0
0
0
0
-58
0
0
0
0
0
0
0
0
102
0
0
0
0
0
0
50
0
-42
0
0
0
0
0
0
-54
0
0
58
-60
32
0
0
0
4
0
0
0
0
0
0
0
0
-58
0
-48
-92
0
0
0
0
0
-84
0
-105
342
0
32
0
0
42
54
0
0
0
0
0
0
0
0
0
0
20
-371
0
0
0
0
0
10
0
-86
110
0
0
0
0
0
-50
0
46
-40
0
0
-40
0
0
80
0
-54
0
0
0
0
0
0
0
0
-40
63
0
0
0
0
0
0
-60
0
0
0
0
0
0
0
0
0
0
0
0
0
0
0
0
0
-88
-277
52
0
0
0
0
0
0
0
0
0
0
0
42
0
0
52
0
-101
0
0
0
0
0
0
3
-88
-68
62
0
0
0
0
0
30
0
0
0
0
0
0
0
0
62
0
0
0
0
0
0
0
0
0
0
0
3065
0
-44
0
0
56
573
0
600
300
46
0
67
56
0
3352
0
308
192
0
0
-56
0
0
250
-120
408
2443
0
408
98
0
0
444
0
830
-148
-31
266
209
56
-106
2373
-316
-827
-303
0
0
-89
0
-46
215
0
-147
576
0
78
0
0
0
-216
0
486
-41
0
120
-10
0
38
36
0
230
0
0
0
88
0
0
-95
0
280
-458
-60
-102
0
0
0
0
0
0
0
0
0
0
0
0
0
0
0
-383
0
-214
0
0
-88
0
0
0
-126
0
78
88
0
-49
134
0
46
0
0
0
0
0
0
0
0
0
-422
0
-58
46
0
0
0
0
130
159
40
-16
61
0
42
0
0
-16
190
0
126
12
0
46
0
0
-4
808
180
34
0
0
104
215
0
815
126
0
0
0
-54
0
0
0
0
0
0
0
0
0
0
0
0
0
0
0
0
0
0
0
0
0
0
224
57
0
0
0
0
0
0
0
0
0
0
0
0
0
0
0
0
0
0
0
0
0
0
0
0
0
630
0
154
0
0
38
0
0
0
0
0
0
0
0
0
0
0
0
605
0
0
0
0
0
115
0
88
0
0
0
0
-60
0
0
0
0
0
0
0
0
0
0
0
0
0
-2
0
0
0
0
0
0
0
0
46
0
100
0
0
0
0
0
0
0
0
0
0
0
0
0
0
0
-84
0
-10
0
0
0
0
0
282
170
0
0
0
0
0
32
0
0
0
0
0
0
0
0
0
0
0
162
62
50
0
0
0
0
0
484
64
0
0
0
0
0
0
0
0
0
0
0
0
0
0
0
0
0
0
0
0
0
0
0
0
0
0
126
0
0
60
0
0
0
0
0
0
0
0
0
0
0
0
0
0
0
0
0
0
0
0
0
0
0
438
86
99
270
114
60
0
0
0
6
0
0
0
0
0
0
0
0
409
0
276
0
0
0
108
0
108
128
0
0
0
0
0
0
0
0
0
0
0
0
0
0
0
0
0
52
0
-42
0
-54
0
0
0
0
242
42
140
99
0
0
0
0
0
0
0
0
0
0
0
0
0
0
64
0
0
0
0
0
0
0
0
516
56
118
393
217
64
0
0
0
46
0
6
0
0
0
0
0
0
988
407
54
30
0
0
152
0
124
78
0
-227
0
0
0
0
0
0
0
0
0
0
0
0
0
0
0
57
0
0
0
-60
0
0
0
0
38
0
105
0
0
48
0
0
0
0
0
0
0
0
0
0
0
0
78
68
0
0
0
0
0
0
-84
409
40
62
207
92
57
0
0
190
32
56
114
0
0
0
0
0
0
1040
116
30
0
0
0
272
112
109
0
0
0
0
0
0
0
0
0
0
0
0
0
0
0
0
0
0
0
0
0
0
0
0
0
0
0
0
0
0
0
0
0
0
0
0
0
0
0
0
0
0
0
0
0
0
0
0
0
0
0
0
0
0
0
0
0
0
0
0
0
0
0
0
0
0
0
0
0
0
0
0
0
0
0
0
0
0
0
0
0
0
0
-30
0
0
0
0
0
97
0
0
0
0
0
0
0
0
0
0
0
0
0
0
0
0
0
0
0
0
-186
0
0
103
0
0
103
0
0
0
0
0
0
0
0
0
0
0
0
0
0
0
0
0
0
0
0
-86
0
0
0
0
0
0
0
0
0
0
0
0
0
0
0
112
304
0
0
0
0
0
0
114
-34
0
-32
0
0
0
0
0
156
0
0
0
0
0
0
0
0
0
0
0
0
0
0
0
0
0
0
816
0
8
0
0
0
0
0
0
0
0
0
0
0
0
0
0
0
0
0
34
0
0
0
0
0
-48
86
0
-300
34
0
266
0
0
110
0
0
117
0
0
0
0
0
0
59
146
145
0
0
0
0
60
1232
466
-32
122
0
0
0
0
0
0
0
0
0
0
0
0
0
0
0
68
0
0
0
0
0
0
0
0
0
0
44
0
0
0
0
0
0
0
0
0
0
0
0
0
0
0
481
0
130
0
0
-98
0
0
-2
1610
0
369
0
0
88
0
0
0
1219
0
0
64
0
0
0
0
30
683
42
268
46
42
0
-22
0
336
98
0
0
52
0
0
0
0
0
0
0
0
0
0
0
0
0
0
74
282
0
0
0
0
0
0
56
138
0
0
0
0
0
0
0
0
0
0
0
0
0
0
0
0
0
554
155
0
32
0
-48
0
0
56
184
0
0
0
0
0
0
0
0
0
0
0
0
0
0
0
0
0
656
0
104
32
0
38
0
0
50
50
0
94
0
-32
0
0
0
56
0
0
0
0
0
0
0
0
0
40
0
0
0
0
0
0
0
0
56
0
50
0
0
0
0
0
0
0
0
0
0
0
0
0
0
0
154
0
153
0
-98
-98
50
56
56
94
0
50
0
0
0
0
0
0
144
0
36
312
0
0
0
0
0
280
162
142
56
0
0
0
0
98
-195
48
0
0
0
0
0
0
0
0
0
0
0
0
0
0
0
0
0
0
0
0
0
0
0
0
-84
0
0
0
0
0
0
0
0
0
0
0
0
0
0
0
0
0
0
65
88
0
96
0
0
102
0
0
432
50
0
61
0
0
0
0
0
469
82
22
610
146
0
52
0
0
1174
48
57
396
212
94
44
0
-22
388
57
0
0
0
0
0
0
0
0
0
0
0
0
0
0
0
0
64
0
0
52
0
0
0
0
34
0
0
0
0
0
0
0
0
0
0
0
0
0
0
0
0
0
0
684
99
201
163
172
142
0
145
588
258
60
89
4
60
0
0
0
-34
1315
120
89
785
622
64
52
22
6
1286
562
94
711
490
46
100
0
136
220
0
124
0
0
0
0
0
53
0
0
0
0
0
0
0
0
0
0
0
-322
0
-32
0
0
0
0
0
0
0
0
0
0
0
0
0
0
0
0
0
0
0
0
0
0
258
68
180
164
274
112
130
0
249
209
0
0
0
0
-36
0
0
57
158
50
102
40
228
489
0
0
283
679
238
123
271
426
258
52
170
168
0
0
0
0
0
0
0
0
0
0
0
0
0
0
0
0
0
0
-10
0
0
0
0
0
0
0
0
0
0
0
0
0
0
0
0
0
0
0
0
0
0
0
0
0
0
44
0
0
88
0
0
194
44
102
620
0
0
84
0
0
0
0
0
152
0
53
620
0
190
42
0
0
48
50
0
64
0
104
300
0
0
0
0
0
0
0
0
0
0
0
0
0
0
0
0
0
0
0
0
0
0
0
0
0
0
0
0
14
0
0
0
0
0
0
0
0
0
0
0
0
0
0
0
0
0
0
44
0
0
0
0
233
-60
-60
-64
0
0
0
0
0
0
0
0
0
0
0
0
0
0
0
0
0
40
58
0
0
42
0
58
14
316
14
590
0
143
0
0
0
0
0
0
0
0
0
0
0
0
0
0
0
-10
0
0
0
0
0
0
0
-364
0
0
0
0
0
0
0
0
0
0
0
0
0
0
0
0
0
0
1222
0
185
0
0
0
0
0
98
140
0
0
0
0
0
0
0
42
40
0
208
0
0
0
536
0
130
299
0
58
34
34
278
160
146
579
-332
0
0
0
0
0
-30
-32
0
0
0
0
0
0
0
0
0
0
20
282
0
0
0
0
-28
0
42
50
0
0
0
0
0
0
0
0
0
0
0
0
0
0
0
0
0
74
0
0
0
0
0
-60
0
-48
-94
0
0
0
0
0
0
0
0
42
0
0
0
0
0
-72
0
0
606
0
92
-6
0
0
1497
0
330
42
0
0
0
0
0
0
0
0
0
0
0
0
0
0
0
0
0
94
0
0
0
0
0
0
282
0
0
0
0
0
0
0
0
0
0
0
0
0
0
0
0
0
0
0
90
0
0
0
0
0
86
0
0
84
0
0
0
0
0
0
0
0
0
0
0
0
0
0
0
0
0
847
42
0
0
0
0
180
0
0
0
0
0
0
0
0
0
0
0
0
0
0
0
0
0
0
0
0
0
0
0
0
0
0
174
0
0
0
0
0
0
0
0
0
0
0
0
0
0
0
0
0
0
0
0
0
0
0
0
0
0
0
0
0
10
0
0
0
0
0
0
0
48
40
0
42
0
0
0
0
0
0
194
0
42
0
0
0
185
0
82
344
0
0
0
0
0
0
0
0
0
0
0
0
0
0
0
0
0
-72
0
0
0
0
0
84
48
-50
0
0
0
0
0
0
0
0
0
0
0
0
0
0
0
0
0
0
296
0
0
0
0
0
240
0
34
76
0
0
0
0
0
0
0
0
92
0
0
0
0
0
42
0
-42
268
50
34
0
0
0
634
0
50
228
0
0
0
0
0
0
0
0
0
0
0
0
0
0
0
0
0
0
0
0
0
0
0
138
0
-44
0
0
0
0
0
0
0
0
0
0
0
0
0
0
0
0
0
0
54
0
0
0
0
0
260
174
-44
44
0
0
0
0
0
0
0
0
0
0
0
0
0
0
136
0
0
190
0
0
40
0
0
957
106
21
0
0
0
0
0
0
40
0
0
0
0
0
0
0
0
0
0
0
0
0
0
0
0
0
54
0
214
0
0
0
0
0
0
0
0
0
0
0
0
0
0
0
0
0
0
10
0
0
0
0
0
46
0
0
0
0
0
0
0
0
0
0
0
0
0
0
0
0
0
40
0
0
118
0
0
-6
0
0
368
0
8
320
0
34
0
0
0
0
0
236
0
0
56
0
0
0
0
0
106
-42
0
0
0
0
0
36
0
86
356
0
0
0
0
64
36
0
157
50
0
983
64
0
0
70
50
0
160
0
0
0
0
0
142
0
584
326
0
104
0
0
0
584
0
0
72
0
196
0
0
0
0
0
36
917
148
106
96
64
88
919
162
1664
157
0
-123
0
0
0
0
0
0
0
0
0
0
0
0
0
0
0
0
0
0
0
0
0
0
0
-42
61
0
101
0
0
0
0
0
180
0
0
165
0
0
0
40
130
154
0
0
-123
59
0
0
0
0
96
46
0
0
40
0
0
0
0
0
0
0
0
0
0
0
64
0
124
62
117
0
115
158
102
820
391
1192
2554
0
600
-54
-54
0
304
0
-206
388
0
70
0
0
0
63
0
0
2372
0
353
0
0
0
978
0
2434
1801
57
1125
0
0
0
170
0
880
1905
0
1811
104
0
40
60
56
1242
2241
0
1031
98
0
0
435
68
4298
2187
0
374
48
0
46
131
0
1570
853
46
522
260
0
40
636
0
1564
3139
178
1170
82
96
224
2849
471
19021
