4955
0
1255
0
0
0
2204
0
73
0
0
0
0
0
0
0
0
0
567
0
435
0
0
0
205
0
-359
0
0
0
0
0
0
0
0
0
0
0
0
0
0
0
0
0
0
0
0
0
0
0
0
0
0
0
1653
0
121
0
0
0
1271
0
315
0
0
0
0
0
0
0
0
0
272
0
254
0
0
0
-553
0
-1210
0
0
0
0
0
0
0
0
0
0
0
0
0
0
0
0
0
0
0
0
0
0
0
0
0
0
0
0
0
0
0
0
0
0
0
0
0
0
0
0
0
0
0
0
0
0
0
0
0
0
0
0
0
0
0
0
0
0
0
0
0
0
0
0
0
0
0
0
0
0
0
0
0
0
0
0
0
0
0
0
0
1210
0
553
0
0
0
-254
0
-272
0
0
0
0
0
0
0
0
0
-315
0
-1271
0
0
0
-121
0
-1653
0
0
0
0
0
0
0
0
0
0
0
0
0
0
0
0
0
0
0
0
0
0
0
0
0
0
0
359
0
-205
0
0
0
-435
0
-567
0
0
0
0
0
0
0
0
0
-73
0
-2204
0
0
0
-1255
0
-4955
