2992
0
823
0
0
0
1269
0
127
0
0
0
0
0
0
0
0
0
884
0
-109
0
0
0
771
0
316
0
0
0
0
0
0
0
0
0
0
0
0
0
0
0
0
0
0
0
0
0
0
0
0
0
0
0
1179
0
804
0
0
0
-245
0
2
0
0
0
0
0
0
0
0
0
576
0
247
0
0
0
384
0
-440
0
0
0
0
0
0
0
0
0
0
0
0
0
0
0
0
0
0
0
0
0
0
0
0
0
0
0
0
0
0
0
0
0
0
0
0
0
0
0
0
0
0
0
0
0
0
0
0
0
0
0
0
0
0
0
0
0
0
0
0
0
0
0
0
0
0
0
0
0
0
0
0
0
0
0
0
0
0
0
0
0
912
0
316
0
0
0
631
0
-70
0
0
0
0
0
0
0
0
0
574
0
318
0
0
0
6
0
-626
0
0
0
0
0
0
0
0
0
0
0
0
0
0
0
0
0
0
0
0
0
0
0
0
0
0
0
141
0
-184
0
0
0
500
0
6
0
0
0
0
0
0
0
0
0
150
0
-318
0
0
0
-181
0
-259
0
0
0
0
0
0
0
0
0
0
0
0
0
0
0
0
0
0
0
0
0
0
0
0
0
0
0
0
0
0
0
0
0
0
0
0
0
0
0
0
0
0
0
0
0
0
0
0
0
0
0
0
0
0
0
0
0
0
0
0
0
0
0
0
0
0
0
0
0
0
0
0
0
0
0
0
0
0
0
0
0
0
0
0
0
0
0
0
0
0
0
0
0
0
0
0
0
0
0
0
0
0
0
0
0
0
0
0
0
0
0
0
0
0
0
0
0
0
0
0
0
0
0
0
0
0
0
0
0
0
0
0
0
0
0
0
0
0
0
0
0
0
0
0
0
0
0
0
0
0
0
0
0
0
0
0
0
0
0
0
0
0
0
0
0
0
0
0
0
0
0
0
0
0
0
0
0
0
0
0
0
0
0
0
0
0
0
0
0
0
0
0
0
0
0
0
0
0
0
0
0
0
0
0
0
0
0
0
0
0
0
0
0
0
0
0
0
0
0
0
0
0
0
0
0
0
0
0
0
0
0
0
0
0
0
0
0
0
0
0
0
0
0
259
0
181
0
0
0
318
0
-150
0
0
0
0
0
0
0
0
0
-6
0
-500
0
0
0
184
0
-141
0
0
0
0
0
0
0
0
0
0
0
0
0
0
0
0
0
0
0
0
0
0
0
0
0
0
0
626
0
-6
0
0
0
-318
0
-574
0
0
0
0
0
0
0
0
0
70
0
-631
0
0
0
-316
0
-912
0
0
0
0
0
0
0
0
0
0
0
0
0
0
0
0
0
0
0
0
0
0
0
0
0
0
0
0
0
0
0
0
0
0
0
0
0
0
0
0
0
0
0
0
0
0
0
0
0
0
0
0
0
0
0
0
0
0
0
0
0
0
0
0
0
0
0
0
0
0
0
0
0
0
0
0
0
0
0
0
0
440
0
-384
0
0
0
-247
0
-576
0
0
0
0
0
0
0
0
0
-2
0
245
0
0
0
-804
0
-1179
0
0
0
0
0
0
0
0
0
0
0
0
0
0
0
0
0
0
0
0
0
0
0
0
0
0
0
-316
0
-771
0
0
0
109
0
-884
0
0
0
0
0
0
0
0
0
-127
0
-1269
0
0
0
-823
0
-2992
