412396
105323
42579
30472
90956
7062
15882
39428
3699
4430
3596
1906
13670
45530
1100
8882
6883
667
1946
711
0
7362
24157
995
2516
5602
3465
5953
984
266
1325
9216
528
585
1898
188
2187
2329
653
6219
31121
522
2849
1371
197
2539
1179
270
2628
7658
367
1721
832
1482
2845
296
305
830
6450
391
0
0
0
1762
1340
255
3354
15475
206
2132
643
70
632
223
160
2074
5932
472
1641
8687
3342
5953
1363
140
247
1415
125
124
761
51
298
166
58
1086
4557
63
489
638
34
55
10
0
579
2637
69
87
251
186
5678
757
259
1813
9437
345
968
1666
77
1340
968
389
6374
33334
286
2103
804
56
1176
227
63
820
3064
81
389
94
450
3086
315
267
787
4391
51
0
59
14
1000
1409
173
1473
6316
104
617
145
58
661
504
114
404
1164
60
1845
1279
1482
2845
293
219
302
1826
279
0
154
33
66
10
32
524
2744
51
200
295
45
0
0
0
0
0
0
0
0
0
3086
634
99
667
3667
205
354
402
29
736
456
88
2031
11074
91
620
304
11
696
221
34
327
1110
27
286
42
186
690
166
186
199
1046
149
0
23
13
620
509
59
800
2601
69
555
83
15
200
92
43
1496
5196
238
828
4206
3465
4430
615
74
298
1382
67
83
215
15
90
47
4
166
540
4
70
81
2
7
1
0
92
206
12
20
42
15
298
30
5
83
237
22
9
55
1
133
93
45
448
2151
15
192
46
2
101
13
10
131
328
10
67
29
58
66
4
7
7
104
2
0
0
0
76
29
2
127
602
2
72
12
2
12
2
4
56
137
10
39
171
70
2187
466
15
141
483
37
152
86
11
133
68
4
400
1561
11
164
143
7
42
6
0
116
224
7
40
20
11
1340
97
19
367
1236
82
205
213
15
418
255
45
1879
8893
66
545
183
4
344
74
12
194
571
23
104
19
56
736
19
57
154
399
7
0
11
3
121
76
13
235
983
18
114
27
2
124
19
32
42
126
20
445
202
197
1762
173
158
111
359
19
113
35
32
76
42
12
134
717
12
69
38
0
0
0
0
22
136
9
25
15
45
1000
542
49
327
1567
72
138
169
20
121
66
22
479
1946
42
162
113
7
99
10
6
46
131
5
54
8
34
620
138
175
103
467
11
0
7
6
78
148
12
82
356
13
34
8
2
298
104
95
264
674
50
889
682
667
1946
144
76
88
710
83
3
27
8
7
3
4
109
386
14
31
61
6
0
0
0
48
68
9
22
40
13
55
5
3
5
79
3
6
25
7
42
22
4
123
806
9
43
23
3
34
5
10
54
150
6
34
24
14
0
0
0
0
0
0
0
0
0
0
0
0
0
0
0
0
0
0
0
0
0
0
0
0
0
0
0
2539
809
42
161
961
58
88
257
13
101
70
23
388
2258
38
186
243
20
34
5
0
81
505
12
25
55
29
1176
153
30
335
1366
69
153
189
8
344
205
81
1265
7529
65
381
161
15
284
30
22
206
780
34
121
49
77
696
43
40
161
644
7
0
6
7
99
89
9
171
871
11
82
16
1
147
42
29
45
131
18
472
347
188
632
124
132
85
518
110
44
60
46
12
19
32
131
734
60
50
92
32
0
0
0
23
69
19
23
11
33
661
310
26
178
1066
56
102
111
13
124
121
35
363
2088
39
106
91
11
147
54
13
80
277
11
115
20
51
200
60
154
65
386
52
0
1
8
298
249
39
490
2186
51
355
88
15
72
56
100
920
3160
263
458
4000
3699
30472
6880
1217
1896
14825
582
1317
2759
263
298
146
50
1557
9521
95
577
848
50
88
19
0
559
2779
91
190
336
238
247
37
13
78
394
20
18
74
18
141
174
7
472
3355
31
173
65
20
161
44
13
314
1330
25
158
146
60
302
37
183
182
1524
91
0
0
0
111
96
16
359
2125
19
104
59
10
85
36
59
167
612
44
382
567
472
1325
280
26
78
346
16
26
238
11
83
64
3
257
1273
12
72
160
5
5
4
0
119
922
19
24
93
27
1813
266
59
598
4253
106
242
442
34
367
205
35
2015
18074
106
516
344
23
335
36
13
248
1071
16
121
29
81
667
77
82
195
1293
19
0
33
6
327
713
31
564
3620
38
181
55
10
178
214
25
141
615
25
356
409
367
830
100
88
182
1584
41
0
49
19
7
5
11
116
967
26
17
101
9
0
0
0
0
0
0
0
0
0
787
200
23
195
1563
56
68
134
12
154
85
8
735
6562
38
125
147
7
161
31
26
123
499
19
50
14
69
199
34
97
52
352
42
0
12
9
103
89
9
207
1021
19
76
35
12
65
41
79
312
1342
91
429
1040
995
13670
3386
215
1557
7196
178
871
979
51
166
73
8
490
1892
22
210
394
13
109
11
0
195
678
19
123
125
69
1086
67
13
257
1223
91
116
238
11
400
271
39
1525
9706
94
467
202
18
388
68
46
682
2191
38
284
190
104
524
17
20
116
812
23
0
0
0
134
66
21
380
1815
36
141
43
2
131
11
18
174
512
19
224
382
206
6219
1723
58
472
1715
67
594
420
39
448
205
18
1525
5358
66
571
744
42
123
11
0
546
1333
38
150
151
91
6374
408
105
2015
8913
390
1046
1679
65
1879
1041
209
10392
57524
520
2716
1188
66
1265
268
80
1306
3800
106
425
107
286
2031
97
116
735
2519
65
0
52
9
479
359
67
1101
3993
94
359
86
15
363
177
72
215
511
31
1203
471
522
3354
455
216
359
980
50
154
216
60
127
60
17
380
2031
46
159
140
12
0
0
0
98
752
26
46
56
51
1473
665
47
564
3834
102
242
367
38
235
89
33
1101
6341
66
324
302
11
171
20
8
114
459
12
57
19
63
800
183
134
207
1033
28
0
24
14
82
114
14
192
650
22
75
15
4
490
111
165
624
1460
95
1811
908
1100
7362
1227
575
559
3067
80
348
193
52
92
74
10
195
1424
28
84
172
11
48
8
0
156
962
42
259
131
149
579
51
1
119
1092
60
72
130
7
116
81
14
546
5434
65
134
161
7
81
12
21
150
782
19
52
50
51
0
0
0
0
0
0
0
0
0
22
38
3
98
1256
23
34
8
2
23
24
0
103
1349
91
209
150
391
2628
1778
167
314
2120
90
257
384
56
131
86
47
682
5449
102
268
687
72
54
12
0
150
908
56
62
109
205
820
68
53
248
1377
128
138
184
69
194
231
175
1306
12437
390
355
266
82
206
128
58
282
1520
106
135
106
345
327
32
29
123
464
60
0
7
3
46
84
47
114
894
91
49
16
22
80
44
19
39
190
20
248
255
528
2074
506
417
167
1066
70
207
143
110
56
65
37
174
2411
50
62
173
19
0
0
0
103
1356
41
286
81
279
404
343
71
141
1070
90
63
103
58
42
31
66
215
2014
67
53
102
37
45
19
8
39
227
16
32
16
125
1496
137
250
312
1593
80
0
57
83
264
338
140
624
3105
178
382
122
67
920
357
1355
922
4211
582
3014
4289
7062
15882
2669
1208
1317
10637
1355
6
380
100
83
35
92
871
4918
165
333
574
95
3
0
0
348
559
79
147
224
43
124
21
34
26
314
19
22
77
29
152
105
30
594
4740
72
192
135
32
88
68
13
257
957
25
113
98
114
0
0
0
0
0
0
0
0
0
113
106
21
154
898
18
72
20
4
44
45
0
207
291
59
58
118
160
585
112
35
18
150
8
22
94
13
9
1
7
116
405
8
18
48
6
6
1
0
72
529
26
14
56
34
968
131
28
242
1622
58
120
142
22
205
101
35
1046
8118
80
294
164
12
153
36
6
138
625
13
61
23
63
354
39
33
68
895
21
0
11
10
138
234
31
242
1578
46
79
31
10
102
131
13
63
285
13
147
177
270
0
0
0
0
0
0
0
0
0
0
0
0
0
0
0
0
0
0
0
0
0
0
0
0
0
0
0
0
0
0
0
0
0
0
0
0
0
0
0
0
0
0
0
0
0
0
0
0
0
0
0
0
0
0
0
0
0
0
0
0
0
0
0
0
0
0
0
0
0
0
0
0
0
0
0
0
0
0
0
0
0
8882
2135
319
577
2646
140
333
312
39
70
27
5
210
1005
14
112
221
12
31
3
0
84
600
9
79
87
59
489
39
12
72
562
47
18
97
9
164
152
21
571
4521
67
184
84
13
186
31
31
268
1403
31
108
220
173
200
1
9
17
335
3
0
0
0
69
43
4
159
831
21
41
16
2
50
8
21
62
240
16
105
180
255
2849
503
52
173
391
66
192
114
35
192
68
32
467
1553
33
184
161
22
43
8
0
134
443
8
54
38
88
2103
138
44
516
1502
175
294
238
81
545
244
98
2716
15216
209
614
288
45
381
44
35
355
1024
35
136
31
389
620
19
43
125
298
14
0
17
4
162
133
21
324
1302
39
111
25
45
106
28
30
53
182
7
330
214
653
2132
148
155
104
279
37
72
46
32
72
20
10
141
764
17
41
24
12
0
0
0
34
178
11
21
16
32
617
212
36
181
908
47
79
68
23
114
43
32
359
2004
18
111
73
4
82
5
7
49
122
3
20
3
58
555
55
64
76
197
10
0
6
4
34
32
5
75
185
8
20
6
4
355
33
92
382
739
50
1024
426
1906
2516
601
677
190
1397
250
147
253
154
20
27
64
123
1088
134
79
398
175
22
3
0
259
528
97
246
208
186
87
14
18
24
283
29
14
45
40
40
56
43
150
1394
116
54
75
57
25
60
33
62
566
82
45
129
267
0
0
0
0
0
0
0
0
0
25
25
9
46
495
20
21
3
7
23
15
0
286
746
183
246
195
305
1721
850
83
158
714
71
113
149
26
67
30
36
284
1906
47
108
250
49
34
2
0
52
458
23
45
58
99
389
62
28
121
441
53
61
57
30
104
94
44
425
3467
105
136
67
19
121
30
28
135
795
59
56
48
259
286
12
18
50
211
1
0
6
3
54
52
12
57
277
13
20
3
5
115
17
34
32
91
13
197
86
266
1641
506
602
382
1550
417
58
143
132
39
40
155
224
1273
216
105
235
158
0
0
0
209
554
88
246
123
219
1845
509
83
356
1793
167
147
237
42
445
270
52
1203
7301
58
330
194
15
472
107
35
248
602
26
197
36
140
828
400
677
429
2036
575
0
16
76
889
939
319
1811
8508
215
1024
326
74
458
515
1208
3014
12897
1217
4228
19481
42579
105323
29240
19481
6880
34156
4289
2669
6880
4000
615
390
426
3386
15633
908
2135
3519
682
144
157
0
1227
6443
1040
601
751
4206
1363
219
86
280
3016
255
112
945
347
466
585
214
1723
11441
471
503
459
202
809
379
177
1778
5335
409
850
663
1279
293
135
195
100
1297
150
0
0
0
173
444
180
455
3668
382
148
112
171
124
367
118
506
3827
567
506
986
8687
984
219
36
37
235
16
21
114
20
30
16
3
67
233
19
39
73
8
5
0
0
51
320
14
14
51
42
757
222
48
266
2170
106
131
160
49
97
68
31
408
3072
107
138
173
19
153
27
23
68
326
29
62
8
94
634
144
129
200
841
50
0
85
24
542
1739
220
665
4590
190
212
209
29
310
486
98
343
1591
146
509
663
832
296
135
123
37
587
81
0
17
11
4
7
16
17
682
56
1
37
15
0
0
0
0
0
0
0
0
0
315
144
58
77
1099
109
39
11
55
19
213
38
97
1875
151
19
115
20
43
63
56
32
829
93
12
51
251
166
202
208
34
845
131
0
48
40
138
483
87
183
1205
125
55
113
42
60
230
224
137
1466
336
400
751
5602
3596
390
326
146
749
122
35
159
88
47
26
6
73
229
15
27
157
8
3
2
0
74
237
35
27
113
83
166
16
3
64
135
16
1
11
16
68
75
25
205
1388
86
68
13
27
70
26
31
86
885
55
30
209
145
10
7
3
5
127
8
0
0
0
42
42
16
60
379
43
20
34
12
19
30
20
65
305
59
40
112
643
2329
585
194
174
904
102
105
238
91
93
75
73
271
2554
302
152
680
113
22
31
0
81
899
147
56
115
304
968
68
67
205
1308
266
101
98
161
255
408
288
1041
14667
1188
244
166
183
205
283
164
231
3045
344
94
173
804
456
213
75
85
1283
161
0
2
23
66
231
84
89
2177
202
43
13
46
121
136
135
31
416
65
270
459
1371
1340
444
235
96
1090
173
106
59
92
29
42
24
66
1238
140
43
144
38
0
0
0
38
1343
101
25
37
295
1409
1739
250
713
7640
687
234
717
243
76
231
161
359
11001
744
133
680
143
89
387
48
84
2879
160
52
73
638
509
483
398
89
1475
172
0
72
61
148
974
221
114
3170
394
32
157
81
249
876
574
338
5647
848
939
3519
6883
711
157
16
19
413
57
0
44
1
1
2
6
11
143
24
3
72
7
0
0
0
8
260
12
3
48
23
10
0
6
4
45
7
1
2
6
6
31
17
11
521
52
8
2
11
5
36
11
12
601
33
2
85
59
0
0
0
0
0
0
0
0
0
0
0
0
0
0
0
0
0
0
0
0
0
0
0
0
0
0
0
1179
379
237
44
688
103
68
58
111
13
26
68
68
3644
367
31
717
169
5
36
0
12
194
134
60
11
402
227
27
57
36
1382
184
36
24
189
74
283
238
268
22157
1679
44
98
213
30
30
142
128
4892
442
30
160
1666
221
63
45
31
1329
130
0
2
25
10
387
97
20
1732
238
5
11
55
54
240
77
19
651
74
107
945
1898
223
367
143
36
688
143
45
38
60
2
30
46
11
1593
216
8
59
35
0
0
0
24
925
49
15
17
154
504
486
149
214
2908
384
131
58
257
19
136
114
177
4919
420
28
238
86
42
240
94
44
2401
238
17
114
761
92
230
253
41
1131
193
0
44
27
104
876
312
111
6870
979
33
159
215
56
590
380
357
15016
2759
515
6880
39428
90956
34156
12897
14825
63488
4211
10637
15016
3160
1382
749
739
7196
43178
1460
2646
5647
674
710
413
0
3067
14955
1342
1397
1466
5196
1415
235
91
346
6151
190
150
651
131
483
904
182
1715
21768
511
391
416
126
961
688
285
2120
10495
615
714
1591
1164
1826
587
746
1584
9697
1349
0
0
0
359
1090
240
980
10722
512
279
305
137
518
688
291
1066
4424
612
1550
3827
5932
9216
3016
602
394
6151
227
314
2401
277
237
135
122
1223
16486
459
562
2879
131
79
45
0
1092
9093
499
283
829
1110
9437
2170
795
4253
54252
1520
1622
4892
780
1236
1308
1024
8913
172821
3800
1502
3045
571
1366
1382
625
1377
19590
1071
441
326
3064
3667
1099
566
1563
17981
782
0
601
150
1567
7640
1403
3834
45018
2191
908
885
328
1066
2908
957
1070
10495
1330
1793
5335
7658
6450
1297
554
1524
9697
1356
0
925
69
104
127
178
812
11192
752
335
1343
136
0
0
0
0
0
0
0
0
0
4391
841
458
1293
17981
908
895
194
505
399
1283
443
2519
39903
1333
298
899
224
644
1329
529
464
9093
922
211
320
2637
1046
845
528
352
2902
962
0
260
68
467
1475
600
1033
7570
678
197
237
206
386
1131
559
1593
14955
2779
2036
6443
24157
45530
15633
8508
9521
43178
3105
4918
6870
2186
540
229
185
1892
14878
650
1005
3170
356
386
143
0
1424
7570
1021
1088
1205
2601
4557
233
277
1273
16486
894
405
1732
871
1561
2554
1302
5358
82822
3993
1553
2177
983
2258
3644
1578
5449
45018
3620
1906
4590
6316
2744
682
495
967
11192
1256
0
0
0
717
1238
831
2031
21376
1815
764
379
602
734
1593
898
2411
10722
2125
1273
3668
15475
31121
11441
7301
3355
21768
2014
4740
4919
2088
2151
1388
2004
9706
82822
6341
4521
11001
1946
806
521
0
5434
39903
6562
1394
1875
11074
33334
3072
3467
18074
172821
12437
8118
22157
7529
8893
14667
15216
57524
0
57524
15216
14667
8893
7529
22157
8118
12437
172821
18074
3467
3072
33334
11074
1875
1394
6562
39903
5434
0
521
806
1946
11001
4521
6341
82822
9706
2004
1388
2151
2088
4919
4740
2014
21768
3355
7301
11441
31121
15475
3668
1273
2125
10722
2411
898
1593
734
602
379
764
1815
21376
2031
831
1238
717
0
0
0
1256
11192
967
495
682
2744
6316
4590
1906
3620
45018
5449
1578
3644
2258
983
2177
1553
3993
82822
5358
1302
2554
1561
871
1732
405
894
16486
1273
277
233
4557
2601
1205
1088
1021
7570
1424
0
143
386
356
3170
1005
650
14878
1892
185
229
540
2186
6870
4918
3105
43178
9521
8508
15633
45530
24157
6443
2036
2779
14955
1593
559
1131
386
206
237
197
678
7570
1033
600
1475
467
68
260
0
962
2902
352
528
845
1046
2637
320
211
922
9093
464
529
1329
644
224
899
298
1333
39903
2519
443
1283
399
505
194
895
908
17981
1293
458
841
4391
0
0
0
0
0
0
0
0
0
136
1343
335
752
11192
812
178
127
104
69
925
0
1356
9697
1524
554
1297
6450
7658
5335
1793
1330
10495
1070
957
2908
1066
328
885
908
2191
45018
3834
1403
7640
1567
150
601
0
782
17981
1563
566
1099
3667
3064
326
441
1071
19590
1377
625
1382
1366
571
3045
1502
3800
172821
8913
1024
1308
1236
780
4892
1622
1520
54252
4253
795
2170
9437
1110
829
283
499
9093
1092
0
45
79
131
2879
562
459
16486
1223
122
135
237
277
2401
314
227
6151
394
602
3016
9216
5932
3827
1550
612
4424
1066
291
688
518
137
305
279
512
10722
980
240
1090
359
0
0
0
1349
9697
1584
746
587
1826
1164
1591
714
615
10495
2120
285
688
961
126
416
391
511
21768
1715
182
904
483
131
651
150
190
6151
346
91
235
1415
5196
1466
1397
1342
14955
3067
0
413
710
674
5647
2646
1460
43178
7196
739
749
1382
3160
15016
10637
4211
63488
14825
12897
34156
90956
39428
6880
515
2759
15016
357
380
590
56
215
159
33
979
6870
111
312
876
104
27
44
0
193
1131
41
253
230
92
761
114
17
238
2401
44
94
240
42
86
238
28
420
4919
177
114
136
19
257
58
131
384
2908
214
149
486
504
154
17
15
49
925
24
0
0
0
35
59
8
216
1593
11
46
30
2
60
38
45
143
688
36
143
367
223
1898
945
107
74
651
19
77
240
54
55
11
5
238
1732
20
97
387
10
25
2
0
130
1329
31
45
63
221
1666
160
30
442
4892
128
142
30
30
213
98
44
1679
22157
268
238
283
74
189
24
36
184
1382
36
57
27
227
402
11
60
134
194
12
0
36
5
169
717
31
367
3644
68
68
26
13
111
58
68
103
688
44
237
379
1179
0
0
0
0
0
0
0
0
0
0
0
0
0
0
0
0
0
0
0
0
0
0
0
0
0
0
0
59
85
2
33
601
12
11
36
5
11
2
8
52
521
11
17
31
6
6
2
1
7
45
4
6
0
10
23
48
3
12
260
8
0
0
0
7
72
3
24
143
11
6
2
1
1
44
0
57
413
19
16
157
711
6883
3519
939
848
5647
338
574
876
249
81
157
32
394
3170
114
221
974
148
61
72
0
172
1475
89
398
483
509
638
73
52
160
2879
84
48
387
89
143
680
133
744
11001
359
161
231
76
243
717
234
687
7640
713
250
1739
1409
295
37
25
101
1343
38
0
0
0
38
144
43
140
1238
66
24
42
29
92
59
106
173
1090
96
235
444
1340
1371
459
270
65
416
31
135
136
121
46
13
43
202
2177
89
84
231
66
23
2
0
161
1283
85
75
213
456
804
173
94
344
3045
231
164
283
205
183
166
244
1188
14667
1041
288
408
255
161
98
101
266
1308
205
67
68
968
304
115
56
147
899
81
0
31
22
113
680
152
302
2554
271
73
75
93
91
238
105
102
904
174
194
585
2329
643
112
40
59
305
65
20
30
19
12
34
20
43
379
60
16
42
42
0
0
0
8
127
5
3
7
10
145
209
30
55
885
86
31
26
70
27
13
68
86
1388
205
25
75
68
16
11
1
16
135
64
3
16
166
83
113
27
35
237
74
0
2
3
8
157
27
15
229
73
6
26
47
88
159
35
122
749
146
326
390
3596
5602
751
400
336
1466
137
224
230
60
42
113
55
125
1205
183
87
483
138
40
48
0
131
845
34
208
202
166
251
51
12
93
829
32
56
63
43
20
115
19
151
1875
97
38
213
19
55
11
39
109
1099
77
58
144
315
0
0
0
0
0
0
0
0
0
15
37
1
56
682
17
16
7
4
11
17
0
81
587
37
123
135
296
832
663
509
146
1591
343
98
486
310
29
209
212
190
4590
665
220
1739
542
24
85
0
50
841
200
129
144
634
94
8
62
29
326
68
23
27
153
19
173
138
107
3072
408
31
68
97
49
160
131
106
2170
266
48
222
757
42
51
14
14
320
51
0
0
5
8
73
39
19
233
67
3
16
30
20
114
21
16
235
37
36
219
984
8687
986
506
567
3827
506
118
367
124
171
112
148
382
3668
455
180
444
173
0
0
0
150
1297
100
195
135
293
1279
663
850
409
5335
1778
177
379
809
202
459
503
471
11441
1723
214
585
466
347
945
112
255
3016
280
86
219
1363
4206
751
601
1040
6443
1227
0
157
144
682
3519
2135
908
15633
3386
426
390
615
4000
6880
2669
4289
34156
6880
19481
29240
105323
42579
19481
4228
1217
12897
3014
1208
515
458
74
326
1024
215
8508
1811
319
939
889
76
16
0
575
2036
429
677
400
828
140
36
197
26
602
248
35
107
472
15
194
330
58
7301
1203
52
270
445
42
237
147
167
1793
356
83
509
1845
219
123
246
88
554
209
0
0
0
158
235
105
216
1273
224
155
40
39
132
143
58
417
1550
382
602
506
1641
266
86
197
13
91
32
34
17
115
5
3
20
13
277
57
12
52
54
3
6
0
1
211
50
18
12
286
259
48
56
59
795
135
28
30
121
19
67
136
105
3467
425
44
94
104
30
57
61
53
441
121
28
62
389
99
58
45
23
458
52
0
2
34
49
250
108
47
1906
284
36
30
67
26
149
113
71
714
158
83
850
1721
305
195
246
183
746
286
0
15
23
7
3
21
20
495
46
9
25
25
0
0
0
0
0
0
0
0
0
267
129
45
82
566
62
33
60
25
57
75
54
116
1394
150
43
56
40
40
45
14
29
283
24
18
14
87
186
208
246
97
528
259
0
3
22
175
398
79
134
1088
123
64
27
20
154
253
147
250
1397
190
677
601
2516
1906
426
1024
50
739
382
92
33
355
4
6
20
8
185
75
5
32
34
4
6
0
10
197
76
64
55
555
58
3
20
3
122
49
7
5
82
4
73
111
18
2004
359
32
43
114
23
68
79
47
908
181
36
212
617
32
16
21
11
178
34
0
0
0
12
24
41
17
764
141
10
20
72
32
46
72
37
279
104
155
148
2132
653
214
330
7
182
53
30
28
106
45
25
111
39
1302
324
21
133
162
4
17
0
14
298
125
43
19
620
389
31
136
35
1024
355
35
44
381
45
288
614
209
15216
2716
98
244
545
81
238
294
175
1502
516
44
138
2103
88
38
54
8
443
134
0
8
43
22
161
184
33
1553
467
32
68
192
35
114
192
66
391
173
52
503
2849
255
180
105
16
240
62
21
8
50
2
16
41
21
831
159
4
43
69
0
0
0
3
335
17
9
1
200
173
220
108
31
1403
268
31
31
186
13
84
184
67
4521
571
21
152
164
9
97
18
47
562
72
12
39
489
59
87
79
9
600
84
0
3
31
12
221
112
14
1005
210
5
27
70
39
312
333
140
2646
577
319
2135
8882
0
0
0
0
0
0
0
0
0
0
0
0
0
0
0
0
0
0
0
0
0
0
0
0
0
0
0
0
0
0
0
0
0
0
0
0
0
0
0
0
0
0
0
0
0
0
0
0
0
0
0
0
0
0
0
0
0
0
0
0
0
0
0
0
0
0
0
0
0
0
0
0
0
0
0
0
0
0
0
0
0
270
177
147
13
285
63
13
131
102
10
31
79
46
1578
242
31
234
138
10
11
0
21
895
68
33
39
354
63
23
61
13
625
138
6
36
153
12
164
294
80
8118
1046
35
101
205
22
142
120
58
1622
242
28
131
968
34
56
14
26
529
72
0
1
6
6
48
18
8
405
116
7
1
9
13
94
22
8
150
18
35
112
585
160
118
58
59
291
207
0
45
44
4
20
72
18
898
154
21
106
113
0
0
0
0
0
0
0
0
0
114
98
113
25
957
257
13
68
88
32
135
192
72
4740
594
30
105
152
29
77
22
19
314
26
34
21
124
43
224
147
79
559
348
0
0
3
95
574
333
165
4918
871
92
35
83
100
380
6
1355
10637
1317
1208
2669
15882
7062
4289
3014
582
4211
922
1355
357
920
67
122
382
178
3105
624
140
338
264
83
57
0
80
1593
312
250
137
1496
125
16
32
16
227
39
8
19
45
37
102
53
67
2014
215
66
31
42
58
103
63
90
1070
141
71
343
404
279
81
286
41
1356
103
0
0
0
19
173
62
50
2411
174
37
65
56
110
143
207
70
1066
167
417
506
2074
528
255
248
20
190
39
19
44
80
22
16
49
91
894
114
47
84
46
3
7
0
60
464
123
29
32
327
345
106
135
106
1520
282
58
128
206
82
266
355
390
12437
1306
175
231
194
69
184
138
128
1377
248
53
68
820
205
109
62
56
908
150
0
12
54
72
687
268
102
5449
682
47
86
131
56
384
257
90
2120
314
167
1778
2628
391
150
209
91
1349
103
0
24
23
2
8
34
23
1256
98
3
38
22
0
0
0
0
0
0
0
0
0
51
50
52
19
782
150
21
12
81
7
161
134
65
5434
546
14
81
116
7
130
72
60
1092
119
1
51
579
149
131
259
42
962
156
0
8
48
11
172
84
28
1424
195
10
74
92
52
193
348
80
3067
559
575
1227
7362
1100
908
1811
95
1460
624
165
111
490
4
15
75
22
650
192
14
114
82
14
24
0
28
1033
207
134
183
800
63
19
57
12
459
114
8
20
171
11
302
324
66
6341
1101
33
89
235
38
367
242
102
3834
564
47
665
1473
51
56
46
26
752
98
0
0
0
12
140
159
46
2031
380
17
60
127
60
216
154
50
980
359
216
455
3354
522
471
1203
31
511
215
72
177
363
15
86
359
94
3993
1101
67
359
479
9
52
0
65
2519
735
116
97
2031
286
107
425
106
3800
1306
80
268
1265
66
1188
2716
520
57524
10392
209
1041
1879
65
1679
1046
390
8913
2015
105
408
6374
91
151
150
38
1333
546
0
11
123
42
744
571
66
5358
1525
18
205
448
39
420
594
67
1715
472
58
1723
6219
206
382
224
19
512
174
18
11
131
2
43
141
36
1815
380
21
66
134
0
0
0
23
812
116
20
17
524
104
190
284
38
2191
682
46
68
388
18
202
467
94
9706
1525
39
271
400
11
238
116
91
1223
257
13
67
1086
69
125
123
19
678
195
0
11
109
13
394
210
22
1892
490
8
73
166
51
979
871
178
7196
1557
215
3386
13670
995
1040
429
91
1342
312
79
41
65
12
35
76
19
1021
207
9
89
103
9
12
0
42
352
52
97
34
199
69
14
50
19
499
123
26
31
161
7
147
125
38
6562
735
8
85
154
12
134
68
56
1563
195
23
200
787
0
0
0
0
0
0
0
0
0
9
101
17
26
967
116
11
5
7
19
49
0
41
1584
182
88
100
830
367
409
356
25
615
141
25
214
178
10
55
181
38
3620
564
31
713
327
6
33
0
19
1293
195
82
77
667
81
29
121
16
1071
248
13
36
335
23
344
516
106
18074
2015
35
205
367
34
442
242
106
4253
598
59
266
1813
27
93
24
19
922
119
0
4
5
5
160
72
12
1273
257
3
64
83
11
238
26
16
346
78
26
280
1325
472
567
382
44
612
167
59
36
85
10
59
104
19
2125
359
16
96
111
0
0
0
91
1524
182
183
37
302
60
146
158
25
1330
314
13
44
161
20
65
173
31
3355
472
7
174
141
18
74
18
20
394
78
13
37
247
238
336
190
91
2779
559
0
19
88
50
848
577
95
9521
1557
50
146
298
263
2759
1317
582
14825
1896
1217
6880
30472
3699
4000
458
263
3160
920
100
56
72
15
88
355
51
2186
490
39
249
298
8
1
0
52
386
65
154
60
200
51
20
115
11
277
80
13
54
147
11
91
106
39
2088
363
35
121
124
13
111
102
56
1066
178
26
310
661
33
11
23
19
69
23
0
0
0
32
92
50
60
734
131
32
19
12
46
60
44
110
518
85
132
124
632
188
347
472
18
131
45
29
42
147
1
16
82
11
871
171
9
89
99
7
6
0
7
644
161
40
43
696
77
49
121
34
780
206
22
30
284
15
161
381
65
7529
1265
81
205
344
8
189
153
69
1366
335
30
153
1176
29
55
25
12
505
81
0
5
34
20
243
186
38
2258
388
23
70
101
13
257
88
58
961
161
42
809
2539
0
0
0
0
0
0
0
0
0
0
0
0
0
0
0
0
0
0
0
0
0
0
0
0
0
0
0
14
24
34
6
150
54
10
5
34
3
23
43
9
806
123
4
22
42
7
25
6
3
79
5
3
5
55
13
40
22
9
68
48
0
0
0
6
61
31
14
386
109
4
3
7
8
27
3
83
710
88
76
144
1946
667
682
889
50
674
264
95
104
298
2
8
34
13
356
82
12
148
78
6
7
0
11
467
103
175
138
620
34
8
54
5
131
46
6
10
99
7
113
162
42
1946
479
22
66
121
20
169
138
72
1567
327
49
542
1000
45
15
25
9
136
22
0
0
0
0
38
69
12
717
134
12
42
76
32
35
113
19
359
111
158
173
1762
197
202
445
20
126
42
32
19
124
2
27
114
18
983
235
13
76
121
3
11
0
7
399
154
57
19
736
56
19
104
23
571
194
12
74
344
4
183
545
66
8893
1879
45
255
418
15
213
205
82
1236
367
19
97
1340
11
20
40
7
224
116
0
6
42
7
143
164
11
1561
400
4
68
133
11
86
152
37
483
141
15
466
2187
70
171
39
10
137
56
4
2
12
2
12
72
2
602
127
2
29
76
0
0
0
2
104
7
7
4
66
58
29
67
10
328
131
10
13
101
2
46
192
15
2151
448
45
93
133
1
55
9
22
237
83
5
30
298
15
42
20
12
206
92
0
1
7
2
81
70
4
540
166
4
47
90
15
215
83
67
1382
298
74
615
4430
3465
4206
828
238
5196
1496
43
92
200
15
83
555
69
2601
800
59
509
620
13
23
0
149
1046
199
186
166
690
186
42
286
27
1110
327
34
221
696
11
304
620
91
11074
2031
88
456
736
29
402
354
205
3667
667
99
634
3086
0
0
0
0
0
0
0
0
0
45
295
200
51
2744
524
32
10
66
33
154
0
279
1826
302
219
293
2845
1482
1279
1845
60
1164
404
114
504
661
58
145
617
104
6316
1473
173
1409
1000
14
59
0
51
4391
787
267
315
3086
450
94
389
81
3064
820
63
227
1176
56
804
2103
286
33334
6374
389
968
1340
77
1666
968
345
9437
1813
259
757
5678
186
251
87
69
2637
579
0
10
55
34
638
489
63
4557
1086
58
166
298
51
761
124
125
1415
247
140
1363
5953
3342
8687
1641
472
5932
2074
160
223
632
70
643
2132
206
15475
3354
255
1340
1762
0
0
0
391
6450
830
305
296
2845
1482
832
1721
367
7658
2628
270
1179
2539
197
1371
2849
522
31121
6219
653
2329
2187
188
1898
585
528
9216
1325
266
984
5953
3465
5602
2516
995
24157
7362
0
711
1946
667
6883
8882
1100
45530
13670
1906
3596
4430
3699
39428
15882
7062
90956
30472
42579
105323
412396
