1248306
283046
264793
71151
245338
77663
88292
126767
124888
9381
10027
7835
17383
104341
14913
20692
18338
6943
44343
13427
9146
45623
120048
29971
59798
60926
123910
10721
2517
3043
3561
20252
4274
2351
6220
4495
4096
4353
3305
10879
83986
8564
9235
6098
2189
11842
5180
1306
8386
32827
4562
8672
5962
9199
34310
10485
10724
6042
24357
8516
2995
2319
11954
8625
5379
2200
13802
61259
5526
15115
7207
1954
27065
6379
5599
24450
58917
14149
42564
57834
108088
10721
1983
2595
750
3997
1421
964
2027
2810
606
745
993
1098
8947
1439
1310
1328
1087
789
370
168
1308
5317
1019
1131
2077
3841
6104
1223
1993
1741
8754
2271
1100
2601
2829
2032
2346
2942
5553
40683
5792
4859
2952
1443
4973
2344
556
2784
11382
2118
3627
2567
4752
8282
1157
477
1270
4613
767
222
558
459
2367
935
540
2332
10332
1153
2795
1534
473
4852
1703
770
2238
7421
1369
6182
4473
9199
34310
9414
10313
3362
14846
6485
1279
1671
9188
718
691
789
1211
9929
1413
1196
1525
677
3120
871
1312
3487
4390
2852
5509
5524
15776
8282
1172
923
1930
9324
1466
1203
3157
984
2874
2043
1050
6698
42269
3620
5830
2881
695
7397
2880
657
4674
17553
2263
5208
3060
3841
22704
7367
8683
4335
17172
7092
1871
1958
9403
5538
2859
1409
9104
32367
3829
8576
4204
1193
21435
5811
5742
19542
56480
12879
38864
57511
123910
9381
1275
1194
539
2239
670
641
1425
1138
102
107
81
253
1604
237
236
305
122
351
179
73
543
2097
387
631
1044
1193
606
186
147
214
1030
228
102
413
251
213
253
93
606
5622
427
306
439
135
638
277
73
524
2563
241
493
412
473
718
200
97
175
692
163
27
63
133
411
133
41
538
2623
181
492
294
70
623
181
105
708
2586
366
815
1212
1954
4096
620
515
270
1624
378
312
825
448
213
212
111
304
2915
261
345
426
169
214
142
37
447
1829
280
378
783
695
2032
349
434
600
2806
545
409
1230
381
1132
971
625
3636
24851
2404
3723
1825
358
2935
948
294
1709
7088
1029
2091
1354
1443
2874
513
201
465
1908
277
115
192
167
1206
380
124
1010
5104
480
1198
619
135
2321
703
268
1088
3813
517
2946
1945
2189
8625
947
690
494
1942
441
348
309
315
411
136
55
326
2469
174
376
351
84
556
65
59
402
1376
237
491
865
677
2367
327
237
489
1753
280
338
987
238
1206
547
239
2783
15305
1202
2779
1041
169
2595
781
230
1625
5769
613
1697
959
1087
5538
785
767
736
2728
478
395
508
469
1080
374
127
1225
5433
496
1131
542
122
5006
1384
691
2168
7012
977
6590
5029
6943
44343
9566
7376
2892
10637
4570
720
1652
4238
351
375
516
853
5211
1003
865
1235
469
1644
282
284
4447
4380
2615
4952
5233
9403
789
213
212
268
1549
285
181
634
308
214
245
202
945
7166
644
580
648
167
635
321
74
758
3922
346
577
534
459
3120
923
780
563
846
978
178
143
984
556
373
197
718
1056
406
821
425
133
2125
465
204
3312
3195
1701
5571
8068
11954
11842
1442
800
638
2697
590
770
1437
663
638
363
142
867
5727
449
885
739
238
635
258
47
980
3593
444
723
1059
984
4973
796
580
1368
4582
917
935
2143
506
2935
1954
1021
7965
42132
3611
7555
2753
381
6600
2214
486
3771
12655
1572
4021
2040
2829
7397
1085
451
1269
3715
556
304
471
308
2595
868
389
2798
10649
981
2936
1253
251
5582
1506
567
2465
6898
982
6564
3681
4495
27065
5323
4182
2349
6317
3560
664
931
2552
623
414
326
889
5168
725
899
1118
315
2125
342
269
2741
3241
2005
3860
4680
9188
4852
1115
758
1489
7073
971
995
2663
663
2321
1914
851
5395
32237
2775
4431
2384
448
5582
2675
543
3920
14323
2013
3952
2288
2810
21435
4786
4324
3710
9864
4598
1244
1280
4238
5006
2606
1252
8278
36896
3652
7832
3968
1138
20074
4650
2191
22443
70766
14628
42636
86833
124888
71151
24070
22252
10336
52560
12728
6968
21602
14628
539
954
1052
2134
22968
2325
1300
2550
977
2892
2120
967
5324
27029
5434
5371
9769
12879
750
491
692
864
7461
1217
270
1483
982
270
739
621
1816
25539
1891
596
1365
517
638
841
199
1047
10038
975
717
1048
1369
3362
2910
1746
2234
14128
2592
290
638
1701
494
698
339
1483
16890
1002
768
1167
366
2349
1497
878
4437
21037
3828
4457
8595
14149
3561
1574
1832
864
7509
1554
505
2169
2013
214
555
565
813
11075
1075
402
851
613
268
301
80
591
5037
777
466
1183
2263
1741
838
1131
1064
10293
1667
368
1859
1572
600
1753
1387
2971
55343
3455
1691
2258
1029
1368
1501
359
1379
9410
1148
1430
1316
2118
1930
992
346
656
7775
624
112
326
346
489
546
281
908
9225
622
795
844
241
1489
1454
512
1244
6009
975
1927
2448
4562
6042
3315
3045
2234
12705
3316
280
796
2005
175
333
270
661
7952
655
322
969
237
563
379
276
3092
3649
1330
1203
2059
2852
1270
495
413
656
13926
902
212
1236
444
465
906
318
1732
40362
1396
1007
1334
280
1269
887
221
1286
7813
777
1197
985
1019
4335
3985
2554
2252
15429
3130
387
1059
2615
736
842
386
1882
17425
1328
1328
1321
387
3710
2787
1841
5812
29930
5434
7867
15766
29971
17383
5035
4443
2134
15381
2694
1558
4662
3652
253
451
447
788
9733
985
334
825
496
853
718
301
1295
8075
1328
1370
2608
3829
1098
543
629
813
6571
983
200
1073
981
304
818
709
1486
25480
1706
503
898
480
867
807
211
894
6644
622
664
868
1153
1211
758
364
661
3645
529
58
196
406
326
377
160
691
8045
440
490
526
181
889
555
267
1442
8131
1002
1327
2787
5526
10879
3718
3340
1816
15398
2259
1455
4772
2775
606
991
1009
1486
21813
1762
1127
1765
1202
945
796
221
1646
10935
1396
1327
3208
3620
5553
2142
2861
2971
23392
3737
1539
4619
3611
3636
4771
4481
13366
135962
11290
9712
5757
2404
7965
4223
1048
5496
24714
3455
5453
3794
5792
6698
2434
750
1732
11945
1366
244
745
644
2783
1292
521
2821
20074
1706
2512
1543
427
5395
3210
920
3272
13081
1891
6770
5866
8564
13802
2678
1288
1483
10440
1582
518
798
725
538
456
190
691
9709
524
572
844
174
718
250
85
810
3663
655
852
1740
1413
2332
808
536
908
6541
755
482
1913
449
1010
1004
423
2821
28004
1762
2116
1536
261
2798
1338
278
2250
9239
1075
2190
1308
1439
9104
2619
1366
1882
9235
1397
666
1262
1003
1225
752
305
1998
11115
985
1469
792
237
8278
3682
1265
4050
16681
2325
12215
11287
14913
45623
12519
7843
5324
34274
6483
2981
3700
4598
543
767
507
1295
17945
1397
710
1452
478
4447
1409
799
3326
14832
3130
5141
6519
7092
1308
562
434
591
6217
692
285
1232
556
447
734
268
1646
32359
1366
628
1287
277
980
804
122
1059
10759
624
769
971
767
3487
1726
1429
3092
4238
1268
438
522
978
402
448
137
810
8111
529
609
616
163
2741
1057
547
3446
13566
2592
4592
6138
8516
8386
2575
1418
1047
7639
1095
988
2565
971
524
687
302
894
11928
755
639
967
280
758
519
101
1059
7049
902
782
1571
1466
2784
1113
1005
1379
10371
1352
804
2833
917
1709
2327
1214
5496
63904
3737
4015
3288
545
3771
2136
364
2870
15219
1667
2852
1962
2271
4674
1396
410
1286
5752
692
180
481
285
1625
905
293
2250
13673
983
1799
1254
228
3920
1883
607
2417
8614
1217
4991
3601
4274
24450
8188
5782
4437
30029
7332
1845
2607
3560
708
982
411
1442
24509
1582
1047
1727
441
3312
1027
665
3446
17539
3316
4264
5714
6485
2238
1080
753
1244
9560
1095
546
2226
590
1088
1527
587
3272
37783
2259
2052
2093
378
2465
1752
319
2417
12846
1554
1886
1507
1421
19542
8330
6490
5812
29072
6483
1909
3151
4570
2168
2099
1050
4050
31469
2694
2771
2318
670
22443
16092
7178
14076
71460
12728
41554
52147
77663
88292
18832
7809
6968
25191
7178
332
1435
2191
641
668
871
1558
10577
1265
1213
1906
691
720
49
22
2981
3085
1841
3302
3894
5742
964
365
421
505
2637
607
184
861
567
312
377
392
1455
13311
920
698
928
268
770
455
182
988
5627
512
753
775
770
1279
548
419
280
0
547
0
0
204
348
272
159
518
1181
267
547
253
105
664
160
0
1845
1696
878
2266
3663
5599
2351
608
563
270
1298
319
184
505
543
102
192
211
200
1993
278
167
223
230
181
122
21
285
1202
221
262
431
657
1100
283
311
368
1816
364
136
579
486
409
396
475
1539
15824
1048
1169
783
294
935
342
178
804
3779
359
946
507
556
1203
242
123
212
944
122
88
136
74
338
189
95
482
3130
211
497
259
73
995
335
182
546
2028
199
1105
730
1306
2995
1006
746
290
284
665
0
54
269
27
32
80
58
0
85
114
138
59
178
0
0
438
0
276
471
670
1312
222
41
54
112
503
101
88
170
47
115
107
93
244
0
221
257
110
37
304
192
21
180
388
80
161
89
168
1871
631
606
387
358
799
0
0
284
395
289
163
666
1396
301
670
235
73
1244
316
22
1909
2783
967
3616
6689
9146
20692
2688
1581
1300
5469
1050
1213
1985
1252
236
208
141
334
2703
305
224
313
127
865
374
163
710
3055
386
946
1176
1409
1310
309
254
402
2240
293
167
445
389
345
318
169
1127
12014
521
549
502
124
885
322
95
639
3216
281
641
436
540
1196
364
229
322
1210
137
114
168
197
376
141
48
572
3397
160
395
230
41
899
266
159
1047
3342
339
1005
1342
2200
9235
1482
988
596
2671
587
698
1050
851
306
307
392
503
3976
423
549
476
239
580
308
93
628
2452
318
629
904
1050
4859
858
1234
1691
5536
1214
1169
1481
1021
3723
2347
2354
9712
50633
4481
7748
2616
625
7555
2063
475
4015
12030
1387
4073
1667
2942
5830
693
293
1007
2432
268
257
309
202
2779
527
169
2116
8112
709
1996
680
93
4431
1080
392
2052
5327
621
4973
2371
3305
15115
1228
893
768
2602
411
547
361
326
492
171
20
490
2552
190
395
245
55
821
159
80
609
1754
270
715
945
789
2795
409
318
795
2175
302
497
698
142
1198
619
392
2512
12348
1009
1996
842
111
2936
884
211
1799
5111
565
1734
677
993
8576
995
1012
1328
3460
507
670
737
516
1131
334
141
1469
5317
447
1002
407
81
7832
1789
871
2771
7380
1052
9583
6078
7835
59798
13967
11484
5371
17914
6490
3302
3207
4324
631
618
1012
1370
7956
1366
946
1470
767
4952
785
606
5141
9664
2554
6358
6392
8683
1131
312
335
466
2041
410
262
809
451
378
333
293
1327
11012
750
629
864
201
723
400
123
782
4476
346
501
523
477
5509
1489
1612
1203
2076
1429
471
479
780
491
400
229
852
4130
364
715
494
97
3860
779
419
4264
6900
1746
6420
8752
10724
8672
1810
1016
717
3637
753
753
1282
758
493
533
318
664
5875
536
641
596
237
577
252
54
769
3620
413
501
816
923
3627
879
762
1430
5490
1005
946
1813
580
2091
1690
1234
5453
36595
2861
4073
2181
434
4021
1736
311
2852
10554
1131
2650
1416
1993
5208
948
335
1197
3384
434
161
358
212
1697
675
254
2190
8669
629
1734
874
147
3952
1212
421
1886
4988
692
4337
2460
3043
42564
9968
8888
4457
13646
5782
2266
2341
4182
815
729
893
1327
8296
1288
1005
1482
690
5571
937
746
4592
9936
3045
6420
6665
10313
6182
1585
1016
1927
9830
1418
1105
2447
800
2946
2248
988
6770
48142
3340
4973
2627
515
6564
2571
563
4991
16762
1832
4337
2169
2595
38864
10629
11484
7867
22342
7843
3616
4263
7376
6590
3705
1581
12215
65846
4443
9583
5078
1194
42636
11618
7809
41554
136122
22252
72208
138755
264793
283046
129252
138755
24070
157828
52147
18832
36650
86833
1275
4012
6078
5035
69638
11287
2688
4812
5029
9566
7298
6689
12519
62054
15766
13967
17864
57511
1983
1521
2460
1574
14859
3601
608
2573
3681
620
2101
2371
3718
55073
5866
1482
2829
1945
1442
2226
730
2575
15612
2448
1810
2559
4473
9414
9161
8752
3315
20520
6138
1006
1595
8068
947
1924
1342
2678
27508
2787
1228
2073
1212
5323
3734
3663
8188
39678
8595
9968
13224
57834
2517
1521
2169
491
4030
1507
365
1460
2288
186
570
677
543
7707
1308
309
932
959
213
281
89
562
4182
985
312
1409
3060
1223
764
1416
838
8903
1962
283
2031
2040
349
1523
1667
2142
30132
3794
858
2295
1354
796
1534
507
1113
8090
1316
879
1518
2567
1172
921
523
495
4733
971
41
352
534
327
624
436
808
8067
868
409
972
412
1115
1753
775
1080
5977
1048
1585
2559
5962
10485
9161
6665
2910
16209
5714
548
1433
4680
200
1045
945
758
11776
1740
364
878
865
923
697
670
1726
5965
2059
1489
2310
5524
1157
921
816
992
11062
1571
242
1544
1059
513
1803
904
2434
43791
3208
693
1658
783
1085
1535
431
1396
10335
1183
948
1409
2077
7367
7780
6392
3985
22132
6519
631
1681
5233
785
2097
1176
2619
25164
2608
995
1602
1044
4786
4690
3894
8330
41627
9769
10629
17864
60926
10027
4012
5078
954
7426
2318
668
2182
3968
107
250
407
451
4519
792
208
488
542
375
457
235
767
4506
1321
618
1602
4204
745
570
874
555
5450
1254
192
902
1253
212
811
680
991
17296
1543
307
882
619
363
1100
259
687
5315
844
533
972
1534
691
1045
494
333
2186
616
32
133
425
136
352
230
456
5520
526
171
466
294
414
443
253
982
6701
1167
729
2073
7207
4353
2101
2627
739
7131
2093
377
1873
2384
253
811
842
818
15002
1536
318
1100
1041
245
368
110
734
6587
1334
333
1658
2881
2346
1523
2181
1753
22265
3288
396
2700
2753
971
3788
2616
4771
108289
5757
2347
3582
1825
1954
3722
783
2327
17562
2258
1690
2295
2952
2043
1803
864
906
8516
1287
107
616
648
547
1325
502
1004
12473
898
619
882
439
1914
3297
928
1527
11119
1365
2248
2829
6098
5379
1924
1482
698
6986
1727
272
597
1118
133
352
245
377
8053
844
141
460
351
373
191
138
448
3224
969
400
878
1525
935
624
596
546
7874
967
189
1205
739
380
1325
476
1292
29220
1765
527
1100
426
868
1336
223
905
6640
851
675
932
1328
2859
2097
1470
842
7449
1452
289
739
1235
374
836
313
752
7477
825
334
488
305
2606
3522
1906
2099
13462
2550
3705
4812
18338
13427
7298
4263
2120
6153
3151
49
533
1280
179
457
737
718
4412
1262
374
739
508
282
0
0
1409
1118
1059
785
1681
1958
370
281
358
301
1841
481
122
644
471
142
368
309
796
5019
745
308
616
192
258
506
136
519
3049
326
252
352
558
871
697
479
379
0
522
0
0
143
65
191
168
250
0
196
159
133
63
342
85
0
1027
829
638
937
1595
2319
5180
2226
2447
841
8465
2226
455
1794
2663
277
1100
698
807
19428
1913
322
1205
987
321
506
170
804
8464
1236
400
1544
3157
2344
1534
1813
1501
20487
2833
342
2322
2143
948
3722
1481
4223
114405
4619
2063
2700
1230
2214
4192
579
2136
17397
1859
1736
2031
2601
2880
1535
809
887
7061
1232
192
644
634
781
1336
445
1338
14172
1073
884
902
413
2675
2357
861
1752
9951
1483
2571
2573
6220
6379
3734
2341
1497
5192
2607
160
368
931
181
443
361
555
4627
798
266
597
309
465
85
54
1057
1245
796
779
1433
1671
1703
1753
1282
1454
19369
2565
335
1794
1437
703
3297
1050
3210
63298
4772
1080
1873
825
1506
2357
505
1883
14297
2169
1212
1460
2027
5811
4690
3207
2787
8396
3700
316
533
1652
1384
3522
1985
3682
36887
4662
1789
2182
1425
4650
3372
1435
16092
84950
21602
11618
36650
126767
245338
157828
136122
52560
326658
71460
25191
84950
70766
2239
7426
7380
15381
192382
16681
5469
13462
7012
10637
6153
2783
34274
204103
29930
17914
41627
56480
3997
4030
4988
7509
68304
8614
1298
9951
6898
1624
7131
5327
15398
309337
13081
2671
11119
3813
2697
8465
2028
7639
92547
6009
3637
5977
7421
14846
16209
6900
12705
58474
13566
284
829
3195
1942
6986
3342
10440
197887
8131
2602
6701
2586
6317
5192
1696
30029
160026
21037
13646
39678
58917
20252
14859
16762
7461
68304
12846
2637
14297
14323
1030
5450
5111
6571
111967
9239
2240
6640
5769
1549
1841
388
6217
65236
7813
2041
10335
17553
8754
8903
10554
10293
141190
15219
1816
17397
12655
2806
22265
12030
23392
965243
24714
5536
17562
7088
4582
20487
3779
10371
120658
9410
5490
8090
11382
9324
11062
4476
13926
105663
10759
503
3049
3922
1753
7874
3216
6541
212689
6644
2175
5315
2563
7073
19369
5627
9560
92547
10038
9830
15612
32827
24357
20520
9936
14128
58474
17539
0
1245
3241
692
2186
1754
3645
38654
3663
1210
3224
1376
846
0
0
4238
0
3649
2076
5965
4390
4613
4733
3620
7775
105663
7049
944
8464
3593
1908
8516
2452
11945
373740
10935
2432
6587
1829
3715
7061
1202
5752
65236
5037
3384
4182
5317
17172
22132
9664
15429
71926
14832
358
1118
4380
2728
7449
3055
9235
152238
8075
3460
4506
2097
9864
8396
3085
29072
204103
27029
22342
62054
120048
104341
69638
65846
22968
192382
31469
10577
36887
36896
1604
4519
5317
9733
107314
11115
2703
7477
5433
5211
4412
1396
17945
152238
17425
7956
25164
32367
8947
7707
8669
11075
111967
13673
1993
14172
10649
2915
15002
8112
21813
739924
20074
3976
12473
5104
5727
19428
3130
11928
212689
9225
5875
8067
10332
9929
11776
4130
7952
38654
8111
0
0
1056
2469
8053
3397
9709
262742
8045
2552
5520
2623
5168
4627
1181
24509
197887
16890
8296
27508
61259
83986
55073
48142
25539
309337
37783
13311
63298
32237
5622
17296
12348
25480
739924
28004
12014
29220
15305
7166
5019
0
32359
373740
40362
11012
43791
42269
40683
30132
36595
55343
965243
63904
15824
114405
42132
24851
108289
50633
135962
8
135962
50633
108289
24851
42132
114405
15824
63904
965243
55343
36595
30132
40683
42269
43791
11012
40362
373740
32359
0
5019
7166
15305
29220
12014
28004
739924
25480
12348
17296
5622
32237
63298
13311
37783
309337
25539
48142
55073
83986
61259
27508
8296
16890
197887
24509
1181
4627
5168
2623
5520
2552
8045
262742
9709
3397
8053
2469
1056
0
0
8111
38654
7952
4130
11776
9929
10332
8067
5875
9225
212689
11928
3130
19428
5727
5104
12473
3976
20074
739924
21813
8112
15002
2915
10649
14172
1993
13673
111967
11075
8669
7707
8947
32367
25164
7956
17425
152238
17945
1396
4412
5211
5433
7477
2703
11115
107314
9733
5317
4519
1604
36896
36887
10577
31469
192382
22968
65846
69638
104341
120048
62054
22342
27029
204103
29072
3085
8396
9864
2097
4506
3460
8075
152238
9235
3055
7449
2728
4380
1118
358
14832
71926
15429
9664
22132
17172
5317
4182
3384
5037
65236
5752
1202
7061
3715
1829
6587
2432
10935
373740
11945
2452
8516
1908
3593
8464
944
7049
105663
7775
3620
4733
4613
4390
5965
2076
3649
0
4238
0
0
846
1376
3224
1210
3663
38654
3645
1754
2186
692
3241
1245
0
17539
58474
14128
9936
20520
24357
32827
15612
9830
10038
92547
9560
5627
19369
7073
2563
5315
2175
6644
212689
6541
3216
7874
1753
3922
3049
503
10759
105663
13926
4476
11062
9324
11382
8090
5490
9410
120658
10371
3779
20487
4582
7088
17562
5536
24714
965243
23392
12030
22265
2806
12655
17397
1816
15219
141190
10293
10554
8903
8754
17553
10335
2041
7813
65236
6217
388
1841
1549
5769
6640
2240
9239
111967
6571
5111
5450
1030
14323
14297
2637
12846
68304
7461
16762
14859
20252
58917
39678
13646
21037
160026
30029
1696
5192
6317
2586
6701
2602
8131
197887
10440
3342
6986
1942
3195
829
284
13566
58474
12705
6900
16209
14846
7421
5977
3637
6009
92547
7639
2028
8465
2697
3813
11119
2671
13081
309337
15398
5327
7131
1624
6898
9951
1298
8614
68304
7509
4988
4030
3997
56480
41627
17914
29930
204103
34274
2783
6153
10637
7012
13462
5469
16681
192382
15381
7380
7426
2239
70766
84950
25191
71460
326658
52560
136122
157828
245338
126767
36650
11618
21602
84950
16092
1435
3372
4650
1425
2182
1789
4662
36887
3682
1985
3522
1384
1652
533
316
3700
8396
2787
3207
4690
5811
2027
1460
1212
2169
14297
1883
505
2357
1506
825
1873
1080
4772
63298
3210
1050
3297
703
1437
1794
335
2565
19369
1454
1282
1753
1703
1671
1433
779
796
1245
1057
54
85
465
309
597
266
798
4627
555
361
443
181
931
368
160
2607
5192
1497
2341
3734
6379
6220
2573
2571
1483
9951
1752
861
2357
2675
413
902
884
1073
14172
1338
445
1336
781
634
644
192
1232
7061
887
809
1535
2880
2601
2031
1736
1859
17397
2136
579
4192
2214
1230
2700
2063
4619
114405
4223
1481
3722
948
2143
2322
342
2833
20487
1501
1813
1534
2344
3157
1544
400
1236
8464
804
170
506
321
987
1205
322
1913
19428
807
698
1100
277
2663
1794
455
2226
8465
841
2447
2226
5180
2319
1595
937
638
829
1027
0
85
342
63
133
159
196
0
250
168
191
65
143
0
0
522
0
379
479
697
871
558
352
252
326
3049
519
136
506
258
192
616
308
745
5019
796
309
368
142
471
644
122
481
1841
301
358
281
370
1958
1681
785
1059
1118
1409
0
0
282
508
739
374
1262
4412
718
737
457
179
1280
533
49
3151
6153
2120
4263
7298
13427
18338
4812
3705
2550
13462
2099
1906
3522
2606
305
488
334
825
7477
752
313
836
374
1235
739
289
1452
7449
842
1470
2097
2859
1328
932
675
851
6640
905
223
1336
868
426
1100
527
1765
29220
1292
476
1325
380
739
1205
189
967
7874
546
596
624
935
1525
878
400
969
3224
448
138
191
373
351
460
141
844
8053
377
245
352
133
1118
597
272
1727
6986
698
1482
1924
5379
6098
2829
2248
1365
11119
1527
928
3297
1914
439
882
619
898
12473
1004
502
1325
547
648
616
107
1287
8516
906
864
1803
2043
2952
2295
1690
2258
17562
2327
783
3722
1954
1825
3582
2347
5757
108289
4771
2616
3788
971
2753
2700
396
3288
22265
1753
2181
1523
2346
2881
1658
333
1334
6587
734
110
368
245
1041
1100
318
1536
15002
818
842
811
253
2384
1873
377
2093
7131
739
2627
2101
4353
7207
2073
729
1167
6701
982
253
443
414
294
466
171
526
5520
456
230
352
136
425
133
32
616
2186
333
494
1045
691
1534
972
533
844
5315
687
259
1100
363
619
882
307
1543
17296
991
680
811
212
1253
902
192
1254
5450
555
874
570
745
4204
1602
618
1321
4506
767
235
457
375
542
488
208
792
4519
451
407
250
107
3968
2182
668
2318
7426
954
5078
4012
10027
60926
17864
10629
9769
41627
8330
3894
4690
4786
1044
1602
995
2608
25164
2619
1176
2097
785
5233
1681
631
6519
22132
3985
6392
7780
7367
2077
1409
948
1183
10335
1396
431
1535
1085
783
1658
693
3208
43791
2434
904
1803
513
1059
1544
242
1571
11062
992
816
921
1157
5524
2310
1489
2059
5965
1726
670
697
923
865
878
364
1740
11776
758
945
1045
200
4680
1433
548
5714
16209
2910
6665
9161
10485
5962
2559
1585
1048
5977
1080
775
1753
1115
412
972
409
868
8067
808
436
624
327
534
352
41
971
4733
495
523
921
1172
2567
1518
879
1316
8090
1113
507
1534
796
1354
2295
858
3794
30132
2142
1667
1523
349
2040
2031
283
1962
8903
838
1416
764
1223
3060
1409
312
985
4182
562
89
281
213
959
932
309
1308
7707
543
677
570
186
2288
1460
365
1507
4030
491
2169
1521
2517
57834
13224
9968
8595
39678
8188
3663
3734
5323
1212
2073
1228
2787
27508
2678
1342
1924
947
8068
1595
1006
6138
20520
3315
8752
9161
9414
4473
2559
1810
2448
15612
2575
730
2226
1442
1945
2829
1482
5866
55073
3718
2371
2101
620
3681
2573
608
3601
14859
1574
2460
1521
1983
57511
17864
13967
15766
62054
12519
6689
7298
9566
5029
4812
2688
11287
69638
5035
6078
4012
1275
86833
36650
18832
52147
157828
24070
138755
129252
283046
264793
138755
72208
22252
136122
41554
7809
11618
42636
1194
5078
9583
4443
65846
12215
1581
3705
6590
7376
4263
3616
7843
22342
7867
11484
10629
38864
2595
2169
4337
1832
16762
4991
563
2571
6564
515
2627
4973
3340
48142
6770
988
2248
2946
800
2447
1105
1418
9830
1927
1016
1585
6182
10313
6665
6420
3045
9936
4592
746
937
5571
690
1482
1005
1288
8296
1327
893
729
815
4182
2341
2266
5782
13646
4457
8888
9968
42564
3043
2460
4337
692
4988
1886
421
1212
3952
147
874
1734
629
8669
2190
254
675
1697
212
358
161
434
3384
1197
335
948
5208
1993
1416
2650
1131
10554
2852
311
1736
4021
434
2181
4073
2861
36595
5453
1234
1690
2091
580
1813
946
1005
5490
1430
762
879
3627
923
816
501
413
3620
769
54
252
577
237
596
641
536
5875
664
318
533
493
758
1282
753
753
3637
717
1016
1810
8672
10724
8752
6420
1746
6900
4264
419
779
3860
97
494
715
364
4130
852
229
400
491
780
479
471
1429
2076
1203
1612
1489
5509
477
523
501
346
4476
782
123
400
723
201
864
629
750
11012
1327
293
333
378
451
809
262
410
2041
466
335
312
1131
8683
6392
6358
2554
9664
5141
606
785
4952
767
1470
946
1366
7956
1370
1012
618
631
4324
3207
3302
6490
17914
5371
11484
13967
59798
7835
6078
9583
1052
7380
2771
871
1789
7832
81
407
1002
447
5317
1469
141
334
1131
516
737
670
507
3460
1328
1012
995
8576
993
677
1734
565
5111
1799
211
884
2936
111
842
1996
1009
12348
2512
392
619
1198
142
698
497
302
2175
795
318
409
2795
789
945
715
270
1754
609
80
159
821
55
245
395
190
2552
490
20
171
492
326
361
547
411
2602
768
893
1228
15115
3305
2371
4973
621
5327
2052
392
1080
4431
93
680
1996
709
8112
2116
169
527
2779
202
309
257
268
2432
1007
293
693
5830
2942
1667
4073
1387
12030
4015
475
2063
7555
625
2616
7748
4481
50633
9712
2354
2347
3723
1021
1481
1169
1214
5536
1691
1234
858
4859
1050
904
629
318
2452
628
93
308
580
239
476
549
423
3976
503
392
307
306
851
1050
698
587
2671
596
988
1482
9235
2200
1342
1005
339
3342
1047
159
266
899
41
230
395
160
3397
572
48
141
376
197
168
114
137
1210
322
229
364
1196
540
436
641
281
3216
639
95
322
885
124
502
549
521
12014
1127
169
318
345
389
445
167
293
2240
402
254
309
1310
1409
1176
946
386
3055
710
163
374
865
127
313
224
305
2703
334
141
208
236
1252
1985
1213
1050
5469
1300
1581
2688
20692
9146
6689
3616
967
2783
1909
22
316
1244
73
235
670
301
1396
666
163
289
395
284
0
0
799
358
387
606
631
1871
168
89
161
80
388
180
21
192
304
37
110
257
221
0
244
93
107
115
47
170
88
101
503
112
54
41
222
1312
670
471
276
0
438
0
0
178
59
138
114
85
0
58
80
32
27
269
54
0
665
284
290
746
1006
2995
1306
730
1105
199
2028
546
182
335
995
73
259
497
211
3130
482
95
189
338
74
136
88
122
944
212
123
242
1203
556
507
946
359
3779
804
178
342
935
294
783
1169
1048
15824
1539
475
396
409
486
579
136
364
1816
368
311
283
1100
657
431
262
221
1202
285
21
122
181
230
223
167
278
1993
200
211
192
102
543
505
184
319
1298
270
563
608
2351
5599
3663
2266
878
1696
1845
0
160
664
105
253
547
267
1181
518
159
272
348
204
0
0
547
0
280
419
548
1279
770
775
753
512
5627
988
182
455
770
268
928
698
920
13311
1455
392
377
312
567
861
184
607
2637
505
421
365
964
5742
3894
3302
1841
3085
2981
22
49
720
691
1906
1213
1265
10577
1558
871
668
641
2191
1435
332
7178
25191
6968
7809
18832
88292
77663
52147
41554
12728
71460
14076
7178
16092
22443
670
2318
2771
2694
31469
4050
1050
2099
2168
4570
3151
1909
6483
29072
5812
6490
8330
19542
1421
1507
1886
1554
12846
2417
319
1752
2465
378
2093
2052
2259
37783
3272
587
1527
1088
590
2226
546
1095
9560
1244
753
1080
2238
6485
5714
4264
3316
17539
3446
665
1027
3312
441
1727
1047
1582
24509
1442
411
982
708
3560
2607
1845
7332
30029
4437
5782
8188
24450
4274
3601
4991
1217
8614
2417
607
1883
3920
228
1254
1799
983
13673
2250
293
905
1625
285
481
180
692
5752
1286
410
1396
4674
2271
1962
2852
1667
15219
2870
364
2136
3771
545
3288
4015
3737
63904
5496
1214
2327
1709
917
2833
804
1352
10371
1379
1005
1113
2784
1466
1571
782
902
7049
1059
101
519
758
280
967
639
755
11928
894
302
687
524
971
2565
988
1095
7639
1047
1418
2575
8386
8516
6138
4592
2592
13566
3446
547
1057
2741
163
616
609
529
8111
810
137
448
402
978
522
438
1268
4238
3092
1429
1726
3487
767
971
769
624
10759
1059
122
804
980
277
1287
628
1366
32359
1646
268
734
447
556
1232
285
692
6217
591
434
562
1308
7092
6519
5141
3130
14832
3326
799
1409
4447
478
1452
710
1397
17945
1295
507
767
543
4598
3700
2981
6483
34274
5324
7843
12519
45623
14913
11287
12215
2325
16681
4050
1265
3682
8278
237
792
1469
985
11115
1998
305
752
1225
1003
1262
666
1397
9235
1882
1366
2619
9104
1439
1308
2190
1075
9239
2250
278
1338
2798
261
1536
2116
1762
28004
2821
423
1004
1010
449
1913
482
755
6541
908
536
808
2332
1413
1740
852
655
3663
810
85
250
718
174
844
572
524
9709
691
190
456
538
725
798
518
1582
10440
1483
1288
2678
13802
8564
5866
6770
1891
13081
3272
920
3210
5395
427
1543
2512
1706
20074
2821
521
1292
2783
644
745
244
1366
11945
1732
750
2434
6698
5792
3794
5453
3455
24714
5496
1048
4223
7965
2404
5757
9712
11290
135962
13366
4481
4771
3636
3611
4619
1539
3737
23392
2971
2861
2142
5553
3620
3208
1327
1396
10935
1646
221
796
945
1202
1765
1127
1762
21813
1486
1009
991
606
2775
4772
1455
2259
15398
1816
3340
3718
10879
5526
2787
1327
1002
8131
1442
267
555
889
181
526
490
440
8045
691
160
377
326
406
196
58
529
3645
661
364
758
1211
1153
868
664
622
6644
894
211
807
867
480
898
503
1706
25480
1486
709
818
304
981
1073
200
983
6571
813
629
543
1098
3829
2608
1370
1328
8075
1295
301
718
853
496
825
334
985
9733
788
447
451
253
3652
4662
1558
2694
15381
2134
4443
5035
17383
29971
15766
7867
5434
29930
5812
1841
2787
3710
387
1321
1328
1328
17425
1882
386
842
736
2615
1059
387
3130
15429
2252
2554
3985
4335
1019
985
1197
777
7813
1286
221
887
1269
280
1334
1007
1396
40362
1732
318
906
465
444
1236
212
902
13926
656
413
495
1270
2852
2059
1203
1330
3649
3092
276
379
563
237
969
322
655
7952
661
270
333
175
2005
796
280
3316
12705
2234
3045
3315
6042
4562
2448
1927
975
6009
1244
512
1454
1489
241
844
795
622
9225
908
281
546
489
346
326
112
624
7775
656
346
992
1930
2118
1316
1430
1148
9410
1379
359
1501
1368
1029
2258
1691
3455
55343
2971
1387
1753
600
1572
1859
368
1667
10293
1064
1131
838
1741
2263
1183
466
777
5037
591
80
301
268
613
851
402
1075
11075
813
565
555
214
2013
2169
505
1554
7509
864
1832
1574
3561
14149
8595
4457
3828
21037
4437
878
1497
2349
366
1167
768
1002
16890
1483
339
698
494
1701
638
290
2592
14128
2234
1746
2910
3362
1369
1048
717
975
10038
1047
199
841
638
517
1365
596
1891
25539
1816
621
739
270
982
1483
270
1217
7461
864
692
491
750
12879
9769
5371
5434
27029
5324
967
2120
2892
977
2550
1300
2325
22968
2134
1052
954
539
14628
21602
6968
12728
52560
10336
22252
24070
71151
124888
86833
42636
14628
70766
22443
2191
4650
20074
1138
3968
7832
3652
36896
8278
1252
2606
5006
4238
1280
1244
4598
9864
3710
4324
4786
21435
2810
2288
3952
2013
14323
3920
543
2675
5582
448
2384
4431
2775
32237
5395
851
1914
2321
663
2663
995
971
7073
1489
758
1115
4852
9188
4680
3860
2005
3241
2741
269
342
2125
315
1118
899
725
5168
889
326
414
623
2552
931
664
3560
6317
2349
4182
5323
27065
4495
3681
6564
982
6898
2465
567
1506
5582
251
1253
2936
981
10649
2798
389
868
2595
308
471
304
556
3715
1269
451
1085
7397
2829
2040
4021
1572
12655
3771
486
2214
6600
381
2753
7555
3611
42132
7965
1021
1954
2935
506
2143
935
917
4582
1368
580
796
4973
984
1059
723
444
3593
980
47
258
635
238
739
885
449
5727
867
142
363
638
663
1437
770
590
2697
638
800
1442
11842
11954
8068
5571
1701
3195
3312
204
465
2125
133
425
821
406
1056
718
197
373
556
984
143
178
978
846
563
780
923
3120
459
534
577
346
3922
758
74
321
635
167
648
580
644
7166
945
202
245
214
308
634
181
285
1549
268
212
213
789
9403
5233
4952
2615
4380
4447
284
282
1644
469
1235
865
1003
5211
853
516
375
351
4238
1652
720
4570
10637
2892
7376
9566
44343
6943
5029
6590
977
7012
2168
691
1384
5006
122
542
1131
496
5433
1225
127
374
1080
469
508
395
478
2728
736
767
785
5538
1087
959
1697
613
5769
1625
230
781
2595
169
1041
2779
1202
15305
2783
239
547
1206
238
987
338
280
1753
489
237
327
2367
677
865
491
237
1376
402
59
65
556
84
351
376
174
2469
326
55
136
411
315
309
348
441
1942
494
690
947
8625
2189
1945
2946
517
3813
1088
268
703
2321
135
619
1198
480
5104
1010
124
380
1206
167
192
115
277
1908
465
201
513
2874
1443
1354
2091
1029
7088
1709
294
948
2935
358
1825
3723
2404
24851
3636
625
971
1132
381
1230
409
545
2806
600
434
349
2032
695
783
378
280
1829
447
37
142
214
169
426
345
261
2915
304
111
212
213
448
825
312
378
1624
270
515
620
4096
1954
1212
815
366
2586
708
105
181
623
70
294
492
181
2623
538
41
133
411
133
63
27
163
692
175
97
200
718
473
412
493
241
2563
524
73
277
638
135
439
306
427
5622
606
93
253
213
251
413
102
228
1030
214
147
186
606
1193
1044
631
387
2097
543
73
179
351
122
305
236
237
1604
253
81
107
102
1138
1425
641
670
2239
539
1194
1275
9381
123910
57511
38864
12879
56480
19542
5742
5811
21435
1193
4204
8576
3829
32367
9104
1409
2859
5538
9403
1958
1871
7092
17172
4335
8683
7367
22704
3841
3060
5208
2263
17553
4674
657
2880
7397
695
2881
5830
3620
42269
6698
1050
2043
2874
984
3157
1203
1466
9324
1930
923
1172
8282
15776
5524
5509
2852
4390
3487
1312
871
3120
677
1525
1196
1413
9929
1211
789
691
718
9188
1671
1279
6485
14846
3362
10313
9414
34310
9199
4473
6182
1369
7421
2238
770
1703
4852
473
1534
2795
1153
10332
2332
540
935
2367
459
558
222
767
4613
1270
477
1157
8282
4752
2567
3627
2118
11382
2784
556
2344
4973
1443
2952
4859
5792
40683
5553
2942
2346
2032
2829
2601
1100
2271
8754
1741
1993
1223
6104
3841
2077
1131
1019
5317
1308
168
370
789
1087
1328
1310
1439
8947
1098
993
745
606
2810
2027
964
1421
3997
750
2595
1983
10721
108088
57834
42564
14149
58917
24450
5599
6379
27065
1954
7207
15115
5526
61259
13802
2200
5379
8625
11954
2319
2995
8516
24357
6042
10724
10485
34310
9199
5962
8672
4562
32827
8386
1306
5180
11842
2189
6098
9235
8564
83986
10879
3305
4353
4096
4495
6220
2351
4274
20252
3561
3043
2517
10721
123910
60926
59798
29971
120048
45623
9146
13427
44343
6943
18338
20692
14913
104341
17383
7835
10027
9381
124888
126767
88292
77663
245338
71151
264793
283046
1248306
