225430
5576
57260
5696
1003
6780
55393
1487
17771
16099
743
9149
2256
725
4911
5564
478
6660
23730
283
15721
901
528
1437
7580
122
23819
5696
1003
6780
594
466
568
3644
1443
5311
312
87
189
514
607
399
207
27
322
681
61
807
44
51
29
476
63
472
55393
1487
17771
3644
1443
5311
34990
1294
11838
3814
116
2162
874
437
960
2184
146
1720
5185
29
2623
173
17
163
3992
49
4176
2438
158
798
566
182
319
2393
130
2571
472
50
173
232
167
441
79
10
129
691
23
606
166
27
105
610
9
623
566
182
319
210
138
192
160
121
1189
53
42
53
4
2
6
2
1
6
175
16
187
21
31
158
96
79
194
2393
130
2571
160
121
1189
1766
148
3946
726
57
874
22
36
463
89
23
217
391
13
618
34
30
171
171
12
1060
0
98
1074
83
367
1208
550
419
5122
355
28
199
270
0
1708
876
115
1852
366
36
206
145
34
294
756
40
4171
83
367
1208
8
174
190
37
1222
1581
60
110
198
0
0
162
121
271
87
45
22
166
6
45
62
87
52
648
550
419
5122
37
1222
1581
342
1234
10388
81
52
597
24
64
1090
80
212
1370
201
29
1193
39
166
195
459
97
7259
18120
184
2843
978
127
779
7325
319
1158
8783
388
825
8597
1726
1447
15064
283
3665
8955
65
1985
1633
87
115
14968
38
6502
1395
38
1001
102
534
274
1706
827
1216
249
262
59
711
819
129
1266
24
156
797
36
99
148
29
32
1628
30
345
11219
78
3254
615
171
1636
7642
234
2852
5151
139
1393
5605
1245
1083
16494
87
2410
4999
26
1235
807
27
104
16950
10
3682
1874
37
215
339
31
67
129
11
90
4871
656
365
3842
484
469
891
76
569
823
39
127
395
35
52
506
14
1275
306
17
34
116
93
144
8
34
123
631
108
83
2192
1628
1017
91
118
558
124
36
15
252
120
142
47
35
452
5083
38
1047
448
156
893
1075
140
1580
4363
325
1352
5553
2927
5384
3044
614
4434
1448
25
653
564
159
819
2819
95
3675
363
183
284
12
14
45
162
437
633
867
131
623
105
77
565
2353
638
1444
697
115
344
359
283
291
2600
83
5358
0
0
12
1
32
38
6
1294
892
101
5
396
0
406
267
733
910
531
8
50
70
111
313
66
231
209
969
105
23
1567
7
7
289
278
238
3679
84
357
1603
93
437
2559
197
533
5562
83
34
1290
73
112
488
912
108
8250
6990
100
711
155
11
10
9989
99
1102
3912
505
271
2233
11
32
9687
149
1119
10297
133
1818
1041
47
134
26221
162
6733
226
12
424
25
9
77
412
144
1873
74
30
7
199
13
1
336
45
60
526
88
108
119
245
38
3871
178
1088
167
77
202
10
101
9
16
79
492
2182
61
705
3474
1
6
9075
20
1152
5823
38
2276
1208
110
104
23203
121
3127
114
15
8
26
1
1
213
9
66
217
39
26
780
236
117
576
225
231
863
25
103
302
31
47
1151
23
732
16
1
4
63
16
12
25
9
32
51
11
2
1015
813
32
55
41
55
523
35
44
142
78
101
111
29
253
6
1
6
0
2
15
428
11
148
85
12
68
8
6
101
635
91
582
321
14
131
88
53
225
1942
49
1924
42
4
26
19
7
15
781
91
1630
353
53
139
346
30
144
2427
118
3295
1739
65
632
242
56
142
7019
163
11964
1
1
8
0
0
27
29
63
225
1
0
2
0
212
2
158
23
592
122
60
116
16
45
71
1754
685
1893
1428
36
658
192
138
1608
7115
320
6147
416
160
276
2408
2157
1962
19109
517
6677
1838
51
988
542
151
509
33685
593
28361
16099
743
9149
312
87
189
3814
116
2162
904
0
1114
23
0
390
346
0
310
1476
62
1986
16
5
22
437
4
1190
2256
725
4911
514
607
399
874
437
960
23
0
390
0
0
0
28
0
3
380
191
1992
7
63
12
67
0
340
5564
478
6660
207
27
322
2184
146
1720
346
0
310
28
0
3
176
0
198
494
24
798
7
1
6
258
38
1197
472
50
173
53
42
53
726
57
874
0
0
0
0
0
0
0
0
0
507
103
436
88
20
82
113
7
458
232
167
441
4
2
6
22
36
463
0
0
0
0
0
0
0
0
0
838
214
2007
32
353
857
42
98
750
79
10
129
2
1
6
89
23
217
0
0
0
0
0
0
0
0
0
38
24
259
2
13
147
42
126
1322
355
28
199
60
110
198
81
52
597
0
0
0
1
0
39
0
0
95
2
0
7
6
6
35
33
36
465
270
0
1708
0
0
162
24
64
1090
1
0
39
0
0
0
4
0
10
5
0
199
1
6
83
46
86
1853
876
115
1852
121
271
87
80
212
1370
0
0
95
4
0
10
4
0
86
50
1
159
4
14
46
43
23
1040
856
0
124
43
0
8
549
0
93
614
0
111
562
0
134
1134
0
448
470
0
76
78
0
20
1337
0
690
26
0
73
0
0
0
0
0
0
0
0
3
0
0
0
0
0
0
14
0
46
0
0
0
1
0
76
1098
0
100
38
0
8
1050
0
79
697
0
22
913
0
0
2359
0
321
172
0
21
55
0
5
1437
0
446
0
0
0
0
0
0
0
0
0
0
0
0
0
0
0
0
0
0
0
0
0
0
0
0
0
0
0
0
0
0
0
0
0
0
0
0
0
0
0
0
0
0
0
0
0
0
0
0
0
0
0
0
0
0
0
0
0
0
0
0
0
0
0
0
0
0
0
0
0
0
0
0
0
0
0
0
0
0
0
0
0
337
0
74
4
0
6
15
0
12
865
0
60
0
0
2
87
0
37
404
0
46
3
0
3
318
0
614
58
0
298
0
0
56
0
0
34
0
0
0
0
0
5
0
0
2
23
0
0
0
0
24
4
0
1490
86
0
168
0
0
11
0
0
339
3
0
268
0
0
2
4
0
351
5
0
81
0
0
9
28
0
801
263
6
113
2
0
0
150
0
21
243
0
26
1108
0
0
593
0
63
852
24
611
249
0
2
2201
0
281
22
16
29
16
18
4
13
0
48
3
0
21
0
0
0
20
0
23
233
81
404
1
0
1
65
0
106
91
11
131
2
1
2
1
0
0
317
0
2
330
0
0
1875
0
96
269
37
121
45
0
1
2254
5
168
11
15
0
8
2
1
3
1
2
0
0
0
0
0
0
0
0
0
88
11
24
37
50
14
24
4
67
14
2
0
3
0
16
0
36
117
0
0
0
0
0
0
0
0
0
142
37
83
22
0
22
15
11
311
1
0
2
0
0
12
4
5
21
0
0
0
0
0
0
0
0
0
9
3
22
1
9
44
5
7
86
93
0
5
22
2
6
112
16
307
137
0
44
51
0
21
508
0
643
301
0
76
26
7
20
829
22
1706
0
0
3
0
0
3
80
3
958
0
0
0
0
0
0
108
0
1824
4
0
62
0
0
30
164
32
2775
145
26
108
37
15
28
537
21
595
52
0
22
372
0
76
1274
0
1012
53
4
210
34
72
25
1198
33
2199
23730
283
15721
681
61
807
5185
29
2623
1476
62
1986
380
191
1992
494
24
798
5028
84
3710
977
91
267
2304
10
1012
901
528
1437
44
51
29
173
17
163
16
5
22
7
63
12
7
1
6
977
91
267
30
8
0
72
0
81
7580
122
23819
476
63
472
3992
49
4176
437
4
1190
67
0
340
258
38
1197
2304
10
1012
72
0
81
1350
8
522
691
23
606
175
16
187
391
13
618
507
103
436
838
214
2007
38
24
259
322
12
400
58
3
41
45
1
742
166
27
105
21
31
158
34
30
171
88
20
82
32
353
857
2
13
147
58
3
41
6
40
48
8
2
111
610
9
623
96
79
194
171
12
1060
113
7
458
42
98
750
42
126
1322
45
1
742
8
2
111
42
2
680
366
36
206
45
22
166
201
29
1193
2
0
7
5
0
199
50
1
159
624
66
0
249
107
1331
719
24
3921
145
34
294
6
45
62
39
166
195
6
6
35
1
6
83
4
14
46
249
107
1331
4
910
132
92
16
271
756
40
4171
87
52
648
459
97
7259
33
36
465
46
86
1853
43
23
1040
719
24
3921
92
16
271
598
28
3132
866
2
393
27
1
8
434
0
191
895
2
341
606
15
138
422
4
297
1824
4
682
504
0
16
2064
1
734
116
1
16
4
1
1
14
2
1
37
29
24
48
0
0
1
0
2
914
29
65
68
0
0
65
0
29
1127
2
678
71
0
28
496
0
380
689
11
552
1068
5
254
908
1
841
1260
3
215
213
1
13
1914
0
130
13
0
1
5
0
1
0
0
0
68
4
5
82
13
0
0
0
0
14
0
0
13
0
0
1
0
21
1
0
0
1
2
3
0
1
2
8
0
0
13
0
2
0
1
3
0
0
0
2
0
2
0
0
4
36
0
1
3
2
10
0
0
5
29
1
24
79
35
43
2
6
34
5
0
2
5
0
5
0
0
47
36
0
2
1
0
1
11
0
14
40
1
9
3
1
2
10
0
4
176
11
4
915
6
135
559
1
911
21
0
47
2
1
5
5
0
13
41
1
122
22
87
18
4
2
22
44
19
101
90
117
23
36
4
178
71
1
712
1
1
24
19
0
155
9
6
1145
12
12
234
17
6
417
220
16
1211
675
6
175
969
5
2921
205
2
110
0
0
0
153
0
94
424
1
31
621
4
4
664
1
84
2201
9
515
179
0
0
3313
0
234
20
0
5
1
0
0
9
1
7
0
0
4
0
0
0
8
0
8
442
5
37
4
0
0
211
1
16
46
0
85
0
0
3
4
0
16
290
3
65
833
0
45
1076
0
316
929
2
151
106
0
0
2829
0
80
5
0
1
1
0
0
0
0
3
5
0
2
4
0
0
0
0
1
26
1
14
5
0
0
7
0
14
1
0
0
1
0
4
0
0
4
0
0
0
0
0
0
0
0
0
8
0
3
3
10
26
4
0
27
0
0
6
0
1
6
3
0
2
3
1
2
71
70
24
1
0
4
2
1
44
3
2
31
5
1
61
5
0
0
29
0
1
19
0
19
9
0
1
33
0
4
64
0
19
187
25
0
489
1
28
1193
5
1619
1
0
0
0
0
5
13
8
25
0
0
0
0
0
2
16
0
63
43
13
92
32
127
9
96
15
177
81
3
142
27
0
11
308
1
340
55
0
124
180
4
66
406
4
591
285
22
898
689
2
64
3712
11
4878
18120
184
2843
1395
38
1001
11219
78
3254
856
0
124
26
0
73
1098
0
100
866
2
393
116
1
16
1127
2
678
978
127
779
102
534
274
615
171
1636
43
0
8
0
0
0
38
0
8
27
1
8
4
1
1
71
0
28
7325
319
1158
1706
827
1216
7642
234
2852
549
0
93
0
0
0
1050
0
79
434
0
191
14
2
1
496
0
380
1874
37
215
306
17
34
5083
38
1047
0
0
0
0
0
0
0
0
0
13
0
1
1
0
0
36
0
1
339
31
67
116
93
144
448
156
893
0
0
0
0
0
0
0
0
0
5
0
1
1
2
3
3
2
10
129
11
90
8
34
123
1075
140
1580
0
0
0
0
0
0
0
0
0
0
0
0
0
1
2
0
0
5
363
183
284
0
0
12
105
23
1567
337
0
74
58
0
298
86
0
168
36
0
2
21
0
47
71
1
712
12
14
45
1
32
38
7
7
289
4
0
6
0
0
56
0
0
11
1
0
1
2
1
5
1
1
24
162
437
633
6
1294
892
278
238
3679
15
0
12
0
0
34
0
0
339
11
0
14
5
0
13
19
0
155
844
0
90
155
0
11
565
0
28
1089
0
62
1812
0
34
1999
0
219
899
0
72
440
0
16
4348
0
716
155
0
11
22
0
4
60
0
19
142
0
11
300
0
13
178
0
90
38
0
8
78
0
3
168
0
76
565
0
28
60
0
19
288
0
68
1213
0
56
986
0
107
1393
0
296
247
0
16
231
0
28
3735
0
436
0
0
0
0
0
0
0
0
0
0
0
0
0
0
0
0
0
0
0
0
0
0
0
0
0
0
0
0
0
0
0
0
0
0
0
0
0
0
0
0
0
0
0
0
0
0
0
0
0
0
0
0
0
0
0
0
0
0
0
0
0
0
0
0
0
0
0
0
0
0
0
0
0
0
0
0
0
0
0
0
0
0
0
0
0
0
0
0
0
0
0
0
0
0
0
0
0
0
0
14
0
1
11
0
0
4
0
5
0
0
0
0
0
0
0
0
0
0
0
0
0
0
0
0
0
0
4
0
0
0
0
0
0
0
2
0
0
0
0
0
0
0
0
0
0
0
0
0
0
0
0
0
0
5
0
0
0
0
1
4
0
21
283
1
5
78
0
1
511
3
28
648
0
3
1564
0
0
1576
0
41
1049
0
26
556
0
1
6379
2
257
8
1
0
1
3
5
56
8
32
9
0
0
0
0
0
70
0
5
40
2
2
29
0
1
334
17
43
1
19
23
0
270
12
2
12
108
656
0
0
2119
0
1
2444
0
123
1126
0
6
682
0
3
7102
0
203
70
0
1
0
0
0
145
0
0
0
0
0
0
0
0
0
0
0
1
0
0
0
0
0
19
0
25
0
0
1
0
0
0
2
2
17
0
0
0
0
0
0
0
0
0
0
0
0
0
0
0
6
5
14
0
0
1
0
0
0
0
1
5
0
0
0
0
0
0
0
0
0
0
0
0
0
0
0
0
0
11
19
9
6
0
0
0
6
0
28
84
0
0
84
0
0
165
0
7
126
1
8
79
0
2
819
1
314
0
0
1
0
0
0
0
0
5
0
0
0
0
0
0
0
0
0
3
0
1
3
5
9
0
1
43
170
30
49
35
49
119
436
25
141
109
0
20
448
0
71
949
0
226
192
0
138
149
2
45
3023
4
1381
8783
388
825
249
262
59
5151
139
1393
614
0
111
0
0
3
697
0
22
895
2
341
37
29
24
689
11
552
8597
1726
1447
711
819
129
5605
1245
1083
562
0
134
0
0
0
913
0
0
606
15
138
48
0
0
1068
5
254
15064
283
3665
1266
24
156
16494
87
2410
1134
0
448
0
0
0
2359
0
321
422
4
297
1
0
2
908
1
841
4871
656
365
631
108
83
4363
325
1352
0
0
0
0
0
0
0
0
0
68
4
5
8
0
0
29
1
24
3842
484
469
2192
1628
1017
5553
2927
5384
0
0
0
0
0
0
0
0
0
82
13
0
13
0
2
79
35
43
891
76
569
91
118
558
3044
614
4434
0
0
0
0
0
0
0
0
0
0
0
0
0
1
3
2
6
34
867
131
623
101
5
396
84
357
1603
865
0
60
0
0
0
3
0
268
40
1
9
41
1
122
9
6
1145
105
77
565
0
406
267
93
437
2559
0
0
2
0
0
5
0
0
2
3
1
2
22
87
18
12
12
234
2353
638
1444
733
910
531
197
533
5562
87
0
37
0
0
2
4
0
351
10
0
4
4
2
22
17
6
417
1089
0
62
142
0
11
1213
0
56
1016
0
30
1281
0
2
3048
0
435
933
0
12
409
0
24
2962
0
939
1812
0
34
300
0
13
986
0
107
1281
0
2
1666
0
0
4495
0
358
425
0
0
678
0
2
2601
0
356
1999
0
219
178
0
90
1393
0
296
3048
0
435
4495
0
358
2992
0
2036
497
0
20
434
0
110
4487
0
1884
0
0
0
0
0
0
0
0
0
0
0
0
0
0
0
0
0
0
0
0
0
0
0
0
0
0
0
0
0
0
0
0
0
0
0
0
0
0
0
0
0
0
0
0
0
0
0
0
0
0
0
0
0
0
0
0
0
0
0
0
0
0
0
0
0
0
0
0
0
0
0
0
0
0
0
0
0
0
0
0
0
0
0
0
0
0
0
0
0
0
0
0
0
0
0
0
0
0
0
0
0
0
0
0
0
0
0
0
0
0
0
0
0
0
0
0
0
0
0
0
0
0
0
0
0
0
0
0
0
0
0
0
0
0
0
0
0
0
0
0
0
0
0
0
0
0
0
0
0
0
0
0
0
0
0
0
0
0
0
0
0
0
149
4
2
0
0
0
126
0
15
867
0
0
0
0
0
951
0
36
1430
3
14
377
0
0
6239
3
368
70
4
0
0
0
0
188
0
6
21
0
0
0
0
0
1146
0
14
1113
29
10
608
0
4
4747
0
90
17
0
1
9
0
0
3
0
2
998
0
0
6737
0
0
3411
0
75
866
1
2
921
0
2
6290
0
182
96
9
4
0
0
0
1
0
0
0
0
0
0
0
0
0
0
0
26
0
0
0
0
0
94
6
49
5
0
0
0
0
0
0
0
1
0
0
0
0
0
0
0
0
0
0
0
0
0
0
0
181
56
110
1
0
11
0
0
0
0
0
33
0
0
0
0
0
0
0
0
0
0
0
0
0
0
0
3
4
27
28
3
3
0
0
0
17
6
35
29
0
0
0
0
0
0
0
0
187
54
72
71
1
20
172
23
625
4
0
5
1
3
0
17
8
71
0
0
0
0
0
0
0
0
0
58
8
5
139
238
122
247
134
507
442
24
75
107
168
73
611
23
431
341
0
32
1046
0
290
1325
0
370
132
0
141
186
5
85
1530
62
1489
8955
65
1985
797
36
99
4999
26
1235
470
0
76
14
0
46
172
0
21
1824
4
682
914
29
65
1260
3
215
1633
87
115
148
29
32
807
27
104
78
0
20
0
0
0
55
0
5
504
0
16
68
0
0
213
1
13
14968
38
6502
1628
30
345
16950
10
3682
1337
0
690
1
0
76
1437
0
446
2064
1
734
65
0
29
1914
0
130
823
39
127
124
36
15
1448
25
653
0
0
0
0
0
0
0
0
0
14
0
0
0
0
0
5
0
2
395
35
52
252
120
142
564
159
819
0
0
0
0
0
0
0
0
0
13
0
0
2
0
2
5
0
5
506
14
1275
47
35
452
2819
95
3675
0
0
0
0
0
0
0
0
0
1
0
21
0
0
4
0
0
47
697
115
344
8
50
70
83
34
1290
404
0
46
23
0
0
5
0
81
176
11
4
44
19
101
220
16
1211
359
283
291
111
313
66
73
112
488
3
0
3
0
0
24
0
0
9
915
6
135
90
117
23
675
6
175
2600
83
5358
231
209
969
912
108
8250
318
0
614
4
0
1490
28
0
801
559
1
911
36
4
178
969
5
2921
899
0
72
38
0
8
247
0
16
933
0
12
425
0
0
497
0
20
3912
0
10
1681
0
1
3558
0
549
440
0
16
78
0
3
231
0
28
409
0
24
678
0
2
434
0
110
1681
0
1
440
0
0
660
0
90
4348
0
716
168
0
76
3735
0
436
2962
0
939
2601
0
356
4487
0
1884
3558
0
549
660
0
90
11282
0
814
0
0
0
0
0
0
0
0
0
0
0
0
0
0
0
0
0
0
0
0
0
0
0
0
0
0
0
0
0
0
0
0
0
0
0
0
0
0
0
0
0
0
0
0
0
0
0
0
0
0
0
0
0
0
0
0
0
0
0
0
0
0
0
0
0
0
0
0
0
0
0
0
0
0
0
0
0
0
0
0
0
14
0
1
4
0
0
5
0
0
0
0
0
0
0
0
0
0
0
526
0
4
402
0
40
726
0
532
11
0
0
0
0
0
0
0
1
0
0
0
0
0
0
0
0
0
402
0
40
534
0
8
1250
0
211
4
0
5
0
0
2
4
0
21
0
0
0
0
0
0
0
0
0
726
0
532
1250
0
211
2734
0
2546
69
0
4
1
0
0
74
0
5
1003
0
0
785
0
0
516
0
22
1330
1
20
225
0
1
2439
2
174
4
1
1
0
0
0
52
0
1
1
0
0
0
0
0
102
0
2
1200
5
2
155
0
0
1187
0
42
7
0
23
0
0
0
4
0
17
2123
0
21
5895
0
1
3963
0
299
1866
5
41
720
0
0
11009
0
94
18
0
1
0
0
0
2
0
0
0
0
0
0
0
0
0
0
0
2
0
0
0
0
0
3
3
6
1
0
0
0
0
0
5
0
5
0
0
0
0
0
0
0
0
0
0
0
0
0
0
0
29
17
12
1
0
17
0
0
0
0
0
7
0
0
0
0
0
0
0
0
0
0
0
4
0
0
0
2
7
81
57
1
1
0
0
0
32
0
8
13
0
0
0
0
0
0
0
0
145
1
9
111
0
2
545
0
461
1
4
4
0
0
3
3
1
5
0
0
0
0
0
0
0
0
0
103
0
1
166
7
24
719
2
122
453
0
45
74
3
33
997
3
203
165
0
60
400
0
58
930
0
241
1197
0
282
1156
5
132
6741
3
3223
6990
100
711
226
12
424
167
77
202
263
6
113
22
16
29
91
11
131
205
2
110
20
0
5
46
0
85
155
11
10
25
9
77
10
101
9
2
0
0
16
18
4
2
1
2
0
0
0
1
0
0
0
0
3
9989
99
1102
412
144
1873
16
79
492
150
0
21
13
0
48
1
0
0
153
0
94
9
1
7
4
0
16
114
15
8
16
1
4
6
1
6
11
15
0
14
2
0
1
0
2
5
0
1
1
0
0
0
0
6
26
1
1
63
16
12
0
2
15
8
2
1
3
0
16
0
0
12
1
0
0
1
0
4
0
1
6
213
9
66
25
9
32
428
11
148
3
1
2
0
36
117
4
5
21
0
0
3
0
0
4
3
0
2
42
4
26
1
1
8
1428
36
658
93
0
5
0
0
3
145
26
108
5
0
0
1
0
0
81
3
142
19
7
15
0
0
27
192
138
1608
22
2
6
0
0
3
37
15
28
29
0
1
0
0
5
27
0
11
781
91
1630
29
63
225
7115
320
6147
112
16
307
80
3
958
537
21
595
19
0
19
13
8
25
308
1
340
283
1
5
8
1
0
1
19
23
149
4
2
70
4
0
17
0
1
69
0
4
4
1
1
7
0
23
78
0
1
1
3
5
0
270
12
0
0
0
0
0
0
9
0
0
1
0
0
0
0
0
0
0
0
511
3
28
56
8
32
2
12
108
126
0
15
188
0
6
3
0
2
74
0
5
52
0
1
4
0
17
70
0
1
0
0
1
0
0
1
96
9
4
5
0
0
1
0
11
18
0
1
1
0
0
1
0
17
0
0
0
0
0
0
0
0
0
0
0
0
0
0
0
0
0
0
0
0
0
0
0
0
0
0
0
145
0
0
2
2
17
0
1
5
1
0
0
0
0
1
0
0
33
2
0
0
5
0
5
0
0
7
19
9
6
0
0
1
170
30
49
28
3
3
4
0
5
442
24
75
57
1
1
1
4
4
453
0
45
0
0
0
0
0
0
35
49
119
0
0
0
1
3
0
107
168
73
0
0
0
0
0
3
74
3
33
6
0
28
0
0
5
436
25
141
17
6
35
17
8
71
611
23
431
32
0
8
3
1
5
997
3
203
36
0
0
5
0
2
21
0
1
10
0
0
9
0
0
14
0
0
37
0
1
7
1
1
61
0
16
5
0
2
36
64
2
7
0
1
7
4
0
19
1
1
5
0
1
21
0
3
15
1
0
58
9
2
21
0
1
7
0
1
0
0
0
12
0
0
12
0
0
0
0
0
23
0
1
15
0
0
3
0
2
0
0
0
3
0
1
0
0
0
1
0
0
1
0
0
1
0
1
4
0
0
0
0
0
2
0
1
3
0
1
16
14
2
3
1
1
3
2
0
75
18
2
7
0
2
3
3
0
23
6
0
9
1
8
0
0
0
3
1
1
4
0
0
0
0
0
5
0
6
4
0
8
0
0
0
3
0
2
2
0
7
6
0
2
0
0
0
58
3
12
16
3
2
0
3
12
112
0
72
50
2
4
6
0
8
317
0
282
0
0
0
0
24
0
9
1
2
1
0
0
0
6
0
11
1
1
4
6
1
8
4
7
158
9
40
58
3
12
9
1
2
256
10
40
26
0
4
46
11
22
477
2
372
44
0
13
33
1
15
1795
20
1000
3912
505
271
74
30
7
2182
61
705
243
0
26
3
0
21
317
0
2
424
1
31
0
0
4
290
3
65
2233
11
32
199
13
1
3474
1
6
1108
0
0
0
0
0
330
0
0
621
4
4
0
0
0
833
0
45
9687
149
1119
336
45
60
9075
20
1152
593
0
63
20
0
23
1875
0
96
664
1
84
8
0
8
1076
0
316
217
39
26
51
11
2
85
12
68
0
0
0
0
0
0
0
0
0
5
0
2
0
0
0
3
1
2
780
236
117
1015
813
32
8
6
101
0
0
0
0
0
0
0
0
0
4
0
0
0
0
0
71
70
24
576
225
231
55
41
55
635
91
582
0
0
0
0
0
0
0
0
0
0
0
1
0
0
0
1
0
4
353
53
139
1
0
2
416
160
276
137
0
44
0
0
0
52
0
22
9
0
1
0
0
0
55
0
124
346
30
144
0
212
2
2408
2157
1962
51
0
21
0
0
0
372
0
76
33
0
4
0
0
2
180
4
66
2427
118
3295
158
23
592
19109
517
6677
508
0
643
108
0
1824
1274
0
1012
64
0
19
16
0
63
406
4
591
648
0
3
9
0
0
656
0
0
867
0
0
21
0
0
998
0
0
1003
0
0
1
0
0
2123
0
21
1564
0
0
0
0
0
2119
0
1
0
0
0
0
0
0
6737
0
0
785
0
0
0
0
0
5895
0
1
1576
0
41
70
0
5
2444
0
123
951
0
36
1146
0
14
3411
0
75
516
0
22
102
0
2
3963
0
299
0
0
0
0
0
0
0
0
0
0
0
0
0
0
0
0
0
0
0
0
0
0
0
0
0
0
0
0
0
0
0
0
0
0
0
0
0
0
0
0
0
0
0
0
0
0
0
0
0
0
0
0
0
0
0
0
0
0
0
0
0
0
0
0
0
0
0
0
0
0
0
0
0
0
0
0
0
0
0
0
0
84
0
0
0
0
0
109
0
20
29
0
0
0
0
0
341
0
32
13
0
0
0
0
0
165
0
60
84
0
0
0
0
0
448
0
71
0
0
0
0
0
0
1046
0
290
0
0
0
0
0
0
400
0
58
165
0
7
0
0
0
949
0
226
0
0
0
0
0
0
1325
0
370
0
0
0
0
0
0
930
0
241
10
0
0
7
4
0
12
0
0
122
0
2
83
0
0
142
0
0
208
0
1
7
0
0
1475
0
53
9
0
0
19
1
1
12
0
0
83
0
0
0
0
0
508
0
0
250
0
0
7
0
0
9857
0
13
14
0
0
5
0
1
0
0
0
142
0
0
508
0
0
558
0
0
157
0
3
123
0
7
1641
0
91
1
0
0
3
2
0
0
0
0
0
0
0
0
0
0
0
0
0
1
0
0
0
0
0
0
0
0
1
0
0
75
18
2
5
0
6
0
0
0
0
0
0
0
0
0
0
0
0
1
1
0
3
0
5
1
0
1
7
0
2
4
0
8
0
0
0
0
0
0
0
0
0
1
0
0
0
0
0
1
1
7
16
3
2
1
0
0
26
0
4
0
0
0
0
0
0
42
0
25
29
6
4
3
0
0
106
1
51
0
3
12
0
6
0
46
11
22
0
0
0
0
0
0
105
0
7
14
10
5
8
8
9
1625
27
69
112
0
72
11
1
1
477
2
372
42
0
25
105
0
7
450
0
312
48
1
26
11
1
7
1600
6
1202
10297
133
1818
526
88
108
5823
38
2276
852
24
611
233
81
404
269
37
121
2201
9
515
442
5
37
929
2
151
1041
47
134
119
245
38
1208
110
104
249
0
2
1
0
1
45
0
1
179
0
0
4
0
0
106
0
0
26221
162
6733
3871
178
1088
23203
121
3127
2201
0
281
65
0
106
2254
5
168
3313
0
234
211
1
16
2829
0
80
863
25
103
523
35
44
321
14
131
88
11
24
142
37
83
9
3
22
26
1
14
8
0
3
2
1
44
302
31
47
142
78
101
88
53
225
37
50
14
22
0
22
1
9
44
5
0
0
3
10
26
3
2
31
1151
23
732
111
29
253
1942
49
1924
24
4
67
15
11
311
5
7
86
7
0
14
4
0
27
5
1
61
1739
65
632
122
60
116
1838
51
988
301
0
76
4
0
62
53
4
210
187
25
0
43
13
92
285
22
898
242
56
142
16
45
71
542
151
509
26
7
20
0
0
30
34
72
25
489
1
28
32
127
9
689
2
64
7019
163
11964
1754
685
1893
33685
593
28361
829
22
1706
164
32
2775
1198
33
2199
1193
5
1619
96
15
177
3712
11
4878
1049
0
26
40
2
2
1126
0
6
1430
3
14
1113
29
10
866
1
2
1330
1
20
1200
5
2
1866
5
41
556
0
1
29
0
1
682
0
3
377
0
0
608
0
4
921
0
2
225
0
1
155
0
0
720
0
0
6379
2
257
334
17
43
7102
0
203
6239
3
368
4747
0
90
6290
0
182
2439
2
174
1187
0
42
11009
0
94
1
0
0
0
0
0
0
0
0
26
0
0
0
0
0
0
0
0
2
0
0
0
0
0
0
0
4
0
0
0
0
0
0
0
0
0
0
0
0
0
0
0
0
0
0
0
0
0
0
0
0
0
0
0
19
0
25
6
5
14
0
0
11
94
6
49
181
56
110
3
4
27
3
3
6
29
17
12
2
7
81
126
1
8
3
0
1
192
0
138
187
54
72
58
8
5
132
0
141
145
1
9
103
0
1
1197
0
282
79
0
2
3
5
9
149
2
45
71
1
20
139
238
122
186
5
85
111
0
2
166
7
24
1156
5
132
819
1
314
0
1
43
3023
4
1381
172
23
625
247
134
507
1530
62
1489
545
0
461
719
2
122
6741
3
3223
37
0
1
21
0
3
23
0
1
208
0
1
250
0
0
157
0
3
292
0
6
108
0
3
1417
0
16
7
1
1
15
1
0
15
0
0
7
0
0
7
0
0
123
0
7
108
0
3
150
0
0
1230
0
7
61
0
16
58
9
2
3
0
2
1475
0
53
9857
0
13
1641
0
91
1417
0
16
1230
0
7
7034
0
2
4
0
0
3
3
0
0
0
0
1
0
0
0
0
0
1
0
0
2
0
0
2
0
0
2
0
1
0
0
0
23
6
0
3
0
2
0
0
0
1
1
0
0
0
0
2
0
0
2
0
0
0
0
5
2
0
1
9
1
8
2
0
7
0
0
0
3
0
5
1
1
7
2
0
1
0
0
5
4
0
16
50
2
4
4
6
1
44
0
13
29
6
4
14
10
5
48
1
26
226
6
22
132
3
8
790
8
574
6
0
8
8
4
7
33
1
15
3
0
0
8
8
9
11
1
7
132
3
8
14
10
24
4658
13
121
317
0
282
158
9
40
1795
20
1000
106
1
51
1625
27
69
1600
6
1202
790
8
574
4658
13
121
12298
10
7828
23018
856
13614
533
217
1247
3228
309
2869
5615
659
4616
2378
1384
10819
2030
351
3661
5517
219
6306
331
247
887
2383
45
4588
533
217
1247
18
222
192
23
224
116
78
276
129
8
24
11
0
2
5
217
32
310
6
32
13
55
32
132
3228
309
2869
23
224
116
190
58
654
401
44
522
63
144
183
74
86
641
514
13
1146
11
22
8
115
12
1034
2120
100
1996
377
58
373
425
27
787
1170
182
801
146
7
9
205
28
242
622
23
1444
41
3
31
457
11
1543
377
58
373
42
70
176
43
13
322
175
86
135
5
18
78
9
5
16
101
14
76
7
41
83
54
23
383
425
27
787
43
13
322
72
28
534
276
91
680
123
148
667
16
27
172
110
6
372
24
6
35
36
9
516
206
0
456
70
80
255
274
40
1503
223
12
95
22
2
45
471
54
595
184
2
30
161
117
202
642
39
1811
70
80
255
12
44
50
19
56
253
12
26
57
9
329
210
25
230
105
4
13
83
4
26
23
19
13
135
274
40
1503
19
56
253
96
34
1668
46
43
307
21
58
59
35
36
330
69
5
278
5
51
32
93
50
1696
23426
308
10082
1532
359
2016
7566
310
3846
19748
887
8291
11482
1205
3712
9789
769
6063
10888
225
8986
1200
37
218
11852
38
14393
1745
204
1402
98
607
215
56
41
153
1956
514
2716
1295
1957
232
374
26
471
1004
322
1109
62
33
10
292
2
1412
3803
237
3238
182
1031
3523
123
235
1581
1488
193
2737
1172
28
499
811
150
1978
708
39
1525
75
2
46
497
32
2622
6006
117
2816
1336
331
1514
1242
146
1742
10423
1481
4306
18888
10458
22663
5429
1754
13570
3347
246
1233
2856
496
2294
4201
258
12567
1817
89
365
255
359
557
81
169
466
2298
467
803
4339
8864
6543
1074
692
3401
485
120
106
466
387
458
451
165
3129
1574
7
1037
24
63
457
86
93
1092
225
72
1062
430
1278
3472
348
1339
5938
65
4
722
77
42
453
374
104
2796
561
19
475
49
30
352
611
79
3324
668
18
635
2904
1397
6586
3069
528
9114
1546
42
269
805
501
1136
3430
110
7811
15
0
129
3
45
46
67
10
398
0
0
124
166
2234
1158
99
196
1008
136
0
10
158
714
167
115
64
965
341
16
1051
33
49
707
311
66
3125
144
293
1463
432
3110
13159
744
773
10616
72
10
542
96
150
1068
967
274
9058
8788
284
2848
679
637
706
8367
323
2757
5051
590
3137
48
3
3
4245
128
2053
15368
310
12163
1317
376
499
13964
164
9049
326
6
71
4
1
0
440
138
411
83
20
53
0
3
0
517
75
667
414
82
209
30
26
11
694
118
838
2642
290
535
136
300
476
24
586
949
367
45
397
0
0
1
61
32
57
881
20
1230
13
4
12
315
81
1303
1119
8
88
34
7
15
1428
27
754
365
23
108
24
6
4
1911
245
2149
1607
46
350
646
96
532
4592
98
4592
124
1
2
0
0
2
139
23
112
0
0
0
0
0
0
316
150
252
146
15
14
122
88
122
532
96
646
152
0
28
1
0
3
253
14
257
1
0
6
0
0
0
40
54
344
27
0
27
14
15
146
350
46
1607
477
4
174
222
69
161
941
25
1417
354
15
74
4026
1410
2541
3831
354
5252
1303
81
315
838
118
694
9049
164
13964
90
0
19
0
4
14
43
23
119
0
0
0
0
0
0
7
10
87
12
4
13
11
26
30
499
376
1317
1053
172
584
299
924
2141
5137
347
4300
621
229
304
1547
581
1463
4308
725
6430
1230
20
881
209
82
414
12163
310
15368
5615
659
4616
78
276
129
401
44
522
966
370
1052
224
778
1258
197
218
578
1709
390
2091
64
33
176
549
83
1655
2378
1384
10819
8
24
11
63
144
183
224
778
1258
0
0
0
11
2
10
547
698
1983
8
547
49
91
30
679
2030
351
3661
0
2
5
74
86
641
197
218
578
11
2
10
66
204
234
556
260
1101
3
2
2
60
156
1032
1170
182
801
175
86
135
276
91
680
206
114
336
0
0
0
59
63
147
301
93
537
16
6
28
196
147
927
146
7
9
5
18
78
123
148
667
0
0
0
0
0
0
24
65
70
70
11
3
41
868
989
214
358
1371
205
28
242
9
5
16
16
27
172
59
63
147
24
65
70
26
18
26
42
11
132
3
13
45
14
34
296
223
12
95
12
26
57
46
43
307
12
0
26
6
1
0
56
29
167
3
10
7
2
5
20
56
142
423
22
2
45
9
329
210
21
58
59
6
1
0
0
0
0
6
41
24
0
3
1
0
11
152
15
10
64
471
54
595
25
230
105
35
36
330
56
29
167
6
41
24
40
10
80
31
45
124
1
22
16
18
15
410
13417
858
7274
196
42
93
991
54
833
25002
1974
9043
4440
1
1023
4056
581
2338
10849
1152
5797
479
11
148
7319
105
14380
10418
3807
18736
0
0
0
0
0
0
11309
11862
46784
0
0
0
0
0
0
9032
6093
11786
0
0
0
0
0
19095
4072
327
9082
0
1
0
497
630
4529
3571
827
8265
0
0
1
1817
1495
2975
969
317
2709
5
2
4
1172
866
8236
4586
109
10121
583
394
711
2271
230
2507
6267
1022
22705
9714
12449
19092
4915
2685
16291
1797
289
806
842
679
1592
2457
547
12833
0
0
0
0
0
0
0
0
0
0
0
0
0
0
0
0
0
0
0
0
0
0
0
0
0
0
0
561
0
0
0
0
0
6
46
175
0
0
0
0
0
0
313
593
891
0
0
0
0
0
0
144
52
357
1386
1
724
43
41
238
1159
27
2747
7
2
1263
783
1600
5960
679
240
5259
44
5
92
80
68
495
454
139
3293
0
0
0
0
0
0
0
0
0
0
0
0
0
0
0
0
0
0
0
0
0
0
0
0
0
0
0
826
17
638
15
66
186
215
49
1326
172
168
1614
627
2727
2939
536
496
3067
107
8
112
50
68
217
253
79
1992
4080
571
901
3
2
1
2474
304
625
2757
1116
1703
3
0
1
3293
312
691
6430
725
4308
87
10
7
5252
354
3831
2089
195
592
0
0
0
1701
1460
2229
142
243
428
0
0
0
2105
1687
3968
1463
581
1547
0
0
0
2541
1410
4026
388
79
277
0
0
0
3
17
15
212
299
372
0
0
0
58
0
21
304
229
621
0
0
0
74
15
354
974
24
49
2
2
2
1154
33
771
13
1
7
4
0
4
1928
214
1928
344
54
40
252
150
316
2149
245
1911
17
0
0
0
0
0
0
3
14
0
0
0
0
0
0
4
0
4
0
0
0
0
0
0
4
6
24
58
0
3
0
0
0
76
7
63
0
0
0
0
0
0
7
1
13
6
0
1
0
0
0
108
23
365
833
11
113
79
26
143
281
19
532
21
0
58
3968
1687
2105
691
312
3293
57
32
61
667
75
517
2053
128
4245
2
0
4
0
0
0
2
0
19
0
0
0
0
0
0
1
0
3
1
0
0
0
3
0
3
3
48
1345
112
616
31
23
29
1396
616
2188
372
299
212
428
243
142
1703
1116
2757
397
45
367
53
20
83
3137
590
5051
5517
219
6306
217
32
310
514
13
1146
1709
390
2091
547
698
1983
556
260
1101
3028
782
3870
822
175
561
476
121
1328
331
247
887
6
32
13
11
22
8
64
33
176
8
547
49
3
2
2
822
175
561
2
6
0
8
0
34
2383
45
4588
55
32
132
115
12
1034
549
83
1655
91
30
679
60
156
1032
476
121
1328
8
0
34
64
26
554
622
23
1444
101
14
76
110
6
372
301
93
537
70
11
3
42
11
132
318
6
1204
9
2
7
85
5
584
41
3
31
7
41
83
24
6
35
16
6
28
41
868
989
3
13
45
9
2
7
10
14
16
46
4
72
457
11
1543
54
23
383
36
9
516
196
147
927
214
358
1371
14
34
296
85
5
584
46
4
72
22
0
530
184
2
30
4
13
83
69
5
278
3
10
7
0
3
1
31
45
124
472
430
0
500
305
784
464
152
3583
161
117
202
4
26
23
5
51
32
2
5
20
0
11
152
1
22
16
500
305
784
28
896
58
44
16
173
642
39
1811
19
13
135
93
50
1696
56
142
423
15
10
64
18
15
410
464
152
3583
44
16
173
240
86
2926
4342
64
4200
394
44
312
459
11
493
6331
837
5096
3562
368
1740
1452
722
1691
3280
284
3409
401
10
70
796
28
676
1104
197
938
33
14
3
23
1
78
1389
2213
2679
536
754
12
3
3
15
1553
1396
817
20
20
1
2
2
62
2526
26
12615
118
20
149
172
23
1535
2584
781
13905
1012
53
2435
515
73
4379
970
269
1586
74
4
12
184
36
460
2036
51
2909
356
114
598
399
23
1185
4802
552
3756
4893
5814
10780
876
584
4304
1107
91
1141
624
193
1127
630
51
5775
15
0
0
10
5
7
0
3
4
21
3
2
69
0
6
2
1
16
4
2
0
4
3
2
0
1
11
1341
0
5591
16
2
574
23
18
1387
851
9
8314
285
271
12053
271
1274
10414
148
2
1115
39
15
896
91
36
5365
228
1
48
33
63
130
132
2
326
28
21
42
978
2985
1744
175
94
1036
2249
597
23
1810
343
837
1745
276
4999
3
0
4
0
6
5
0
0
3
3
11
1
20
395
34
1
0
12
2723
2623
3586
139
190
9
498
4
3653
1087
4
1179
23
22
502
174
28
2328
355
176
1530
647
1712
8461
316
1339
4999
765
665
9524
294
47
910
1414
393
12318
1297
25
1094
7
3
6
269
6
288
2188
616
1396
19
0
2
532
19
281
4300
347
5137
119
23
43
1417
25
941
168
20
111
0
0
0
107
2
76
29
23
31
0
0
0
143
26
79
2141
924
299
14
4
0
161
69
222
606
10
1671
1
0
6
20
3
710
616
112
1345
4
0
2
113
11
833
584
172
1053
19
0
90
174
4
477
371
0
141
15
0
9
268
2
268
63
7
76
14
3
0
771
33
1154
257
14
253
112
23
139
754
27
1428
5
0
0
0
0
0
9
0
15
0
0
0
0
0
0
2
2
2
3
0
1
2
0
0
15
7
34
250
0
250
0
0
5
141
0
371
3
0
58
0
0
17
49
24
974
28
0
152
2
1
124
88
8
1119
710
3
20
76
2
107
288
6
269
15
17
3
2229
1460
1701
625
304
2474
949
586
24
411
138
440
2757
323
8367
6
0
1
0
0
0
6
3
7
0
0
0
0
0
0
1
2
3
476
300
136
0
1
4
706
637
679
1671
10
606
111
20
168
1094
25
1297
277
79
388
592
195
2089
901
571
4080
535
290
2642
71
6
326
2848
284
8788
23426
308
10082
1745
204
1402
3803
237
3238
13417
858
7274
10418
3807
18736
4072
327
9082
4342
64
4200
1104
197
938
2526
26
12615
1532
359
2016
98
607
215
182
1031
3523
196
42
93
0
0
0
0
1
0
394
44
312
33
14
3
118
20
149
7566
310
3846
56
41
153
123
235
1581
991
54
833
0
0
0
497
630
4529
459
11
493
23
1
78
172
23
1535
6006
117
2816
1817
89
365
1574
7
1037
4586
109
10121
0
0
0
561
0
0
2036
51
2909
15
0
0
1341
0
5591
1336
331
1514
255
359
557
24
63
457
583
394
711
0
0
0
0
0
0
356
114
598
10
5
7
16
2
574
1242
146
1742
81
169
466
86
93
1092
2271
230
2507
0
0
0
6
46
175
399
23
1185
0
3
4
23
18
1387
561
19
475
15
0
129
341
16
1051
1386
1
724
0
0
0
826
17
638
228
1
48
3
0
4
1087
4
1179
49
30
352
3
45
46
33
49
707
43
41
238
0
0
0
15
66
186
33
63
130
0
6
5
23
22
502
611
79
3324
67
10
398
311
66
3125
1159
27
2747
0
0
0
215
49
1326
132
2
326
0
0
3
174
28
2328
24130
614
4786
4248
353
1669
6502
385
3809
19738
543
1667
18206
9264
5557
11858
1248
4362
10315
118
2251
2646
234
367
12617
58
9280
4248
353
1669
556
2146
1120
2048
2064
6002
4671
576
884
4087
4315
800
1465
142
1029
1442
161
676
337
129
65
946
105
1614
6502
385
3809
2048
2064
6002
152
398
5168
1194
53
1114
1222
262
1147
655
914
4360
533
9
308
123
19
152
391
43
2261
31248
246
1966
9783
472
2697
8088
80
2726
41909
3150
3162
149677
26191
23341
26450
1449
42182
7873
467
689
11120
771
2133
18632
190
18632
9783
472
2697
1016
1580
1960
365
675
2093
13070
3029
5990
21790
46993
26438
4952
3925
15564
2001
568
457
1780
1694
1780
2133
771
11120
8088
80
2726
365
675
2093
78
500
2888
4112
618
4307
2857
34837
36204
1760
5645
19552
544
64
544
457
568
2001
689
467
7873
952
10
1690
47
6
425
1150
15
3053
14916
1056
1994
23795
55
10490
9171
237
14032
2261
43
391
1614
105
946
9280
58
12617
47
6
425
4
0
74
277
37
1461
913
2
1051
46
0
3188
746
858
5456
152
19
123
65
129
337
367
234
2646
1150
15
3053
277
37
1461
822
32
4720
2469
896
5067
18087
10088
34439
3338
827
16358
308
9
533
676
161
1442
2251
118
10315
12318
393
1414
3653
4
498
4999
276
1745
1992
79
253
0
0
0
3293
139
454
9058
274
967
965
64
115
7811
110
3430
910
47
294
9
190
139
837
343
1810
217
68
50
0
0
0
495
68
80
1068
150
96
167
714
158
1136
501
805
9524
665
765
3586
2623
2723
23
597
2249
112
8
107
0
0
0
92
5
44
542
10
72
10
0
136
269
42
1546
5365
36
91
11
1
0
5775
51
630
357
52
144
0
0
0
12833
547
2457
2796
104
374
3129
165
451
12567
258
4201
896
15
39
2
3
4
1127
193
624
0
0
0
0
0
0
1592
679
842
453
42
77
458
387
466
2294
496
2856
1115
2
148
0
2
4
1141
91
1107
0
0
0
0
0
0
806
289
1797
722
4
65
106
120
485
1233
246
3347
460
36
184
62
2
2
676
28
796
8236
866
1172
19095
0
0
14380
105
7319
2622
32
497
1412
2
292
14393
38
11852
12
4
74
1
20
20
70
10
401
4
2
5
0
0
0
148
11
479
46
2
75
10
33
62
218
37
1200
1586
269
970
817
1396
1553
3409
284
3280
2709
317
969
11786
6093
9032
5797
1152
10849
1525
39
708
1109
322
1004
8986
225
10888
19748
887
8291
1956
514
2716
1488
193
2737
25002
1974
9043
11309
11862
46784
3571
827
8265
6331
837
5096
1389
2213
2679
2584
781
13905
11482
1205
3712
1295
1957
232
1172
28
499
4440
1
1023
0
0
0
0
0
1
3562
368
1740
536
754
12
1012
53
2435
9789
769
6063
374
26
471
811
150
1978
4056
581
2338
0
0
0
1817
1495
2975
1452
722
1691
3
3
15
515
73
4379
10423
1481
4306
2298
467
803
225
72
1062
6267
1022
22705
0
0
0
0
0
0
4802
552
3756
21
3
2
851
9
8314
18888
10458
22663
4339
8864
6543
430
1278
3472
9714
12449
19092
0
0
0
0
0
0
4893
5814
10780
69
0
6
285
271
12053
5429
1754
13570
1074
692
3401
348
1339
5938
4915
2685
16291
0
0
0
313
593
891
876
584
4304
2
1
16
271
1274
10414
668
18
635
0
0
124
144
293
1463
7
2
1263
0
0
0
172
168
1614
28
21
42
3
11
1
355
176
1530
2904
1397
6586
166
2234
1158
432
3110
13159
783
1600
5960
0
0
0
627
2727
2939
978
2985
1744
20
395
34
647
1712
8461
3069
528
9114
99
196
1008
744
773
10616
679
240
5259
0
0
0
536
496
3067
175
94
1036
1
0
12
316
1339
4999
19738
543
1667
4671
576
884
1194
53
1114
24128
1548
2044
75547
30082
32735
19105
1670
16323
16358
827
3338
5456
858
746
14032
237
9171
18206
9264
5557
4087
4315
800
1222
262
1147
75547
30082
32735
40918
0
0
22198
0
9881
34439
10088
18087
3188
0
46
10490
55
23795
11858
1248
4362
1465
142
1029
655
914
4360
19105
1670
16323
22198
0
9881
3068
3808
12422
5067
896
2469
1051
2
913
1994
1056
14916
41909
3150
3162
13070
3029
5990
4112
618
4307
79424
16262
17382
158756
281578
291313
72202
7884
72202
19552
5645
1760
15564
3925
4952
42182
1449
26450
149677
26191
23341
21790
46993
26438
2857
34837
36204
158756
281578
291313
658340
0
658340
291313
281578
158756
36204
34837
2857
26438
46993
21790
23341
26191
149677
26450
1449
42182
4952
3925
15564
1760
5645
19552
72202
7884
72202
291313
281578
158756
17382
16262
79424
4307
618
4112
5990
3029
13070
3162
3150
41909
14916
1056
1994
913
2
1051
2469
896
5067
12422
3808
3068
9881
0
22198
16323
1670
19105
4360
914
655
1029
142
1465
4362
1248
11858
23795
55
10490
46
0
3188
18087
10088
34439
9881
0
22198
0
0
40918
32735
30082
75547
1147
262
1222
800
4315
4087
5557
9264
18206
9171
237
14032
746
858
5456
3338
827
16358
16323
1670
19105
32735
30082
75547
2044
1548
24128
1114
53
1194
884
576
4671
1667
543
19738
4999
1339
316
12
0
1
1036
94
175
3067
496
536
0
0
0
5259
240
679
10616
773
744
1008
196
99
9114
528
3069
8461
1712
647
34
395
20
1744
2985
978
2939
2727
627
0
0
0
5960
1600
783
13159
3110
432
1158
2234
166
6586
1397
2904
1530
176
355
1
11
3
42
21
28
1614
168
172
0
0
0
1263
2
7
1463
293
144
124
0
0
635
18
668
10414
1274
271
16
1
2
4304
584
876
891
593
313
0
0
0
16291
2685
4915
5938
1339
348
3401
692
1074
13570
1754
5429
12053
271
285
6
0
69
10780
5814
4893
0
0
0
0
0
0
19092
12449
9714
3472
1278
430
6543
8864
4339
22663
10458
18888
8314
9
851
2
3
21
3756
552
4802
0
0
0
0
0
0
22705
1022
6267
1062
72
225
803
467
2298
4306
1481
10423
4379
73
515
15
3
3
1691
722
1452
2975
1495
1817
0
0
0
2338
581
4056
1978
150
811
471
26
374
6063
769
9789
2435
53
1012
12
754
536
1740
368
3562
1
0
0
0
0
0
1023
1
4440
499
28
1172
232
1957
1295
3712
1205
11482
13905
781
2584
2679
2213
1389
5096
837
6331
8265
827
3571
46784
11862
11309
9043
1974
25002
2737
193
1488
2716
514
1956
8291
887
19748
10888
225
8986
1004
322
1109
708
39
1525
10849
1152
5797
9032
6093
11786
969
317
2709
3280
284
3409
1553
1396
817
970
269
1586
1200
37
218
62
33
10
75
2
46
479
11
148
0
0
0
5
2
4
401
10
70
20
20
1
74
4
12
11852
38
14393
292
2
1412
497
32
2622
7319
105
14380
0
0
19095
1172
866
8236
796
28
676
2
2
62
184
36
460
3347
246
1233
485
120
106
65
4
722
1797
289
806
0
0
0
0
0
0
1107
91
1141
4
2
0
148
2
1115
2856
496
2294
466
387
458
77
42
453
842
679
1592
0
0
0
0
0
0
624
193
1127
4
3
2
39
15
896
4201
258
12567
451
165
3129
374
104
2796
2457
547
12833
0
0
0
144
52
357
630
51
5775
0
1
11
91
36
5365
1546
42
269
136
0
10
72
10
542
44
5
92
0
0
0
107
8
112
2249
597
23
2723
2623
3586
765
665
9524
805
501
1136
158
714
167
96
150
1068
80
68
495
0
0
0
50
68
217
1810
343
837
139
190
9
294
47
910
3430
110
7811
115
64
965
967
274
9058
454
139
3293
0
0
0
253
79
1992
1745
276
4999
498
4
3653
1414
393
12318
10315
118
2251
1442
161
676
533
9
308
16358
827
3338
34439
10088
18087
5067
896
2469
4720
32
822
1461
37
277
3053
15
1150
2646
234
367
337
129
65
123
19
152
5456
858
746
3188
0
46
1051
2
913
1461
37
277
74
0
4
425
6
47
12617
58
9280
946
105
1614
391
43
2261
14032
237
9171
10490
55
23795
1994
1056
14916
3053
15
1150
425
6
47
1690
10
952
7873
467
689
2001
568
457
544
64
544
19552
5645
1760
36204
34837
2857
4307
618
4112
2888
500
78
2093
675
365
2726
80
8088
11120
771
2133
1780
1694
1780
457
568
2001
15564
3925
4952
26438
46993
21790
5990
3029
13070
2093
675
365
1960
1580
1016
2697
472
9783
18632
190
18632
2133
771
11120
689
467
7873
42182
1449
26450
23341
26191
149677
3162
3150
41909
2726
80
8088
2697
472
9783
1966
246
31248
2261
43
391
152
19
123
308
9
533
4360
914
655
1147
262
1222
1114
53
1194
5168
398
152
6002
2064
2048
3809
385
6502
1614
105
946
65
129
337
676
161
1442
1029
142
1465
800
4315
4087
884
576
4671
6002
2064
2048
1120
2146
556
1669
353
4248
9280
58
12617
367
234
2646
2251
118
10315
4362
1248
11858
5557
9264
18206
1667
543
19738
3809
385
6502
1669
353
4248
4786
614
24130
2328
28
174
3
0
0
326
2
132
1326
49
215
0
0
0
2747
27
1159
3125
66
311
398
10
67
3324
79
611
502
22
23
5
6
0
130
63
33
186
66
15
0
0
0
238
41
43
707
49
33
46
45
3
352
30
49
1179
4
1087
4
0
3
48
1
228
638
17
826
0
0
0
724
1
1386
1051
16
341
129
0
15
475
19
561
1387
18
23
4
3
0
1185
23
399
175
46
6
0
0
0
2507
230
2271
1092
93
86
466
169
81
1742
146
1242
574
2
16
7
5
10
598
114
356
0
0
0
0
0
0
711
394
583
457
63
24
557
359
255
1514
331
1336
5591
0
1341
0
0
15
2909
51
2036
0
0
561
0
0
0
10121
109
4586
1037
7
1574
365
89
1817
2816
117
6006
1535
23
172
78
1
23
493
11
459
4529
630
497
0
0
0
833
54
991
1581
235
123
153
41
56
3846
310
7566
149
20
118
3
14
33
312
44
394
0
1
0
0
0
0
93
42
196
3523
1031
182
215
607
98
2016
359
1532
12615
26
2526
938
197
1104
4200
64
4342
9082
327
4072
18736
3807
10418
7274
858
13417
3238
237
3803
1402
204
1745
10082
308
23426
8788
284
2848
326
6
71
2642
290
535
4080
571
901
2089
195
592
388
79
277
1297
25
1094
168
20
111
606
10
1671
679
637
706
4
1
0
136
300
476
3
2
1
0
0
0
0
0
0
7
3
6
0
0
0
1
0
6
8367
323
2757
440
138
411
24
586
949
2474
304
625
1701
1460
2229
3
17
15
269
6
288
107
2
76
20
3
710
1119
8
88
124
1
2
152
0
28
974
24
49
17
0
0
58
0
3
371
0
141
5
0
0
250
0
250
34
7
15
0
0
2
1
0
3
2
2
2
0
0
0
0
0
0
15
0
9
0
0
0
0
0
5
1428
27
754
139
23
112
253
14
257
1154
33
771
0
3
14
76
7
63
268
2
268
9
0
15
141
0
371
477
4
174
90
0
19
1053
172
584
833
11
113
2
0
4
1345
112
616
710
3
20
6
0
1
1671
10
606
222
69
161
0
4
14
299
924
2141
79
26
143
0
0
0
31
23
29
76
2
107
0
0
0
111
20
168
941
25
1417
43
23
119
5137
347
4300
281
19
532
2
0
19
1396
616
2188
288
6
269
6
3
7
1094
25
1297
12318
393
1414
910
47
294
9524
665
765
4999
1339
316
8461
1712
647
1530
176
355
2328
28
174
502
22
23
1179
4
1087
3653
4
498
9
190
139
3586
2623
2723
12
0
1
34
395
20
1
11
3
3
0
0
5
6
0
4
0
3
4999
276
1745
837
343
1810
23
597
2249
1036
94
175
1744
2985
978
42
21
28
326
2
132
130
63
33
48
1
228
5365
36
91
896
15
39
1115
2
148
10414
1274
271
12053
271
285
8314
9
851
1387
18
23
574
2
16
5591
0
1341
11
1
0
2
3
4
0
2
4
16
1
2
6
0
69
2
3
21
4
3
0
7
5
10
0
0
15
5775
51
630
1127
193
624
1141
91
1107
4304
584
876
10780
5814
4893
3756
552
4802
1185
23
399
598
114
356
2909
51
2036
460
36
184
12
4
74
1586
269
970
4379
73
515
2435
53
1012
13905
781
2584
1535
23
172
149
20
118
12615
26
2526
62
2
2
1
20
20
817
1396
1553
15
3
3
12
754
536
2679
2213
1389
78
1
23
3
14
33
938
197
1104
676
28
796
70
10
401
3409
284
3280
1691
722
1452
1740
368
3562
5096
837
6331
493
11
459
312
44
394
4200
64
4342
2926
86
240
173
16
44
3583
152
464
410
15
18
64
10
15
423
142
56
1696
50
93
135
13
19
1811
39
642
173
16
44
58
896
28
784
305
500
16
22
1
152
11
0
20
5
2
32
51
5
23
26
4
202
117
161
3583
152
464
784
305
500
0
430
472
124
45
31
1
3
0
7
10
3
278
5
69
83
13
4
30
2
184
530
0
22
72
4
46
584
5
85
296
34
14
1371
358
214
927
147
196
516
9
36
383
23
54
1543
11
457
72
4
46
16
14
10
7
2
9
45
13
3
989
868
41
28
6
16
35
6
24
83
41
7
31
3
41
584
5
85
7
2
9
1204
6
318
132
11
42
3
11
70
537
93
301
372
6
110
76
14
101
1444
23
622
554
26
64
34
0
8
1328
121
476
1032
156
60
679
30
91
1655
83
549
1034
12
115
132
32
55
4588
45
2383
34
0
8
0
6
2
561
175
822
2
2
3
49
547
8
176
33
64
8
22
11
13
32
6
887
247
331
1328
121
476
561
175
822
3870
782
3028
1101
260
556
1983
698
547
2091
390
1709
1146
13
514
310
32
217
6306
219
5517
5051
590
3137
83
20
53
367
45
397
2757
1116
1703
142
243
428
212
299
372
2188
616
1396
29
23
31
616
112
1345
48
3
3
0
3
0
0
0
1
3
0
1
0
0
0
0
0
0
19
0
2
0
0
0
4
0
2
4245
128
2053
517
75
667
61
32
57
3293
312
691
2105
1687
3968
58
0
21
532
19
281
143
26
79
113
11
833
365
23
108
0
0
0
1
0
6
13
1
7
0
0
0
0
0
0
63
7
76
0
0
0
3
0
58
24
6
4
0
0
0
0
0
0
4
0
4
0
0
0
0
0
0
14
3
0
0
0
0
0
0
17
1911
245
2149
316
150
252
40
54
344
1928
214
1928
4
0
4
7
1
13
771
33
1154
2
2
2
49
24
974
354
15
74
0
0
0
621
229
304
21
0
58
0
0
0
372
299
212
15
17
3
0
0
0
277
79
388
4026
1410
2541
0
0
0
1547
581
1463
3968
1687
2105
0
0
0
428
243
142
2229
1460
1701
0
0
0
592
195
2089
3831
354
5252
7
10
87
4308
725
6430
691
312
3293
1
0
3
1703
1116
2757
625
304
2474
1
2
3
901
571
4080
1992
79
253
217
68
50
112
8
107
3067
496
536
2939
2727
627
1614
168
172
1326
49
215
186
66
15
638
17
826
0
0
0
0
0
0
0
0
0
0
0
0
0
0
0
0
0
0
0
0
0
0
0
0
0
0
0
3293
139
454
495
68
80
92
5
44
5259
240
679
5960
1600
783
1263
2
7
2747
27
1159
238
41
43
724
1
1386
357
52
144
0
0
0
0
0
0
891
593
313
0
0
0
0
0
0
175
46
6
0
0
0
0
0
561
0
0
0
0
0
0
0
0
0
0
0
0
0
0
0
0
0
0
0
0
0
0
0
0
0
0
0
12833
547
2457
1592
679
842
806
289
1797
16291
2685
4915
19092
12449
9714
22705
1022
6267
2507
230
2271
711
394
583
10121
109
4586
8236
866
1172
4
2
5
2709
317
969
2975
1495
1817
1
0
0
8265
827
3571
4529
630
497
0
1
0
9082
327
4072
19095
0
0
0
0
0
11786
6093
9032
0
0
0
0
0
0
46784
11862
11309
0
0
0
0
0
0
18736
3807
10418
14380
105
7319
148
11
479
5797
1152
10849
2338
581
4056
1023
1
4440
9043
1974
25002
833
54
991
93
42
196
7274
858
13417
410
15
18
16
22
1
124
45
31
80
10
40
24
41
6
167
29
56
330
36
35
105
230
25
595
54
471
64
10
15
152
11
0
1
3
0
24
41
6
0
0
0
0
1
6
59
58
21
210
329
9
45
2
22
423
142
56
20
5
2
7
10
3
167
29
56
0
1
6
26
0
12
307
43
46
57
26
12
95
12
223
296
34
14
45
13
3
132
11
42
26
18
26
70
65
24
147
63
59
172
27
16
16
5
9
242
28
205
1371
358
214
989
868
41
3
11
70
70
65
24
0
0
0
0
0
0
667
148
123
78
18
5
9
7
146
927
147
196
28
6
16
537
93
301
147
63
59
0
0
0
336
114
206
680
91
276
135
86
175
801
182
1170
1032
156
60
2
2
3
1101
260
556
234
204
66
10
2
11
578
218
197
641
86
74
5
2
0
3661
351
2030
679
30
91
49
547
8
1983
698
547
10
2
11
0
0
0
1258
778
224
183
144
63
11
24
8
10819
1384
2378
1655
83
549
176
33
64
2091
390
1709
578
218
197
1258
778
224
1052
370
966
522
44
401
129
276
78
4616
659
5615
15368
310
12163
414
82
209
881
20
1230
6430
725
4308
1463
581
1547
304
229
621
4300
347
5137
2141
924
299
584
172
1053
1317
376
499
30
26
11
13
4
12
87
10
7
0
0
0
0
0
0
119
23
43
14
4
0
19
0
90
13964
164
9049
694
118
838
315
81
1303
5252
354
3831
2541
1410
4026
74
15
354
1417
25
941
161
69
222
174
4
477
1607
46
350
146
15
14
27
0
27
344
54
40
0
0
0
6
0
1
257
14
253
3
0
1
28
0
152
646
96
532
122
88
122
14
15
146
252
150
316
0
0
0
0
0
0
112
23
139
2
0
0
2
1
124
4592
98
4592
532
96
646
350
46
1607
2149
245
1911
4
6
24
108
23
365
754
27
1428
15
7
34
88
8
1119
1303
81
315
12
4
13
1230
20
881
57
32
61
1
0
0
397
45
367
949
586
24
476
300
136
535
290
2642
838
118
694
11
26
30
209
82
414
667
75
517
0
3
0
53
20
83
411
138
440
0
1
4
71
6
326
9049
164
13964
499
376
1317
12163
310
15368
2053
128
4245
3
3
48
3137
590
5051
2757
323
8367
706
637
679
2848
284
8788
9058
274
967
1068
150
96
542
10
72
10616
773
744
13159
3110
432
1463
293
144
3125
66
311
707
49
33
1051
16
341
965
64
115
167
714
158
10
0
136
1008
196
99
1158
2234
166
124
0
0
398
10
67
46
45
3
129
0
15
7811
110
3430
1136
501
805
269
42
1546
9114
528
3069
6586
1397
2904
635
18
668
3324
79
611
352
30
49
475
19
561
2796
104
374
453
42
77
722
4
65
5938
1339
348
3472
1278
430
1062
72
225
1092
93
86
457
63
24
1037
7
1574
3129
165
451
458
387
466
106
120
485
3401
692
1074
6543
8864
4339
803
467
2298
466
169
81
557
359
255
365
89
1817
12567
258
4201
2294
496
2856
1233
246
3347
13570
1754
5429
22663
10458
18888
4306
1481
10423
1742
146
1242
1514
331
1336
2816
117
6006
2622
32
497
46
2
75
1525
39
708
1978
150
811
499
28
1172
2737
193
1488
1581
235
123
3523
1031
182
3238
237
3803
1412
2
292
10
33
62
1109
322
1004
471
26
374
232
1957
1295
2716
514
1956
153
41
56
215
607
98
1402
204
1745
14393
38
11852
218
37
1200
8986
225
10888
6063
769
9789
3712
1205
11482
8291
887
19748
3846
310
7566
2016
359
1532
10082
308
23426
1696
50
93
32
51
5
278
5
69
330
36
35
59
58
21
307
43
46
1668
34
96
253
56
19
1503
40
274
135
13
19
23
26
4
83
13
4
105
230
25
210
329
9
57
26
12
253
56
19
50
44
12
255
80
70
1811
39
642
202
117
161
30
2
184
595
54
471
45
2
22
95
12
223
1503
40
274
255
80
70
456
0
206
516
9
36
35
6
24
372
6
110
172
27
16
667
148
123
680
91
276
534
28
72
322
13
43
787
27
425
383
23
54
83
41
7
76
14
101
16
5
9
78
18
5
135
86
175
322
13
43
176
70
42
373
58
377
1543
11
457
31
3
41
1444
23
622
242
28
205
9
7
146
801
182
1170
787
27
425
373
58
377
1996
100
2120
1034
12
115
8
22
11
1146
13
514
641
86
74
183
144
63
522
44
401
654
58
190
116
224
23
2869
309
3228
132
32
55
13
32
6
310
32
217
5
2
0
11
24
8
129
276
78
116
224
23
192
222
18
1247
217
533
4588
45
2383
887
247
331
6306
219
5517
3661
351
2030
10819
1384
2378
4616
659
5615
2869
309
3228
1247
217
533
13614
856
23018
7828
10
12298
121
13
4658
574
8
790
1202
6
1600
69
27
1625
51
1
106
1000
20
1795
40
9
158
282
0
317
121
13
4658
24
10
14
8
3
132
7
1
11
9
8
8
0
0
3
15
1
33
7
4
8
8
0
6
574
8
790
8
3
132
22
6
226
26
1
48
5
10
14
4
6
29
13
0
44
1
6
4
4
2
50
16
0
4
5
0
0
1
0
2
7
1
1
5
0
3
0
0
0
7
0
2
8
1
9
1
0
2
5
0
0
0
0
2
0
0
2
0
0
0
0
1
1
0
0
0
2
0
3
0
6
23
0
0
0
1
0
2
0
0
2
0
0
2
0
0
1
0
0
0
0
0
1
0
0
0
0
3
3
0
0
4
2
0
7034
7
0
1230
16
0
1417
91
0
1641
13
0
9857
53
0
1475
2
0
3
2
9
58
16
0
61
7
0
1230
0
0
150
3
0
108
7
0
123
0
0
7
0
0
7
0
0
15
0
1
15
1
1
7
16
0
1417
3
0
108
6
0
292
3
0
157
0
0
250
1
0
208
1
0
23
3
0
21
1
0
37
3223
3
6741
122
2
719
461
0
545
1489
62
1530
507
134
247
625
23
172
1381
4
3023
43
1
0
314
1
819
132
5
1156
24
7
166
2
0
111
85
5
186
122
238
139
20
1
71
45
2
149
9
5
3
2
0
79
282
0
1197
1
0
103
9
1
145
141
0
132
5
8
58
72
54
187
138
0
192
1
0
3
8
1
126
81
7
2
12
17
29
6
3
3
27
4
3
110
56
181
49
6
94
11
0
0
14
5
6
25
0
19
0
0
0
0
0
0
0
0
0
0
0
0
0
0
0
0
0
0
0
0
0
0
0
0
0
0
0
4
0
0
0
0
0
0
0
2
0
0
0
0
0
0
0
0
26
0
0
0
0
0
0
0
0
1
94
0
11009
42
0
1187
174
2
2439
182
0
6290
90
0
4747
368
3
6239
203
0
7102
43
17
334
257
2
6379
0
0
720
0
0
155
1
0
225
2
0
921
4
0
608
0
0
377
3
0
682
1
0
29
1
0
556
41
5
1866
2
5
1200
20
1
1330
2
1
866
10
29
1113
14
3
1430
6
0
1126
2
2
40
26
0
1049
4878
11
3712
177
15
96
1619
5
1193
2199
33
1198
2775
32
164
1706
22
829
28361
593
33685
1893
685
1754
11964
163
7019
64
2
689
9
127
32
28
1
489
25
72
34
30
0
0
20
7
26
509
151
542
71
45
16
142
56
242
898
22
285
92
13
43
0
25
187
210
4
53
62
0
4
76
0
301
988
51
1838
116
60
122
632
65
1739
61
1
5
27
0
4
14
0
7
86
7
5
311
11
15
67
4
24
1924
49
1942
253
29
111
732
23
1151
31
2
3
26
10
3
0
0
5
44
9
1
22
0
22
14
50
37
225
53
88
101
78
142
47
31
302
44
1
2
3
0
8
14
1
26
22
3
9
83
37
142
24
11
88
131
14
321
44
35
523
103
25
863
80
0
2829
16
1
211
234
0
3313
168
5
2254
106
0
65
281
0
2201
3127
121
23203
1088
178
3871
6733
162
26221
0
0
106
0
0
4
0
0
179
1
0
45
1
0
1
2
0
249
104
110
1208
38
245
119
134
47
1041
151
2
929
37
5
442
515
9
2201
121
37
269
404
81
233
611
24
852
2276
38
5823
108
88
526
1818
133
10297
1202
6
1600
7
1
11
26
1
48
312
0
450
7
0
105
25
0
42
372
2
477
1
1
11
72
0
112
69
27
1625
9
8
8
5
10
14
7
0
105
0
0
0
0
0
0
22
11
46
0
6
0
12
3
0
51
1
106
0
0
3
4
6
29
25
0
42
0
0
0
0
0
0
4
0
26
0
0
1
2
3
16
7
1
1
0
0
0
0
0
1
0
0
0
0
0
0
0
0
0
8
0
4
2
0
7
1
0
1
5
0
3
0
1
1
0
0
0
0
0
0
0
0
0
0
0
0
6
0
5
2
18
75
0
0
1
0
0
0
0
0
0
0
0
1
0
0
0
0
0
0
0
0
0
0
0
0
0
2
3
0
0
1
91
0
1641
7
0
123
3
0
157
0
0
558
0
0
508
0
0
142
0
0
0
1
0
5
0
0
14
13
0
9857
0
0
7
0
0
250
0
0
508
0
0
0
0
0
83
0
0
12
1
1
19
0
0
9
53
0
1475
0
0
7
1
0
208
0
0
142
0
0
83
2
0
122
0
0
12
0
4
7
0
0
10
241
0
930
0
0
0
0
0
0
370
0
1325
0
0
0
0
0
0
226
0
949
0
0
0
7
0
165
58
0
400
0
0
0
0
0
0
290
0
1046
0
0
0
0
0
0
71
0
448
0
0
0
0
0
84
60
0
165
0
0
0
0
0
13
32
0
341
0
0
0
0
0
29
20
0
109
0
0
0
0
0
84
0
0
0
0
0
0
0
0
0
0
0
0
0
0
0
0
0
0
0
0
0
0
0
0
0
0
0
0
0
0
0
0
0
0
0
0
0
0
0
0
0
0
0
0
0
0
0
0
0
0
0
0
0
0
0
0
0
0
0
0
0
0
0
0
0
0
0
0
0
0
0
0
0
0
0
0
0
0
0
0
0
299
0
3963
2
0
102
22
0
516
75
0
3411
14
0
1146
36
0
951
123
0
2444
5
0
70
41
0
1576
1
0
5895
0
0
0
0
0
785
0
0
6737
0
0
0
0
0
0
1
0
2119
0
0
0
0
0
1564
21
0
2123
0
0
1
0
0
1003
0
0
998
0
0
21
0
0
867
0
0
656
0
0
9
3
0
648
591
4
406
63
0
16
19
0
64
1012
0
1274
1824
0
108
643
0
508
6677
517
19109
592
23
158
3295
118
2427
66
4
180
2
0
0
4
0
33
76
0
372
0
0
0
21
0
51
1962
2157
2408
2
212
0
144
30
346
124
0
55
0
0
0
1
0
9
22
0
52
0
0
0
44
0
137
276
160
416
2
0
1
139
53
353
4
0
1
0
0
0
1
0
0
0
0
0
0
0
0
0
0
0
582
91
635
55
41
55
231
225
576
24
70
71
0
0
0
0
0
4
0
0
0
0
0
0
0
0
0
101
6
8
32
813
1015
117
236
780
2
1
3
0
0
0
2
0
5
0
0
0
0
0
0
0
0
0
68
12
85
2
11
51
26
39
217
316
0
1076
8
0
8
84
1
664
96
0
1875
23
0
20
63
0
593
1152
20
9075
60
45
336
1119
149
9687
45
0
833
0
0
0
4
4
621
0
0
330
0
0
0
0
0
1108
6
1
3474
1
13
199
32
11
2233
65
3
290
4
0
0
31
1
424
2
0
317
21
0
3
26
0
243
705
61
2182
7
30
74
271
505
3912
1000
20
1795
15
1
33
13
0
44
372
2
477
22
11
46
4
0
26
40
10
256
2
1
9
12
3
58
40
9
158
7
4
8
1
6
4
1
1
11
0
6
0
0
0
1
2
1
9
0
24
0
0
0
0
282
0
317
8
0
6
4
2
50
72
0
112
12
3
0
2
3
16
12
3
58
0
0
0
2
0
6
7
0
2
2
0
3
0
0
0
8
0
4
6
0
5
0
0
0
0
0
4
1
1
3
0
0
0
8
1
9
0
6
23
0
3
3
2
0
7
2
18
75
0
2
3
1
1
3
2
14
16
1
0
3
1
0
2
0
0
0
0
0
4
1
0
1
0
0
1
0
0
1
0
0
0
1
0
3
0
0
0
2
0
3
0
0
15
1
0
23
0
0
0
0
0
12
0
0
12
0
0
0
1
0
7
1
0
21
2
9
58
0
1
15
3
0
21
1
0
5
1
1
19
0
4
7
1
0
7
2
64
36
2
0
5
16
0
61
1
1
7
1
0
37
0
0
14
0
0
9
0
0
10
1
0
21
2
0
5
0
0
36
203
3
997
5
1
3
8
0
32
431
23
611
71
8
17
35
6
17
141
25
436
5
0
0
28
0
6
33
3
74
3
0
0
0
0
0
73
168
107
0
3
1
0
0
0
119
49
35
0
0
0
0
0
0
45
0
453
4
4
1
1
1
57
75
24
442
5
0
4
3
3
28
49
30
170
1
0
0
6
9
19
7
0
0
5
0
5
0
0
2
33
0
0
1
0
0
0
0
1
5
1
0
17
2
2
0
0
145
0
0
0
0
0
0
0
0
0
0
0
0
0
0
0
0
0
0
0
0
0
0
0
0
0
0
0
17
0
1
0
0
1
1
0
18
11
0
1
0
0
5
4
9
96
1
0
0
1
0
0
1
0
70
17
0
4
1
0
52
5
0
74
2
0
3
6
0
188
15
0
126
108
12
2
32
8
56
28
3
511
0
0
0
0
0
0
0
0
1
0
0
9
0
0
0
0
0
0
12
270
0
5
3
1
1
0
78
23
0
7
1
1
4
4
0
69
1
0
17
0
4
70
2
4
149
23
19
1
0
1
8
5
1
283
340
1
308
25
8
13
19
0
19
595
21
537
958
3
80
307
16
112
6147
320
7115
225
63
29
1630
91
781
11
0
27
5
0
0
1
0
29
28
15
37
3
0
0
6
2
22
1608
138
192
27
0
0
15
7
19
142
3
81
0
0
1
0
0
5
108
26
145
3
0
0
5
0
93
658
36
1428
8
1
1
26
4
42
2
0
3
4
0
0
3
0
0
21
5
4
117
36
0
2
1
3
148
11
428
32
9
25
66
9
213
6
1
0
4
0
1
0
0
1
12
0
0
16
0
3
1
2
8
15
2
0
12
16
63
1
1
26
6
0
0
0
0
1
1
0
5
2
0
1
0
2
14
0
15
11
6
1
6
4
1
16
8
15
114
16
0
4
7
1
9
94
0
153
0
0
1
48
0
13
21
0
150
492
79
16
1873
144
412
1102
99
9989
3
0
0
0
0
1
0
0
0
2
1
2
4
18
16
0
0
2
9
101
10
77
9
25
10
11
155
85
0
46
5
0
20
110
2
205
131
11
91
29
16
22
113
6
263
202
77
167
424
12
226
711
100
6990
3223
3
6741
132
5
1156
282
0
1197
241
0
930
58
0
400
60
0
165
203
3
997
33
3
74
45
0
453
122
2
719
24
7
166
1
0
103
0
0
0
0
0
0
0
0
0
5
1
3
3
0
0
4
4
1
461
0
545
2
0
111
9
1
145
0
0
0
0
0
0
0
0
13
8
0
32
0
0
0
1
1
57
81
7
2
0
0
0
4
0
0
0
0
0
0
0
0
0
0
0
7
0
0
0
0
0
17
0
1
12
17
29
0
0
0
0
0
0
0
0
0
0
0
0
0
0
0
5
0
5
0
0
0
0
0
1
6
3
3
0
0
0
0
0
2
0
0
0
0
0
0
0
0
0
0
0
2
0
0
0
1
0
18
94
0
11009
0
0
720
41
5
1866
299
0
3963
1
0
5895
21
0
2123
17
0
4
0
0
0
23
0
7
42
0
1187
0
0
155
2
5
1200
2
0
102
0
0
0
0
0
1
1
0
52
0
0
0
1
1
4
174
2
2439
1
0
225
20
1
1330
22
0
516
0
0
785
0
0
1003
5
0
74
0
0
1
4
0
69
2546
0
2734
211
0
1250
532
0
726
0
0
0
0
0
0
0
0
0
21
0
4
2
0
0
5
0
4
211
0
1250
8
0
534
40
0
402
0
0
0
0
0
0
0
0
0
1
0
0
0
0
0
0
0
11
532
0
726
40
0
402
4
0
526
0
0
0
0
0
0
0
0
0
0
0
5
0
0
4
1
0
14
0
0
0
0
0
0
0
0
0
0
0
0
0
0
0
0
0
0
0
0
0
0
0
0
0
0
0
0
0
0
0
0
0
0
0
0
0
0
0
0
0
0
0
0
0
0
0
0
0
0
0
0
0
0
0
0
0
0
0
0
0
0
0
0
0
0
0
0
0
0
0
0
0
0
0
0
0
0
0
0
0
814
0
11282
90
0
660
549
0
3558
1884
0
4487
356
0
2601
939
0
2962
436
0
3735
76
0
168
716
0
4348
90
0
660
0
0
440
1
0
1681
110
0
434
2
0
678
24
0
409
28
0
231
3
0
78
16
0
440
549
0
3558
1
0
1681
10
0
3912
20
0
497
0
0
425
12
0
933
16
0
247
8
0
38
72
0
899
2921
5
969
178
4
36
911
1
559
801
0
28
1490
0
4
614
0
318
8250
108
912
969
209
231
5358
83
2600
175
6
675
23
117
90
135
6
915
9
0
0
24
0
0
3
0
3
488
112
73
66
313
111
291
283
359
1211
16
220
101
19
44
4
11
176
81
0
5
0
0
23
46
0
404
1290
34
83
70
50
8
344
115
697
47
0
0
4
0
0
21
0
1
0
0
0
0
0
0
0
0
0
3675
95
2819
452
35
47
1275
14
506
5
0
5
2
0
2
0
0
13
0
0
0
0
0
0
0
0
0
819
159
564
142
120
252
52
35
395
2
0
5
0
0
0
0
0
14
0
0
0
0
0
0
0
0
0
653
25
1448
15
36
124
127
39
823
130
0
1914
29
0
65
734
1
2064
446
0
1437
76
0
1
690
0
1337
3682
10
16950
345
30
1628
6502
38
14968
13
1
213
0
0
68
16
0
504
5
0
55
0
0
0
20
0
78
104
27
807
32
29
148
115
87
1633
215
3
1260
65
29
914
682
4
1824
21
0
172
46
0
14
76
0
470
1235
26
4999
99
36
797
1985
65
8955
1489
62
1530
85
5
186
141
0
132
370
0
1325
290
0
1046
32
0
341
431
23
611
73
168
107
75
24
442
507
134
247
122
238
139
5
8
58
0
0
0
0
0
0
0
0
0
71
8
17
0
3
1
5
0
4
625
23
172
20
1
71
72
54
187
0
0
0
0
0
0
0
0
29
35
6
17
0
0
0
3
3
28
27
4
3
0
0
0
0
0
0
0
0
0
0
0
0
0
0
0
33
0
0
0
0
0
11
0
1
110
56
181
0
0
0
0
0
0
0
0
0
0
0
0
0
0
0
1
0
0
0
0
0
0
0
5
49
6
94
0
0
0
0
0
26
0
0
0
0
0
0
0
0
0
0
0
1
0
0
0
4
9
96
182
0
6290
2
0
921
2
1
866
75
0
3411
0
0
6737
0
0
998
2
0
3
0
0
9
1
0
17
90
0
4747
4
0
608
10
29
1113
14
0
1146
0
0
0
0
0
21
6
0
188
0
0
0
0
4
70
368
3
6239
0
0
377
14
3
1430
36
0
951
0
0
0
0
0
867
15
0
126
0
0
0
2
4
149
0
0
0
0
0
0
0
0
0
0
0
0
0
0
0
0
0
0
0
0
0
0
0
0
0
0
0
0
0
0
0
0
0
0
0
0
0
0
0
0
0
0
0
0
0
0
0
0
0
0
0
0
0
0
0
0
0
0
0
0
0
0
0
0
0
0
0
0
0
0
0
0
0
0
0
0
0
0
0
0
0
0
0
0
0
0
0
0
0
0
0
0
0
0
0
0
0
0
0
0
0
0
0
0
0
0
0
0
0
0
0
0
0
0
0
0
0
0
0
0
0
0
0
0
0
0
0
0
0
0
0
0
0
0
0
0
0
0
0
0
0
0
0
0
0
0
0
0
0
0
0
0
0
0
0
0
0
0
0
0
0
0
1884
0
4487
110
0
434
20
0
497
2036
0
2992
358
0
4495
435
0
3048
296
0
1393
90
0
178
219
0
1999
356
0
2601
2
0
678
0
0
425
358
0
4495
0
0
1666
2
0
1281
107
0
986
13
0
300
34
0
1812
939
0
2962
24
0
409
12
0
933
435
0
3048
2
0
1281
30
0
1016
56
0
1213
11
0
142
62
0
1089
417
6
17
22
2
4
4
0
10
351
0
4
2
0
0
37
0
87
5562
533
197
531
910
733
1444
638
2353
234
12
12
18
87
22
2
1
3
2
0
0
5
0
0
2
0
0
2559
437
93
267
406
0
565
77
105
1145
6
9
122
1
41
9
1
40
268
0
3
0
0
0
60
0
865
1603
357
84
396
5
101
623
131
867
34
6
2
3
1
0
0
0
0
0
0
0
0
0
0
0
0
0
4434
614
3044
558
118
91
569
76
891
43
35
79
2
0
13
0
13
82
0
0
0
0
0
0
0
0
0
5384
2927
5553
1017
1628
2192
469
484
3842
24
1
29
0
0
8
5
4
68
0
0
0
0
0
0
0
0
0
1352
325
4363
83
108
631
365
656
4871
841
1
908
2
0
1
297
4
422
321
0
2359
0
0
0
448
0
1134
2410
87
16494
156
24
1266
3665
283
15064
254
5
1068
0
0
48
138
15
606
0
0
913
0
0
0
134
0
562
1083
1245
5605
129
819
711
1447
1726
8597
552
11
689
24
29
37
341
2
895
22
0
697
3
0
0
111
0
614
1393
139
5151
59
262
249
825
388
8783
1381
4
3023
45
2
149
138
0
192
226
0
949
71
0
448
20
0
109
141
25
436
119
49
35
49
30
170
43
1
0
9
5
3
1
0
3
0
0
0
0
0
0
0
0
0
5
0
0
0
0
0
1
0
0
314
1
819
2
0
79
8
1
126
7
0
165
0
0
84
0
0
84
28
0
6
0
0
0
6
9
19
11
0
0
0
0
0
0
0
0
0
0
0
0
0
0
0
0
0
5
1
0
0
0
0
1
0
0
14
5
6
0
0
0
0
0
0
0
0
0
0
0
0
0
0
0
17
2
2
0
0
0
1
0
0
25
0
19
0
0
0
0
0
1
0
0
0
0
0
0
0
0
0
0
0
145
0
0
0
1
0
70
203
0
7102
3
0
682
6
0
1126
123
0
2444
1
0
2119
0
0
656
108
12
2
12
270
0
23
19
1
43
17
334
1
0
29
2
2
40
5
0
70
0
0
0
0
0
9
32
8
56
5
3
1
0
1
8
257
2
6379
1
0
556
26
0
1049
41
0
1576
0
0
1564
3
0
648
28
3
511
1
0
78
5
1
283
21
0
4
1
0
0
0
0
5
0
0
0
0
0
0
0
0
0
0
0
0
0
0
0
0
0
0
2
0
0
0
0
0
0
0
4
0
0
0
0
0
0
0
0
0
0
0
0
0
0
0
0
0
0
5
0
4
0
0
11
1
0
14
0
0
0
0
0
0
0
0
0
0
0
0
0
0
0
0
0
0
0
0
0
0
0
0
0
0
0
0
0
0
0
0
0
0
0
0
0
0
0
0
0
0
0
0
0
0
0
0
0
0
0
0
0
0
0
0
0
0
0
0
0
0
0
0
0
0
0
0
0
0
0
0
0
0
0
0
0
0
0
0
0
0
0
0
0
0
0
0
0
0
0
0
0
0
0
0
0
0
0
436
0
3735
28
0
231
16
0
247
296
0
1393
107
0
986
56
0
1213
68
0
288
19
0
60
28
0
565
76
0
168
3
0
78
8
0
38
90
0
178
13
0
300
11
0
142
19
0
60
4
0
22
11
0
155
716
0
4348
16
0
440
72
0
899
219
0
1999
34
0
1812
62
0
1089
28
0
565
11
0
155
90
0
844
155
0
19
13
0
5
14
0
11
339
0
0
34
0
0
12
0
15
3679
238
278
892
1294
6
633
437
162
24
1
1
5
1
2
1
0
1
11
0
0
56
0
0
6
0
4
289
7
7
38
32
1
45
14
12
712
1
71
47
0
21
2
0
36
168
0
86
298
0
58
74
0
337
1567
23
105
12
0
0
284
183
363
5
0
0
2
1
0
0
0
0
0
0
0
0
0
0
0
0
0
1580
140
1075
123
34
8
90
11
129
10
2
3
3
2
1
1
0
5
0
0
0
0
0
0
0
0
0
893
156
448
144
93
116
67
31
339
1
0
36
0
0
1
1
0
13
0
0
0
0
0
0
0
0
0
1047
38
5083
34
17
306
215
37
1874
380
0
496
1
2
14
191
0
434
79
0
1050
0
0
0
93
0
549
2852
234
7642
1216
827
1706
1158
319
7325
28
0
71
1
1
4
8
1
27
8
0
38
0
0
0
8
0
43
1636
171
615
274
534
102
779
127
978
678
2
1127
16
1
116
393
2
866
100
0
1098
73
0
26
124
0
856
3254
78
11219
1001
38
1395
2843
184
18120
4878
11
3712
64
2
689
898
22
285
591
4
406
66
4
180
124
0
55
340
1
308
11
0
27
142
3
81
177
15
96
9
127
32
92
13
43
63
0
16
2
0
0
0
0
0
25
8
13
5
0
0
0
0
1
1619
5
1193
28
1
489
0
25
187
19
0
64
4
0
33
1
0
9
19
0
19
1
0
29
0
0
5
61
1
5
31
2
3
44
1
2
4
0
1
24
70
71
2
1
3
2
0
3
6
1
0
6
0
0
27
0
4
26
10
3
3
0
8
0
0
0
0
0
0
0
0
0
4
0
0
4
0
1
0
0
1
14
0
7
0
0
5
14
1
26
1
0
0
0
0
4
2
0
5
3
0
0
0
0
1
1
0
5
80
0
2829
0
0
106
151
2
929
316
0
1076
45
0
833
65
3
290
16
0
4
3
0
0
85
0
46
16
1
211
0
0
4
37
5
442
8
0
8
0
0
0
4
0
0
7
1
9
0
0
1
5
0
20
234
0
3313
0
0
179
515
9
2201
84
1
664
4
4
621
31
1
424
94
0
153
0
0
0
110
2
205
2921
5
969
175
6
675
1211
16
220
417
6
17
234
12
12
1145
6
9
155
0
19
24
1
1
712
1
71
178
4
36
23
117
90
101
19
44
22
2
4
18
87
22
122
1
41
13
0
5
5
1
2
47
0
21
911
1
559
135
6
915
4
11
176
4
0
10
2
1
3
9
1
40
14
0
11
1
0
1
2
0
36
47
0
0
5
0
5
2
0
5
34
6
2
43
35
79
24
1
29
5
0
0
10
2
3
1
0
36
4
0
0
2
0
2
0
0
0
3
1
0
2
0
13
0
0
8
2
1
0
3
2
1
0
0
1
21
0
1
0
0
13
0
0
14
0
0
0
0
13
82
5
4
68
0
0
0
1
0
5
1
0
13
130
0
1914
13
1
213
215
3
1260
841
1
908
254
5
1068
552
11
689
380
0
496
28
0
71
678
2
1127
29
0
65
0
0
68
65
29
914
2
0
1
0
0
48
24
29
37
1
2
14
1
1
4
16
1
116
734
1
2064
16
0
504
682
4
1824
297
4
422
138
15
606
341
2
895
191
0
434
8
1
27
393
2
866
3132
28
598
271
16
92
3921
24
719
1040
23
43
1853
86
46
465
36
33
7259
97
459
648
52
87
4171
40
756
271
16
92
132
910
4
1331
107
249
46
14
4
83
6
1
35
6
6
195
166
39
62
45
6
294
34
145
3921
24
719
1331
107
249
0
66
624
159
1
50
199
0
5
7
0
2
1193
29
201
166
22
45
206
36
366
680
2
42
111
2
8
742
1
45
1322
126
42
750
98
42
458
7
113
1060
12
171
194
79
96
623
9
610
111
2
8
48
40
6
41
3
58
147
13
2
857
353
32
82
20
88
171
30
34
158
31
21
105
27
166
742
1
45
41
3
58
400
12
322
259
24
38
2007
214
838
436
103
507
618
13
391
187
16
175
606
23
691
522
8
1350
81
0
72
1012
10
2304
1197
38
258
340
0
67
1190
4
437
4176
49
3992
472
63
476
23819
122
7580
81
0
72
0
8
30
267
91
977
6
1
7
12
63
7
22
5
16
163
17
173
29
51
44
1437
528
901
1012
10
2304
267
91
977
3710
84
5028
798
24
494
1992
191
380
1986
62
1476
2623
29
5185
807
61
681
15721
283
23730
2199
33
1198
25
72
34
210
4
53
1012
0
1274
76
0
372
22
0
52
595
21
537
28
15
37
108
26
145
2775
32
164
30
0
0
62
0
4
1824
0
108
0
0
0
0
0
0
958
3
80
3
0
0
3
0
0
1706
22
829
20
7
26
76
0
301
643
0
508
21
0
51
44
0
137
307
16
112
6
2
22
5
0
93
86
7
5
44
9
1
22
3
9
0
0
0
0
0
0
0
0
0
21
5
4
12
0
0
2
0
1
311
11
15
22
0
22
83
37
142
0
0
0
0
0
0
0
0
0
117
36
0
16
0
3
0
2
14
67
4
24
14
50
37
24
11
88
0
0
0
0
0
0
0
0
0
2
1
3
1
2
8
0
15
11
168
5
2254
1
0
45
121
37
269
96
0
1875
0
0
330
2
0
317
0
0
1
2
1
2
131
11
91
106
0
65
1
0
1
404
81
233
23
0
20
0
0
0
21
0
3
48
0
13
4
18
16
29
16
22
281
0
2201
2
0
249
611
24
852
63
0
593
0
0
1108
26
0
243
21
0
150
0
0
2
113
6
263
801
0
28
9
0
0
81
0
5
351
0
4
2
0
0
268
0
3
339
0
0
11
0
0
168
0
86
1490
0
4
24
0
0
0
0
23
2
0
0
5
0
0
0
0
0
34
0
0
56
0
0
298
0
58
614
0
318
3
0
3
46
0
404
37
0
87
2
0
0
60
0
865
12
0
15
6
0
4
74
0
337
0
0
0
0
0
0
0
0
0
0
0
0
0
0
0
0
0
0
0
0
0
0
0
0
0
0
0
0
0
0
0
0
0
0
0
0
0
0
0
0
0
0
0
0
0
0
0
0
0
0
0
0
0
0
0
0
0
0
0
0
0
0
0
0
0
0
0
0
0
0
0
0
0
0
0
0
0
0
0
0
0
446
0
1437
5
0
55
21
0
172
321
0
2359
0
0
913
22
0
697
79
0
1050
8
0
38
100
0
1098
76
0
1
0
0
0
46
0
14
0
0
0
0
0
0
3
0
0
0
0
0
0
0
0
73
0
26
690
0
1337
20
0
78
76
0
470
448
0
1134
134
0
562
111
0
614
93
0
549
8
0
43
124
0
856
1040
23
43
46
14
4
159
1
50
86
0
4
10
0
4
95
0
0
1370
212
80
87
271
121
1852
115
876
1853
86
46
83
6
1
199
0
5
10
0
4
0
0
0
39
0
1
1090
64
24
162
0
0
1708
0
270
465
36
33
35
6
6
7
0
2
95
0
0
39
0
1
0
0
0
597
52
81
198
110
60
199
28
355
1322
126
42
147
13
2
259
24
38
0
0
0
0
0
0
0
0
0
217
23
89
6
1
2
129
10
79
750
98
42
857
353
32
2007
214
838
0
0
0
0
0
0
0
0
0
463
36
22
6
2
4
441
167
232
458
7
113
82
20
88
436
103
507
0
0
0
0
0
0
0
0
0
874
57
726
53
42
53
173
50
472
1197
38
258
6
1
7
798
24
494
198
0
176
3
0
28
310
0
346
1720
146
2184
322
27
207
6660
478
5564
340
0
67
12
63
7
1992
191
380
3
0
28
0
0
0
390
0
23
960
437
874
399
607
514
4911
725
2256
1190
4
437
22
5
16
1986
62
1476
310
0
346
390
0
23
1114
0
904
2162
116
3814
189
87
312
9149
743
16099
28361
593
33685
509
151
542
988
51
1838
6677
517
19109
1962
2157
2408
276
160
416
6147
320
7115
1608
138
192
658
36
1428
1893
685
1754
71
45
16
116
60
122
592
23
158
2
212
0
2
0
1
225
63
29
27
0
0
8
1
1
11964
163
7019
142
56
242
632
65
1739
3295
118
2427
144
30
346
139
53
353
1630
91
781
15
7
19
26
4
42
1924
49
1942
225
53
88
131
14
321
582
91
635
101
6
8
68
12
85
148
11
428
15
2
0
6
1
6
253
29
111
101
78
142
44
35
523
55
41
55
32
813
1015
2
11
51
32
9
25
12
16
63
4
1
16
732
23
1151
47
31
302
103
25
863
231
225
576
117
236
780
26
39
217
66
9
213
1
1
26
8
15
114
3127
121
23203
104
110
1208
2276
38
5823
1152
20
9075
6
1
3474
705
61
2182
492
79
16
9
101
10
202
77
167
1088
178
3871
38
245
119
108
88
526
60
45
336
1
13
199
7
30
74
1873
144
412
77
9
25
424
12
226
6733
162
26221
134
47
1041
1818
133
10297
1119
149
9687
32
11
2233
271
505
3912
1102
99
9989
10
11
155
711
100
6990
8250
108
912
488
112
73
1290
34
83
5562
533
197
2559
437
93
1603
357
84
3679
238
278
289
7
7
1567
23
105
969
209
231
66
313
111
70
50
8
531
910
733
267
406
0
396
5
101
892
1294
6
38
32
1
12
0
0
5358
83
2600
291
283
359
344
115
697
1444
638
2353
565
77
105
623
131
867
633
437
162
45
14
12
284
183
363
3675
95
2819
819
159
564
653
25
1448
4434
614
3044
5384
2927
5553
1352
325
4363
1580
140
1075
893
156
448
1047
38
5083
452
35
47
142
120
252
15
36
124
558
118
91
1017
1628
2192
83
108
631
123
34
8
144
93
116
34
17
306
1275
14
506
52
35
395
127
39
823
569
76
891
469
484
3842
365
656
4871
90
11
129
67
31
339
215
37
1874
3682
10
16950
104
27
807
1235
26
4999
2410
87
16494
1083
1245
5605
1393
139
5151
2852
234
7642
1636
171
615
3254
78
11219
345
30
1628
32
29
148
99
36
797
156
24
1266
129
819
711
59
262
249
1216
827
1706
274
534
102
1001
38
1395
6502
38
14968
115
87
1633
1985
65
8955
3665
283
15064
1447
1726
8597
825
388
8783
1158
319
7325
779
127
978
2843
184
18120
7259
97
459
195
166
39
1193
29
201
1370
212
80
1090
64
24
597
52
81
10388
1234
342
1581
1222
37
5122
419
550
648
52
87
62
45
6
166
22
45
87
271
121
162
0
0
198
110
60
1581
1222
37
190
174
8
1208
367
83
4171
40
756
294
34
145
206
36
366
1852
115
876
1708
0
270
199
28
355
5122
419
550
1208
367
83
1074
98
0
1060
12
171
171
30
34
618
13
391
217
23
89
463
36
22
874
57
726
3946
148
1766
1189
121
160
2571
130
2393
194
79
96
158
31
21
187
16
175
6
1
2
6
2
4
53
42
53
1189
121
160
192
138
210
319
182
566
623
9
610
105
27
166
606
23
691
129
10
79
441
167
232
173
50
472
2571
130
2393
319
182
566
798
158
2438
4176
49
3992
163
17
173
2623
29
5185
1720
146
2184
960
437
874
2162
116
3814
11838
1294
34990
5311
1443
3644
17771
1487
55393
472
63
476
29
51
44
807
61
681
322
27
207
399
607
514
189
87
312
5311
1443
3644
568
466
594
6780
1003
5696
23819
122
7580
1437
528
901
15721
283
23730
6660
478
5564
4911
725
2256
9149
743
16099
17771
1487
55393
6780
1003
5696
57260
5576
225430
