88914
0
14036
1776
0
950
31355
0
9893
8165
0
2892
1522
0
1231
2123
0
2547
14359
0
3815
1000
0
441
5564
0
7882
1776
0
950
140
0
50
733
0
1589
116
0
22
86
0
24
26
0
38
176
0
56
26
0
16
42
0
100
31355
0
9893
733
0
1589
30774
0
13670
4383
0
1853
567
0
273
1242
0
804
6502
0
2100
86
0
47
5509
0
2223
1068
0
242
581
0
97
519
0
329
433
0
72
62
0
72
21
0
48
263
0
84
60
0
27
167
0
261
581
0
97
218
0
80
35
0
680
55
0
39
0
0
6
1
0
15
91
0
24
25
0
53
6
0
107
519
0
329
35
0
680
150
0
1018
176
0
468
35
0
2371
14
0
512
51
0
111
4
0
118
42
0
600
0
0
944
16
0
40
94
0
1598
186
0
178
11
0
23
367
0
307
230
0
359
51
0
38
500
0
1918
16
0
40
0
0
6
3
0
79
20
0
27
0
0
7
8
0
27
23
0
21
2
0
4
12
0
86
94
0
1598
3
0
79
62
0
3534
15
0
201
6
0
91
25
0
603
35
0
672
20
0
96
135
0
2139
4749
0
719
431
0
176
1378
0
219
6079
0
442
2800
0
265
6031
0
635
2022
0
184
330
0
23
2964
0
1289
419
0
30
40
0
14
291
0
62
167
0
9
284
0
15
243
0
35
132
0
0
52
0
3
144
0
54
5564
0
2742
505
0
525
1254
0
861
8021
0
3305
3072
0
471
5604
0
876
880
0
408
186
0
15
2392
0
1077
359
0
48
70
0
4
7
0
9
1062
0
59
784
0
71
150
0
71
96
0
6
71
0
4
62
0
206
440
0
7
64
0
26
0
0
17
785
0
5
932
0
275
6
0
410
30
0
0
68
0
27
5
0
197
518
0
155
58
0
111
32
0
146
1028
0
286
1001
0
3970
198
0
3742
54
0
23
33
0
235
159
0
1125
22
0
29
2
0
1
17
0
66
25
0
86
15
0
77
314
0
387
42
0
58
34
0
29
240
0
771
0
0
4
0
0
3
1
0
35
0
0
35
0
0
27
122
0
68
4
0
6
23
0
4
109
0
95
10
0
72
0
0
9
13
0
340
14
0
196
1
0
729
22
0
1977
15
0
90
8
0
216
117
0
1592
3508
0
700
127
0
19
5100
0
1257
2771
0
312
1453
0
139
4675
0
953
6812
0
997
677
0
188
10875
0
3301
163
0
27
15
0
3
146
0
163
86
0
3
41
0
0
73
0
17
414
0
32
34
0
2
1019
0
203
94
0
302
0
0
12
24
0
747
2743
0
335
1140
0
114
4853
0
1296
3295
0
671
240
0
47
12309
0
3197
185
0
5
55
0
0
74
0
18
264
0
12
1722
0
127
75
0
154
715
0
37
100
0
16
243
0
215
71
0
3
255
0
0
22
0
88
44
0
1
426
0
10
32
0
30
2347
0
9
51
0
15
99
0
399
0
0
2
0
0
6
46
0
138
16
0
12
17
0
653
35
0
732
21
0
15
3
0
81
120
0
665
22
0
8
36
0
16
85
0
165
164
0
91
245
0
84
1201
0
912
603
0
471
94
0
46
1929
0
2215
2
0
1
0
0
1
10
0
12
5
0
3
0
0
2
32
0
41
37
0
20
41
0
12
435
0
306
460
0
59
42
0
484
794
0
952
206
0
205
521
0
986
5160
0
3179
451
0
401
154
0
335
3576
0
7715
8165
0
2892
116
0
22
4383
0
1853
896
0
318
98
0
19
395
0
96
1701
0
709
16
0
0
1293
0
995
1522
0
1231
86
0
24
567
0
273
98
0
19
0
0
0
36
0
3
219
0
156
4
0
2
147
0
150
2123
0
2547
26
0
38
1242
0
804
395
0
96
36
0
3
248
0
164
557
0
359
1
0
3
406
0
452
433
0
72
55
0
39
176
0
468
0
0
0
0
0
0
0
0
0
167
0
82
23
0
44
57
0
166
62
0
72
0
0
6
35
0
2371
0
0
0
0
0
0
0
0
0
44
0
20
4
0
246
44
0
426
21
0
48
1
0
15
14
0
512
0
0
0
0
0
0
0
0
0
2
0
20
0
0
60
1
0
218
186
0
178
20
0
27
15
0
201
0
0
0
0
0
4
1
0
14
4
0
0
4
0
7
24
0
291
11
0
23
0
0
7
6
0
91
0
0
4
0
0
0
0
0
0
3
0
5
0
0
2
3
0
83
367
0
307
8
0
27
25
0
603
1
0
14
0
0
0
2
0
24
12
0
50
2
0
19
14
0
473
681
0
67
27
0
6
293
0
36
417
0
48
466
0
52
1002
0
207
447
0
21
15
0
3
758
0
249
57
0
28
0
0
0
0
0
0
0
0
0
0
0
0
0
0
0
39
0
2
0
0
0
6
0
114
172
0
75
8
0
0
57
0
43
100
0
147
163
0
0
298
0
230
44
0
10
5
0
0
124
0
128
0
0
0
0
0
0
0
0
0
0
0
0
0
0
0
0
0
0
0
0
0
0
0
0
0
0
0
0
0
0
0
0
0
0
0
0
0
0
0
0
0
0
0
0
0
0
0
0
0
0
0
0
0
0
0
0
0
0
0
0
0
0
0
0
0
0
0
0
0
0
0
0
0
0
0
0
0
0
0
0
0
14
0
1
0
0
0
1
0
1
4
0
0
0
0
0
2
0
0
3
0
0
0
0
0
5
0
16
1
0
5
0
0
1
0
0
0
0
0
0
0
0
0
0
0
0
0
0
0
0
0
0
0
0
24
16
0
0
0
0
0
0
0
1
0
0
2
0
0
0
0
0
7
0
0
0
0
0
0
1
0
15
465
0
194
1
0
1
311
0
47
567
0
117
221
0
46
600
0
106
867
0
471
16
0
0
1668
0
402
71
0
20
0
0
0
43
0
40
5
0
15
0
0
0
113
0
92
93
0
90
0
0
0
195
0
134
57
0
79
0
0
0
0
0
0
631
0
45
144
0
0
500
0
43
520
0
89
3
0
0
741
0
356
79
0
3
9
0
0
5
0
7
0
0
0
0
0
0
0
0
0
578
0
9
1
0
4
10
0
36
0
0
0
0
0
0
0
0
3
0
0
0
0
0
0
0
0
0
789
0
4
0
0
0
4
0
16
0
0
0
0
0
0
0
0
0
0
0
0
0
0
0
0
0
0
0
0
7
0
0
0
0
0
31
5
0
0
23
0
2
12
0
54
2
0
1
191
0
37
76
0
118
15
0
8
13
0
8
173
0
433
0
0
0
0
0
1
1
0
3
0
0
0
0
0
0
0
0
12
1
0
0
0
0
2
22
0
75
52
0
40
1
0
1
85
0
378
90
0
31
62
0
15
318
0
240
71
0
42
4
0
5
326
0
654
14359
0
3815
176
0
56
6502
0
2100
1701
0
709
219
0
156
557
0
359
10672
0
2696
549
0
95
4124
0
777
1000
0
441
26
0
16
86
0
47
16
0
0
4
0
2
1
0
3
549
0
95
0
0
0
34
0
9
5564
0
7882
42
0
100
5509
0
2223
1293
0
995
147
0
150
406
0
452
4124
0
777
34
0
9
2708
0
214
263
0
84
91
0
24
51
0
111
167
0
82
44
0
20
2
0
20
32
0
74
6
0
11
6
0
112
60
0
27
25
0
53
4
0
118
23
0
44
4
0
246
0
0
60
6
0
11
6
0
26
3
0
62
167
0
261
6
0
107
42
0
600
57
0
166
44
0
426
1
0
218
6
0
112
3
0
62
16
0
300
230
0
359
23
0
21
35
0
672
4
0
0
3
0
5
12
0
50
794
0
2
179
0
135
741
0
2746
51
0
38
2
0
4
20
0
96
4
0
7
0
0
2
2
0
19
179
0
135
12
0
12
57
0
103
500
0
1918
12
0
86
135
0
2139
24
0
291
3
0
83
14
0
473
741
0
2746
57
0
103
1122
0
4224
725
0
110
29
0
9
409
0
19
872
0
104
695
0
54
1114
0
71
1349
0
99
168
0
0
1352
0
34
67
0
2
0
0
0
5
0
2
37
0
4
1
0
0
2
0
0
494
0
8
8
0
0
107
0
0
747
0
350
20
0
16
233
0
123
424
0
452
222
0
127
876
0
362
877
0
106
39
0
2
948
0
84
49
0
11
5
0
1
0
0
0
65
0
3
15
0
0
0
0
2
8
0
0
13
0
0
1
0
68
3
0
4
1
0
0
0
0
0
0
0
0
0
0
0
0
0
1
0
0
1
3
0
0
0
0
6
41
0
29
1
0
9
0
0
25
20
0
71
10
0
11
0
0
50
0
0
2
1
0
3
0
0
39
39
0
6
0
0
2
3
0
2
12
0
3
2
0
4
4
0
1
209
0
0
402
0
43
718
0
844
9
0
3
0
0
1
0
0
7
15
0
21
1
0
6
0
0
19
69
0
34
26
0
2
47
0
62
79
0
31
0
0
1
6
0
79
12
0
52
7
0
55
6
0
193
132
0
266
392
0
70
696
0
2456
80
0
55
9
0
1
93
0
94
626
0
43
242
0
5
452
0
65
2411
0
472
80
0
6
2995
0
116
4
0
1
0
0
0
6
0
4
3
0
2
1
0
0
8
0
9
843
0
15
3
0
0
172
0
17
31
0
232
0
0
1
18
0
208
1050
0
127
98
0
30
577
0
235
1316
0
192
23
0
0
2445
0
54
2
0
1
22
0
0
2
0
4
3
0
0
4
0
0
1
0
0
15
0
4
2
0
1
4
0
17
0
0
0
0
0
0
0
0
3
0
0
0
0
0
0
2
0
11
9
0
0
1
0
0
2
0
8
0
0
2
1
0
1
0
0
48
1
0
1
6
0
1
0
0
139
0
0
29
0
0
5
6
0
148
4
0
0
10
0
5
22
0
25
4
0
0
79
0
13
23
0
63
397
0
5
255
0
21
1205
0
1150
0
0
0
0
0
1
2
0
5
0
0
0
0
0
2
0
0
2
130
0
31
8
0
4
94
0
101
56
0
61
2
0
6
120
0
327
32
0
30
53
0
85
375
0
388
1513
0
845
181
0
56
2656
0
3606
4749
0
719
419
0
30
5564
0
2742
681
0
67
57
0
28
172
0
75
725
0
110
67
0
2
747
0
350
431
0
176
40
0
14
505
0
525
27
0
6
0
0
0
8
0
0
29
0
9
0
0
0
20
0
16
1378
0
219
291
0
62
1254
0
861
293
0
36
0
0
0
57
0
43
409
0
19
5
0
2
233
0
123
359
0
48
440
0
7
518
0
155
0
0
0
0
0
0
0
0
0
49
0
11
3
0
4
41
0
29
70
0
4
64
0
26
58
0
111
0
0
0
0
0
0
0
0
0
5
0
1
1
0
0
1
0
9
7
0
9
0
0
17
32
0
146
0
0
0
0
0
0
0
0
0
0
0
0
0
0
0
0
0
25
22
0
29
0
0
4
10
0
72
14
0
1
1
0
5
16
0
0
39
0
6
9
0
3
79
0
31
2
0
1
0
0
3
0
0
9
0
0
0
0
0
1
0
0
0
0
0
2
0
0
1
0
0
1
17
0
66
1
0
35
13
0
340
1
0
1
0
0
0
0
0
1
3
0
2
0
0
7
6
0
79
452
0
60
104
0
17
186
0
23
587
0
31
1041
0
21
830
0
112
197
0
18
72
0
1
498
0
115
104
0
17
14
0
4
3
0
55
85
0
6
146
0
15
55
0
46
8
0
2
14
0
2
27
0
22
186
0
23
3
0
55
56
0
46
91
0
17
145
0
53
482
0
153
57
0
1
11
0
14
259
0
62
0
0
0
0
0
0
0
0
0
0
0
0
0
0
0
0
0
0
0
0
0
0
0
0
0
0
0
0
0
0
0
0
0
0
0
0
0
0
0
0
0
0
0
0
0
0
0
0
0
0
0
0
0
0
0
0
0
0
0
0
0
0
0
0
0
0
0
0
0
0
0
0
0
0
0
0
0
0
0
0
0
4
0
0
0
0
0
0
0
0
1
0
0
0
0
0
1
0
0
3
0
2
7
0
0
4
0
4
0
0
0
0
0
0
0
0
1
0
0
1
0
0
0
0
0
1
2
0
0
0
0
0
0
0
3
0
0
0
0
0
1
2
0
0
0
0
1
0
0
1
0
0
2
0
0
0
0
0
3
1
0
10
529
0
49
47
0
2
985
0
151
504
0
8
351
0
0
843
0
47
415
0
26
75
0
0
1648
0
299
12
0
2
1
0
1
30
0
68
8
0
0
0
0
0
14
0
3
19
0
6
6
0
5
95
0
53
8
0
27
0
0
2
1
0
253
314
0
6
300
0
4
505
0
110
218
0
2
39
0
0
1133
0
143
39
0
3
0
0
0
140
0
2
0
0
0
0
0
0
0
0
0
5
0
0
2
0
0
52
0
44
0
0
0
0
0
0
2
0
19
0
0
0
0
0
0
0
0
0
1
0
0
0
0
1
2
0
14
0
0
0
0
0
0
1
0
11
0
0
0
0
0
0
0
0
0
0
0
0
0
0
1
0
0
18
19
0
1
0
0
0
30
0
26
56
0
1
131
0
0
131
0
12
104
0
7
20
0
3
440
0
75
0
0
0
0
0
0
0
0
1
0
0
0
0
0
0
0
0
1
1
0
0
4
0
1
0
0
23
61
0
31
17
0
55
134
0
344
40
0
3
382
0
35
315
0
89
38
0
9
20
0
24
362
0
426
6079
0
442
167
0
9
8021
0
3305
417
0
48
0
0
0
100
0
147
872
0
104
37
0
4
424
0
452
2800
0
265
284
0
15
3072
0
471
466
0
52
0
0
0
163
0
0
695
0
54
1
0
0
222
0
127
6031
0
635
243
0
35
5604
0
876
1002
0
207
0
0
0
298
0
230
1114
0
71
2
0
0
876
0
362
1062
0
59
785
0
5
1028
0
286
0
0
0
0
0
0
0
0
0
65
0
3
0
0
0
20
0
71
784
0
71
932
0
275
1001
0
3970
0
0
0
0
0
0
0
0
0
15
0
0
0
0
0
10
0
11
150
0
71
6
0
410
198
0
3742
0
0
0
0
0
0
0
0
0
0
0
2
0
0
1
0
0
50
25
0
86
0
0
35
14
0
196
4
0
0
0
0
0
0
0
2
12
0
3
15
0
21
12
0
52
15
0
77
0
0
27
1
0
729
0
0
0
0
0
0
0
0
0
2
0
4
1
0
6
7
0
55
314
0
387
122
0
68
22
0
1977
2
0
0
0
0
0
0
0
7
4
0
1
0
0
19
6
0
193
587
0
31
85
0
6
91
0
17
832
0
4
808
0
3
788
0
150
516
0
6
111
0
1
504
0
225
1041
0
21
146
0
15
145
0
53
808
0
3
1550
0
0
2108
0
300
884
0
0
372
0
1
732
0
208
830
0
112
55
0
46
482
0
153
788
0
150
2108
0
300
2002
0
782
471
0
48
27
0
28
893
0
282
0
0
0
0
0
0
0
0
0
0
0
0
0
0
0
0
0
0
0
0
0
0
0
0
0
0
0
0
0
0
0
0
0
0
0
0
0
0
0
0
0
0
0
0
0
0
0
0
0
0
0
0
0
0
0
0
0
0
0
0
0
0
0
0
0
0
0
0
0
0
0
0
0
0
0
0
0
0
0
0
0
1
0
0
0
0
1
0
0
1
0
0
0
0
0
0
0
0
0
1
0
0
0
0
0
2
0
1
0
0
0
0
0
0
0
0
1
0
0
0
0
0
0
0
0
0
3
0
0
0
0
0
0
0
1
1
0
0
0
0
1
0
0
2
0
0
0
0
0
0
0
0
0
0
0
0
0
0
0
0
0
1
847
0
17
0
0
0
71
0
8
434
0
1
0
0
0
463
0
14
635
0
11
52
0
0
1309
0
251
129
0
0
0
0
0
65
0
5
650
0
0
0
0
0
358
0
3
717
0
2
100
0
0
2214
0
75
6
0
0
0
0
0
0
0
2
2449
0
4
1778
0
0
3053
0
429
849
0
0
48
0
1
2379
0
525
92
0
0
0
0
0
3
0
0
0
0
0
0
0
0
0
0
0
25
0
2
0
0
0
38
0
113
3
0
0
0
0
0
0
0
2
0
0
0
0
0
0
0
0
0
1
0
0
0
0
0
40
0
44
5
0
6
0
0
0
2
0
16
0
0
0
0
0
0
0
0
0
2
0
0
0
0
2
1
0
52
12
0
8
0
0
0
24
0
50
28
0
4
0
0
0
0
0
1
68
0
21
48
0
19
114
0
209
1
0
1
0
0
0
7
0
61
0
0
0
0
0
0
0
0
0
15
0
4
60
0
21
108
0
183
240
0
50
37
0
16
269
0
627
187
0
62
991
0
120
815
0
264
129
0
67
25
0
28
813
0
967
2022
0
184
132
0
0
880
0
408
447
0
21
39
0
2
44
0
10
1349
0
99
494
0
8
877
0
106
330
0
23
52
0
3
186
0
15
15
0
3
0
0
0
5
0
0
168
0
0
8
0
0
39
0
2
2964
0
1289
144
0
54
2392
0
1077
758
0
249
6
0
114
124
0
128
1352
0
34
107
0
0
948
0
84
96
0
6
30
0
0
54
0
23
0
0
0
0
0
0
0
0
0
8
0
0
0
0
1
0
0
2
71
0
4
68
0
27
33
0
235
0
0
0
0
0
0
0
0
0
13
0
0
3
0
0
1
0
3
62
0
206
5
0
197
159
0
1125
0
0
0
0
0
0
0
0
0
1
0
68
0
0
6
0
0
39
42
0
58
4
0
6
15
0
90
3
0
0
0
0
0
0
0
0
209
0
0
69
0
34
132
0
266
34
0
29
23
0
4
8
0
216
0
0
0
0
0
0
0
0
0
402
0
43
26
0
2
392
0
70
240
0
771
109
0
95
117
0
1592
5
0
16
0
0
24
1
0
15
718
0
844
47
0
62
696
0
2456
197
0
18
8
0
2
57
0
1
516
0
6
884
0
0
471
0
48
266
0
2
149
0
1
444
0
9
72
0
1
14
0
2
11
0
14
111
0
1
372
0
1
27
0
28
149
0
1
298
0
0
108
0
19
498
0
115
27
0
22
259
0
62
504
0
225
732
0
208
893
0
282
444
0
9
108
0
19
918
0
44
0
0
0
0
0
0
0
0
0
0
0
0
0
0
0
0
0
0
0
0
0
0
0
0
0
0
0
0
0
0
0
0
0
0
0
0
0
0
0
0
0
0
0
0
0
0
0
0
0
0
0
0
0
0
0
0
0
0
0
0
0
0
0
0
0
0
0
0
0
0
0
0
0
0
0
0
0
0
0
0
0
3
0
2
2
0
0
0
0
0
1
0
0
3
0
0
0
0
0
80
0
2
168
0
3
117
0
127
7
0
0
0
0
0
0
0
3
0
0
0
0
0
0
0
0
0
168
0
3
182
0
6
179
0
61
4
0
4
0
0
3
1
0
10
2
0
1
0
0
1
0
0
1
117
0
127
179
0
61
390
0
362
42
0
1
0
0
0
15
0
1
421
0
0
191
0
0
213
0
3
249
0
2
108
0
0
558
0
26
4
0
0
0
0
0
2
0
1
7
0
0
0
0
0
11
0
3
103
0
0
20
0
2
277
0
5
13
0
87
0
0
1
19
0
141
930
0
42
695
0
15
952
0
181
454
0
6
135
0
0
1392
0
69
11
0
0
0
0
0
1
0
0
0
0
0
0
0
0
0
0
0
4
0
0
0
0
0
0
0
3
1
0
0
0
0
0
2
0
8
0
0
0
0
0
0
0
0
0
1
0
0
0
0
1
2
0
10
0
0
67
0
0
0
14
0
33
0
0
0
0
0
0
0
0
0
0
0
21
0
0
5
7
0
42
9
0
0
0
0
0
12
0
4
18
0
0
0
0
0
1
0
5
252
0
6
110
0
0
196
0
166
0
0
0
0
0
0
1
0
4
0
0
0
0
0
0
0
0
0
347
0
13
30
0
3
934
0
82
147
0
49
22
0
15
163
0
166
85
0
14
413
0
25
282
0
70
2480
0
542
391
0
59
2188
0
1912
3508
0
700
163
0
27
94
0
302
465
0
194
71
0
20
57
0
79
80
0
55
4
0
1
31
0
232
127
0
19
15
0
3
0
0
12
1
0
1
0
0
0
0
0
0
9
0
1
0
0
0
0
0
1
5100
0
1257
146
0
163
24
0
747
311
0
47
43
0
40
0
0
0
93
0
94
6
0
4
18
0
208
185
0
5
71
0
3
0
0
2
79
0
3
0
0
0
0
0
0
2
0
1
0
0
0
0
0
2
55
0
0
255
0
0
0
0
6
9
0
0
0
0
0
0
0
0
22
0
0
0
0
0
1
0
1
74
0
18
22
0
88
46
0
138
5
0
7
0
0
3
0
0
0
2
0
4
0
0
3
0
0
48
22
0
8
2
0
1
460
0
59
5
0
0
0
0
0
52
0
40
4
0
0
0
0
0
56
0
61
36
0
16
0
0
1
42
0
484
23
0
2
0
0
1
1
0
1
10
0
5
0
0
1
2
0
6
85
0
165
10
0
12
794
0
952
12
0
54
1
0
3
85
0
378
22
0
25
2
0
5
120
0
327
529
0
49
12
0
2
8
0
27
847
0
17
129
0
0
6
0
0
42
0
1
4
0
0
13
0
87
47
0
2
1
0
1
0
0
2
0
0
0
0
0
0
0
0
0
0
0
0
0
0
0
0
0
1
985
0
151
30
0
68
1
0
253
71
0
8
65
0
5
0
0
2
15
0
1
2
0
1
19
0
141
39
0
3
0
0
0
0
0
0
92
0
0
3
0
0
5
0
6
11
0
0
1
0
0
0
0
67
0
0
0
0
0
0
0
0
0
0
0
0
0
0
0
0
0
0
0
0
0
0
0
0
0
0
0
140
0
2
2
0
19
1
0
11
3
0
0
0
0
2
2
0
16
1
0
0
2
0
8
14
0
33
19
0
1
0
0
0
61
0
31
12
0
8
1
0
1
240
0
50
9
0
0
0
0
0
147
0
49
0
0
0
0
0
0
17
0
55
0
0
0
0
0
0
37
0
16
0
0
0
0
0
0
22
0
15
30
0
26
0
0
1
134
0
344
24
0
50
7
0
61
269
0
627
12
0
4
1
0
4
163
0
166
158
0
10
12
0
0
49
0
8
45
0
2
30
0
1
39
0
3
97
0
10
9
0
2
194
0
137
12
0
0
6
0
0
6
0
3
9
0
0
25
0
0
4
0
2
23
0
0
3
0
0
47
0
19
49
0
8
6
0
3
0
0
0
24
0
2
5
0
0
0
0
0
16
0
7
15
0
13
31
0
84
46
0
2
25
0
0
5
0
1
40
0
0
150
0
0
14
0
8
63
0
4
5
0
0
24
0
17
25
0
0
14
0
0
10
0
2
7
0
0
266
0
2
23
0
5
18
0
0
5
0
0
26
0
18
5
0
1
10
0
2
46
0
26
3
0
0
36
0
19
11
0
34
8
0
0
3
0
31
42
0
81
30
0
0
0
0
0
134
0
33
44
0
3
2
0
5
105
0
113
50
0
4
17
0
1
332
0
282
0
0
0
0
0
0
26
0
57
0
0
0
1
0
2
2
0
5
10
0
0
19
0
7
103
0
118
134
0
33
26
0
57
1080
0
650
105
0
24
207
0
38
1246
0
488
180
0
42
33
0
30
1986
0
1366
2771
0
312
86
0
3
2743
0
335
567
0
117
5
0
15
631
0
45
626
0
43
3
0
2
1050
0
127
1453
0
139
41
0
0
1140
0
114
221
0
46
0
0
0
144
0
0
242
0
5
1
0
0
98
0
30
4675
0
953
73
0
17
4853
0
1296
600
0
106
113
0
92
500
0
43
452
0
65
8
0
9
577
0
235
264
0
12
44
0
1
16
0
12
0
0
0
0
0
0
0
0
0
3
0
0
0
0
0
1
0
1
1722
0
127
426
0
10
17
0
653
0
0
0
0
0
0
0
0
0
4
0
0
0
0
0
6
0
1
75
0
154
32
0
30
35
0
732
0
0
0
0
0
0
0
0
0
1
0
0
2
0
11
0
0
139
164
0
91
5
0
3
206
0
205
2
0
1
0
0
0
90
0
31
4
0
0
0
0
0
32
0
30
245
0
84
0
0
2
521
0
986
191
0
37
0
0
0
62
0
15
79
0
13
0
0
2
53
0
85
1201
0
912
32
0
41
5160
0
3179
76
0
118
0
0
12
318
0
240
23
0
63
0
0
2
375
0
388
504
0
8
8
0
0
314
0
6
434
0
1
650
0
0
2449
0
4
421
0
0
7
0
0
930
0
42
351
0
0
0
0
0
300
0
4
0
0
0
0
0
0
1778
0
0
191
0
0
0
0
0
695
0
15
843
0
47
14
0
3
505
0
110
463
0
14
358
0
3
3053
0
429
213
0
3
11
0
3
952
0
181
0
0
0
0
0
0
0
0
0
0
0
0
0
0
0
0
0
0
0
0
0
0
0
0
0
0
0
0
0
0
0
0
0
0
0
0
0
0
0
0
0
0
0
0
0
0
0
0
0
0
0
0
0
0
0
0
0
0
0
0
0
0
0
0
0
0
0
0
0
0
0
0
0
0
0
0
0
0
0
0
0
56
0
1
0
0
0
40
0
3
28
0
4
0
0
0
187
0
62
18
0
0
0
0
0
85
0
14
131
0
0
0
0
0
382
0
35
0
0
0
0
0
0
991
0
120
0
0
0
0
0
0
413
0
25
131
0
12
0
0
1
315
0
89
0
0
1
0
0
0
815
0
264
1
0
5
0
0
0
282
0
70
45
0
2
9
0
0
24
0
2
424
0
0
298
0
0
719
0
5
508
0
1
23
0
0
2358
0
79
30
0
1
25
0
0
5
0
0
298
0
0
0
0
0
270
0
3
369
0
3
1
0
0
2983
0
17
39
0
3
4
0
2
0
0
0
719
0
5
270
0
3
1748
0
0
401
0
10
30
0
8
1598
0
196
40
0
0
7
0
0
3
0
0
0
0
0
0
0
0
0
0
0
7
0
0
4
0
0
4
0
0
150
0
0
266
0
2
36
0
19
0
0
0
0
0
0
0
0
0
20
0
0
21
0
2
13
0
10
14
0
8
23
0
5
11
0
34
0
0
0
0
0
0
0
0
0
6
0
8
9
0
18
5
0
72
44
0
3
0
0
0
105
0
24
16
0
0
0
0
1
122
0
41
26
0
3
6
0
0
310
0
131
2
0
5
1
0
2
207
0
38
0
0
1
0
0
0
298
0
5
12
0
5
39
0
10
868
0
82
105
0
113
2
0
5
1246
0
488
122
0
41
298
0
5
4004
0
374
142
0
53
6
0
7
4159
0
921
6812
0
997
414
0
32
3295
0
671
867
0
471
93
0
90
520
0
89
2411
0
472
843
0
15
1316
0
192
677
0
188
34
0
2
240
0
47
16
0
0
0
0
0
3
0
0
80
0
6
3
0
0
23
0
0
10875
0
3301
1019
0
203
12309
0
3197
1668
0
402
195
0
134
741
0
356
2995
0
116
172
0
17
2445
0
54
715
0
37
2347
0
9
21
0
15
578
0
9
789
0
4
0
0
7
15
0
4
9
0
0
0
0
29
100
0
16
51
0
15
3
0
81
1
0
4
0
0
0
0
0
0
2
0
1
1
0
0
0
0
5
243
0
215
99
0
399
120
0
665
10
0
36
4
0
16
0
0
31
4
0
17
2
0
8
6
0
148
603
0
471
37
0
20
451
0
401
15
0
8
1
0
0
71
0
42
397
0
5
130
0
31
1513
0
845
94
0
46
41
0
12
154
0
335
13
0
8
0
0
2
4
0
5
255
0
21
8
0
4
181
0
56
1929
0
2215
435
0
306
3576
0
7715
173
0
433
22
0
75
326
0
654
1205
0
1150
94
0
101
2656
0
3606
415
0
26
19
0
6
218
0
2
635
0
11
717
0
2
849
0
0
249
0
2
103
0
0
454
0
6
75
0
0
6
0
5
39
0
0
52
0
0
100
0
0
48
0
1
108
0
0
20
0
2
135
0
0
1648
0
299
95
0
53
1133
0
143
1309
0
251
2214
0
75
2379
0
525
558
0
26
277
0
5
1392
0
69
5
0
0
1
0
0
0
0
0
25
0
2
1
0
0
2
0
0
4
0
0
1
0
0
0
0
21
2
0
0
0
0
1
0
0
1
0
0
0
0
0
0
0
0
2
0
0
0
0
0
1
0
0
5
52
0
44
2
0
14
0
0
18
38
0
113
40
0
44
1
0
52
0
0
3
2
0
10
7
0
42
104
0
7
1
0
0
38
0
9
68
0
21
15
0
4
129
0
67
252
0
6
347
0
13
2480
0
542
20
0
3
4
0
1
20
0
24
48
0
19
60
0
21
25
0
28
110
0
0
30
0
3
391
0
59
440
0
75
0
0
23
362
0
426
114
0
209
108
0
183
813
0
967
196
0
166
934
0
82
2188
0
1912
97
0
10
23
0
0
16
0
7
508
0
1
369
0
3
401
0
10
856
0
4
178
0
0
1824
0
14
9
0
2
3
0
0
15
0
13
23
0
0
1
0
0
30
0
8
178
0
0
8
0
0
300
0
13
194
0
137
47
0
19
31
0
84
2358
0
79
2983
0
17
1598
0
196
1824
0
14
300
0
13
6668
0
0
63
0
4
18
0
0
8
0
0
7
0
0
20
0
0
6
0
8
14
0
0
4
0
0
9
0
21
5
0
0
5
0
0
3
0
31
4
0
0
21
0
2
9
0
18
4
0
0
0
0
0
6
0
39
24
0
17
26
0
18
42
0
81
4
0
0
13
0
10
5
0
72
9
0
21
6
0
39
16
0
260
50
0
4
10
0
0
180
0
42
26
0
3
12
0
5
142
0
53
400
0
28
256
0
14
2128
0
846
17
0
1
19
0
7
33
0
30
6
0
0
39
0
10
6
0
7
256
0
14
20
0
6
1699
0
86
332
0
282
103
0
118
1986
0
1366
310
0
131
868
0
82
4159
0
921
2128
0
846
1699
0
86
9356
0
6116
17106
0
11788
301
0
326
5126
0
3301
6518
0
3887
1250
0
3471
1836
0
3143
6226
0
6941
145
0
432
2639
0
6845
301
0
326
12
0
18
58
0
235
85
0
58
4
0
5
5
0
28
97
0
99
1
0
12
45
0
66
5126
0
3301
58
0
235
280
0
1588
906
0
1025
72
0
433
60
0
855
620
0
1055
11
0
26
143
0
1562
734
0
274
175
0
55
115
0
96
717
0
277
123
0
21
67
0
62
194
0
173
66
0
21
182
0
343
175
0
55
54
0
14
6
0
61
41
0
49
3
0
27
5
0
27
36
0
16
1
0
19
30
0
85
115
0
96
6
0
61
8
0
72
143
0
156
91
0
1175
12
0
300
16
0
53
7
0
65
12
0
149
0
0
20
10
0
26
121
0
132
456
0
65
34
0
62
643
0
275
430
0
40
109
0
132
1051
0
2557
10
0
26
2
0
10
2
0
17
1
0
15
0
0
40
4
0
41
3
0
7
2
0
10
1
0
33
121
0
132
2
0
17
76
0
222
144
0
156
17
0
80
29
0
275
101
0
92
14
0
49
170
0
1119
9978
0
4413
743
0
801
2117
0
1734
20144
0
8538
5353
0
3386
6914
0
5211
4647
0
2701
207
0
69
2449
0
10654
414
0
76
56
0
60
3
0
28
884
0
355
574
0
125
52
0
94
115
0
96
19
0
3
20
0
183
3128
0
991
58
0
706
50
0
652
1292
0
1808
219
0
577
271
0
2495
299
0
387
7
0
15
204
0
2755
1491
0
307
388
0
193
97
0
212
4583
0
1102
6098
0
10455
961
0
4752
322
0
58
340
0
319
372
0
1507
488
0
14
108
0
82
2
0
48
1170
0
46
1545
0
1713
32
0
1307
65
0
1
96
0
103
19
0
537
182
0
54
2
0
52
3
0
97
114
0
166
177
0
1694
98
0
1601
3
0
10
4
0
54
31
0
286
9
0
21
15
0
29
161
0
175
361
0
128
1953
0
5229
2783
0
7024
152
0
18
283
0
763
1352
0
2799
0
0
4
1
0
4
0
0
8
0
0
4
70
0
577
6
0
203
0
0
1
64
0
72
2
0
90
18
0
30
6
0
49
17
0
130
51
0
383
147
0
5949
268
0
3941
6
0
36
19
0
308
190
0
1245
8347
0
1928
260
0
292
4916
0
1469
5687
0
2464
85
0
52
2184
0
862
7001
0
4797
57
0
45
4908
0
4503
57
0
10
2
0
3
75
0
175
38
0
32
3
0
1
101
0
49
153
0
46
14
0
3
233
0
239
6385
0
1837
217
0
1153
239
0
1549
1784
0
1311
1
0
6
10
0
130
844
0
1147
3
0
3
89
0
1767
125
0
16
6
0
2
130
0
53
26
0
2
4
0
1
264
0
336
102
0
19
80
0
97
347
0
347
24
0
1
1
0
0
8
0
10
0
0
0
0
0
0
42
0
35
12
0
0
21
0
21
97
0
80
29
0
0
0
0
1
4
0
10
0
0
0
0
0
0
7
0
72
1
0
1
0
0
12
19
0
102
24
0
15
120
0
108
280
0
259
6495
0
43
1151
0
1569
5716
0
2700
1767
0
89
239
0
233
4503
0
4908
1
0
3
1
0
0
6
0
6
0
0
1
0
0
0
1
0
32
3
0
3
3
0
14
45
0
57
788
0
308
61
0
473
2278
0
2503
3050
0
949
816
0
2555
4998
0
5599
1147
0
844
46
0
153
4797
0
7001
6518
0
3887
85
0
58
906
0
1025
1990
0
2702
145
0
702
451
0
1324
2785
0
3165
35
0
30
1179
0
4897
1250
0
3471
4
0
5
72
0
433
145
0
702
0
0
0
8
0
18
558
0
2040
14
0
15
347
0
779
1836
0
3143
5
0
28
60
0
855
451
0
1324
8
0
18
34
0
722
280
0
1122
10
0
11
92
0
2021
717
0
277
41
0
49
143
0
156
178
0
356
0
0
0
87
0
71
185
0
152
31
0
9
319
0
357
123
0
21
3
0
27
91
0
1175
0
0
0
0
0
0
53
0
129
92
0
6
34
0
467
288
0
2172
67
0
62
5
0
27
12
0
300
87
0
71
53
0
129
2
0
104
3
0
8
1
0
57
12
0
339
456
0
65
1
0
15
144
0
156
0
0
20
1
0
13
39
0
232
31
0
0
7
0
12
165
0
827
34
0
62
0
0
40
17
0
80
1
0
13
0
0
0
1
0
23
5
0
2
1
0
59
24
0
153
643
0
275
4
0
41
29
0
275
39
0
232
1
0
23
26
0
180
21
0
33
1
0
28
113
0
801
6770
0
3009
151
0
110
422
0
507
28360
0
25827
2062
0
1919
1560
0
4707
4414
0
2274
183
0
40
1276
0
14291
2478
0
1456
0
0
0
0
0
0
4602
0
20009
0
0
0
0
0
0
2561
0
781
0
0
0
0
0
8228
2439
0
1943
3
0
7
37
0
703
17742
0
14560
2
0
0
414
0
3024
483
0
766
4
0
21
194
0
9040
925
0
307
117
0
259
95
0
246
2011
0
2987
2147
0
10135
1125
0
4411
231
0
84
216
0
288
215
0
1174
0
0
0
0
0
0
0
0
0
0
0
0
0
0
0
0
0
0
0
0
0
0
0
0
0
0
0
107
0
0
0
0
0
6
0
19
0
0
0
0
0
0
39
0
344
0
0
0
0
0
0
16
0
49
1056
0
74
24
0
94
175
0
271
2
0
456
3707
0
6000
1343
0
9051
37
0
19
31
0
116
564
0
858
0
0
0
0
0
0
0
0
0
0
0
0
0
0
0
0
0
0
0
0
0
0
0
0
0
0
0
810
0
59
4
0
101
58
0
150
199
0
830
371
0
4281
219
0
2289
3
0
13
54
0
110
62
0
445
4584
0
1428
3
0
0
720
0
440
9161
0
4902
4
0
1
3584
0
1225
5599
0
4998
32
0
1
2700
0
5716
1360
0
211
0
0
0
401
0
481
773
0
1014
0
0
0
1320
0
1816
2555
0
816
0
0
0
1569
0
1151
2734
0
919
0
0
0
0
0
23
6522
0
5800
0
0
4
1
0
6
949
0
3050
1
0
0
43
0
6495
101
0
2
1
0
1
102
0
53
0
0
0
0
0
0
202
0
202
72
0
7
35
0
42
336
0
264
1
0
0
0
0
0
0
0
3
0
0
0
0
0
0
0
0
0
0
0
0
0
0
0
1
0
4
9
0
0
0
0
0
1
0
6
0
0
0
0
0
0
0
0
0
0
0
0
0
0
0
2
0
26
532
0
22
24
0
25
226
0
255
6
0
1
1816
0
1320
1225
0
3584
130
0
10
49
0
101
862
0
2184
18
0
3
0
0
0
1
0
15
4
0
0
0
0
0
1
0
4
6
0
1
1
0
3
52
0
85
2319
0
726
8
0
32
1600
0
2712
5800
0
6522
1014
0
773
4902
0
9161
1311
0
1784
32
0
38
2464
0
5687
6226
0
6941
97
0
99
620
0
1055
2785
0
3165
558
0
2040
280
0
1122
4888
0
5220
181
0
407
409
0
1163
145
0
432
1
0
12
11
0
26
35
0
30
14
0
15
10
0
11
181
0
407
0
0
0
7
0
2
2639
0
6845
45
0
66
143
0
1562
1179
0
4897
347
0
779
92
0
2021
409
0
1163
7
0
2
56
0
130
194
0
173
36
0
16
16
0
53
185
0
152
92
0
6
3
0
8
30
0
100
11
0
2
13
0
123
66
0
21
1
0
19
7
0
65
31
0
9
34
0
467
1
0
57
11
0
2
4
0
36
8
0
82
182
0
343
30
0
85
12
0
149
319
0
357
288
0
2172
12
0
339
13
0
123
8
0
82
8
0
244
430
0
40
3
0
7
101
0
92
31
0
0
5
0
2
21
0
33
1540
0
2
286
0
905
1108
0
6136
109
0
132
2
0
10
14
0
49
7
0
12
1
0
59
1
0
28
286
0
905
0
0
28
50
0
209
1051
0
2557
1
0
33
170
0
1119
165
0
827
24
0
153
113
0
801
1108
0
6136
50
0
209
746
0
6604
2055
0
4109
126
0
136
144
0
308
7441
0
5166
2031
0
7479
547
0
1598
2817
0
1585
22
0
13
70
0
239
207
0
73
16
0
5
3
0
8
721
0
195
100
0
14
4
0
15
474
0
697
1
0
0
1
0
3
2184
0
3401
17
0
116
51
0
1053
2638
0
15917
565
0
1392
262
0
2875
346
0
520
7
0
1
35
0
121
386
0
260
57
0
65
27
0
66
1127
0
559
925
0
3193
223
0
1518
63
0
42
61
0
109
42
0
567
10
0
1
1
0
3
0
0
0
9
0
1
0
0
0
0
0
9
4
0
0
2
0
3
0
0
11
285
0
182
1
0
86
4
0
105
223
0
1311
76
0
1509
38
0
1887
14
0
33
2
0
119
20
0
526
1002
0
70
12
0
31
109
0
114
41
0
21
674
0
1425
460
0
1829
2326
0
9
782
0
1936
1201
0
5856
3
0
0
0
0
0
1
0
4
6
0
3
4
0
13
0
0
14
1165
0
1022
57
0
14
403
0
892
1186
0
388
0
0
60
33
0
312
108
0
607
165
0
2419
208
0
5855
2106
0
4879
146
0
416
586
0
6276
2171
0
566
20
0
70
131
0
331
2712
0
1600
15
0
1
255
0
226
2503
0
2278
6
0
6
259
0
280
22
0
8
0
0
0
22
0
56
32
0
8
0
0
0
25
0
24
473
0
61
0
0
1
108
0
120
569
0
1766
0
0
1
35
0
660
726
0
2319
3
0
18
22
0
532
308
0
788
3
0
1
15
0
24
33
0
13
2
0
1
25
0
25
6
0
1
3
0
0
53
0
102
10
0
4
10
0
8
53
0
130
1
0
0
0
0
0
1
0
2
0
0
0
0
0
0
1
0
1
1
0
0
0
0
1
2
0
6
21
0
21
0
0
1
13
0
33
0
0
9
0
0
1
2
0
101
0
0
29
1
0
24
16
0
125
660
0
35
56
0
22
331
0
131
23
0
0
481
0
401
440
0
720
1549
0
239
175
0
75
1469
0
4916
1
0
0
0
0
0
70
0
20
0
0
0
0
0
0
0
0
3
1153
0
217
3
0
2
292
0
260
1766
0
569
8
0
22
566
0
2171
919
0
2734
211
0
1360
1428
0
4584
1837
0
6385
10
0
57
1928
0
8347
9978
0
4413
414
0
76
3128
0
991
6770
0
3009
2478
0
1456
2439
0
1943
2055
0
4109
207
0
73
2184
0
3401
743
0
801
56
0
60
58
0
706
151
0
110
0
0
0
3
0
7
126
0
136
16
0
5
17
0
116
2117
0
1734
3
0
28
50
0
652
422
0
507
0
0
0
37
0
703
144
0
308
3
0
8
51
0
1053
1491
0
307
488
0
14
182
0
54
925
0
307
0
0
0
107
0
0
386
0
260
10
0
1
285
0
182
388
0
193
108
0
82
2
0
52
117
0
259
0
0
0
0
0
0
57
0
65
1
0
3
1
0
86
97
0
212
2
0
48
3
0
97
95
0
246
0
0
0
6
0
19
27
0
66
0
0
0
4
0
105
9
0
21
0
0
4
18
0
30
1056
0
74
0
0
0
810
0
59
1002
0
70
3
0
0
1186
0
388
15
0
29
1
0
4
6
0
49
24
0
94
0
0
0
4
0
101
12
0
31
0
0
0
0
0
60
161
0
175
0
0
8
17
0
130
175
0
271
0
0
0
58
0
150
109
0
114
1
0
4
33
0
312
12062
0
2588
2693
0
553
3771
0
1918
12512
0
1976
8805
0
2792
14215
0
3484
1917
0
379
380
0
35
3300
0
7837
2693
0
553
322
0
1016
634
0
1205
1306
0
241
2455
0
438
352
0
663
182
0
35
113
0
26
45
0
239
3771
0
1918
634
0
1205
40
0
1606
1816
0
3264
1501
0
1125
278
0
3444
120
0
82
20
0
57
91
0
3318
3564
0
374
1410
0
142
487
0
122
9751
0
752
17178
0
3022
5569
0
3462
1168
0
69
1375
0
69
1420
0
1420
1410
0
142
414
0
496
20
0
248
3856
0
406
7371
0
13323
247
0
4937
280
0
51
390
0
390
69
0
1375
487
0
122
20
0
248
8
0
292
2123
0
719
779
0
17693
177
0
4963
25
0
25
51
0
280
69
0
1168
80
0
54
6
0
20
78
0
138
10834
0
913
26133
0
2159
20337
0
5437
3318
0
91
239
0
45
7837
0
3300
6
0
20
0
0
6
14
0
44
379
0
354
55
0
3230
70
0
1398
57
0
20
26
0
113
35
0
380
78
0
138
14
0
44
52
0
200
910
0
1359
963
0
6294
958
0
6720
82
0
120
35
0
182
379
0
1917
6276
0
586
892
0
403
5856
0
1201
445
0
62
0
0
0
858
0
564
1245
0
190
90
0
2
2799
0
1352
416
0
146
14
0
57
1936
0
782
110
0
54
0
0
0
116
0
31
308
0
19
72
0
64
763
0
283
4879
0
2106
1022
0
1165
9
0
2326
13
0
3
0
0
0
19
0
37
36
0
6
1
0
0
18
0
152
526
0
20
11
0
0
567
0
42
49
0
16
0
0
0
1174
0
215
286
0
31
537
0
19
1507
0
372
119
0
2
3
0
2
109
0
61
0
0
0
0
0
0
288
0
216
54
0
4
103
0
96
319
0
340
33
0
14
0
0
4
42
0
63
0
0
0
0
0
0
84
0
231
10
0
3
1
0
65
58
0
322
121
0
35
3
0
1
239
0
70
9040
0
194
8228
0
0
14291
0
1276
2755
0
204
183
0
20
10654
0
2449
1
0
7
0
0
1
13
0
22
21
0
4
0
0
0
40
0
183
15
0
7
3
0
19
69
0
207
520
0
346
697
0
474
1585
0
2817
766
0
483
781
0
2561
2274
0
4414
387
0
299
96
0
115
2701
0
4647
20144
0
8538
884
0
355
1292
0
1808
28360
0
25827
4602
0
20009
17742
0
14560
7441
0
5166
721
0
195
2638
0
15917
5353
0
3386
574
0
125
219
0
577
2062
0
1919
0
0
0
2
0
0
2031
0
7479
100
0
14
565
0
1392
6914
0
5211
52
0
94
271
0
2495
1560
0
4707
0
0
0
414
0
3024
547
0
1598
4
0
15
262
0
2875
4583
0
1102
1170
0
46
114
0
166
2011
0
2987
0
0
0
0
0
0
1127
0
559
9
0
1
223
0
1311
6098
0
10455
1545
0
1713
177
0
1694
2147
0
10135
0
0
0
0
0
0
925
0
3193
0
0
0
76
0
1509
961
0
4752
32
0
1307
98
0
1601
1125
0
4411
0
0
0
39
0
344
223
0
1518
0
0
9
38
0
1887
361
0
128
0
0
4
51
0
383
2
0
456
0
0
0
199
0
830
41
0
21
6
0
3
108
0
607
1953
0
5229
70
0
577
147
0
5949
3707
0
6000
0
0
0
371
0
4281
674
0
1425
4
0
13
165
0
2419
2783
0
7024
6
0
203
268
0
3941
1343
0
9051
0
0
0
219
0
2289
460
0
1829
0
0
14
208
0
5855
12512
0
1976
1306
0
241
1816
0
3264
36704
0
6158
52727
0
11051
22891
0
31992
6720
0
958
1398
0
70
5437
0
20337
8805
0
2792
2455
0
438
1501
0
1125
52727
0
11051
67836
0
0
128353
0
16307
6294
0
963
3230
0
55
2159
0
26133
14215
0
3484
352
0
663
278
0
3444
22891
0
31992
128353
0
16307
5046
0
147300
1359
0
910
354
0
379
913
0
10834
9751
0
752
3856
0
406
2123
0
719
31720
0
5624
259833
0
14774
30249
0
30249
4963
0
177
4937
0
247
3462
0
5569
17178
0
3022
7371
0
13323
779
0
17693
259833
0
14774
0
0
0
14774
0
259833
17693
0
779
13323
0
7371
3022
0
17178
5569
0
3462
247
0
4937
177
0
4963
30249
0
30249
14774
0
259833
5624
0
31720
719
0
2123
406
0
3856
752
0
9751
10834
0
913
379
0
354
910
0
1359
147300
0
5046
16307
0
128353
31992
0
22891
3444
0
278
663
0
352
3484
0
14215
26133
0
2159
55
0
3230
963
0
6294
16307
0
128353
0
0
67836
11051
0
52727
1125
0
1501
438
0
2455
2792
0
8805
20337
0
5437
70
0
1398
958
0
6720
31992
0
22891
11051
0
52727
6158
0
36704
3264
0
1816
241
0
1306
1976
0
12512
5855
0
208
14
0
0
1829
0
460
2289
0
219
0
0
0
9051
0
1343
3941
0
268
203
0
6
7024
0
2783
2419
0
165
13
0
4
1425
0
674
4281
0
371
0
0
0
6000
0
3707
5949
0
147
577
0
70
5229
0
1953
607
0
108
3
0
6
21
0
41
830
0
199
0
0
0
456
0
2
383
0
51
4
0
0
128
0
361
1887
0
38
9
0
0
1518
0
223
344
0
39
0
0
0
4411
0
1125
1601
0
98
1307
0
32
4752
0
961
1509
0
76
0
0
0
3193
0
925
0
0
0
0
0
0
10135
0
2147
1694
0
177
1713
0
1545
10455
0
6098
1311
0
223
1
0
9
559
0
1127
0
0
0
0
0
0
2987
0
2011
166
0
114
46
0
1170
1102
0
4583
2875
0
262
15
0
4
1598
0
547
3024
0
414
0
0
0
4707
0
1560
2495
0
271
94
0
52
5211
0
6914
1392
0
565
14
0
100
7479
0
2031
0
0
2
0
0
0
1919
0
2062
577
0
219
125
0
574
3386
0
5353
15917
0
2638
195
0
721
5166
0
7441
14560
0
17742
20009
0
4602
25827
0
28360
1808
0
1292
355
0
884
8538
0
20144
4647
0
2701
115
0
96
299
0
387
4414
0
2274
2561
0
781
483
0
766
2817
0
1585
474
0
697
346
0
520
207
0
69
19
0
3
7
0
15
183
0
40
0
0
0
4
0
21
22
0
13
1
0
0
7
0
1
2449
0
10654
20
0
183
204
0
2755
1276
0
14291
0
0
8228
194
0
9040
70
0
239
1
0
3
35
0
121
322
0
58
65
0
1
3
0
10
231
0
84
0
0
0
0
0
0
63
0
42
4
0
0
14
0
33
340
0
319
96
0
103
4
0
54
216
0
288
0
0
0
0
0
0
61
0
109
2
0
3
2
0
119
372
0
1507
19
0
537
31
0
286
215
0
1174
0
0
0
16
0
49
42
0
567
0
0
11
20
0
526
152
0
18
0
0
1
6
0
36
37
0
19
0
0
0
3
0
13
2326
0
9
1165
0
1022
2106
0
4879
283
0
763
64
0
72
19
0
308
31
0
116
0
0
0
54
0
110
782
0
1936
57
0
14
146
0
416
1352
0
2799
2
0
90
190
0
1245
564
0
858
0
0
0
62
0
445
1201
0
5856
403
0
892
586
0
6276
1917
0
379
182
0
35
120
0
82
6720
0
958
6294
0
963
1359
0
910
200
0
52
44
0
14
138
0
78
380
0
35
113
0
26
20
0
57
1398
0
70
3230
0
55
354
0
379
44
0
14
6
0
0
20
0
6
3300
0
7837
45
0
239
91
0
3318
5437
0
20337
2159
0
26133
913
0
10834
138
0
78
20
0
6
54
0
80
1168
0
69
280
0
51
25
0
25
4963
0
177
17693
0
779
719
0
2123
292
0
8
248
0
20
122
0
487
1375
0
69
390
0
390
51
0
280
4937
0
247
13323
0
7371
406
0
3856
248
0
20
496
0
414
142
0
1410
1420
0
1420
69
0
1375
69
0
1168
3462
0
5569
3022
0
17178
752
0
9751
122
0
487
142
0
1410
374
0
3564
3318
0
91
57
0
20
82
0
120
3444
0
278
1125
0
1501
3264
0
1816
1606
0
40
1205
0
634
1918
0
3771
239
0
45
26
0
113
35
0
182
663
0
352
438
0
2455
241
0
1306
1205
0
634
1016
0
322
553
0
2693
7837
0
3300
35
0
380
379
0
1917
3484
0
14215
2792
0
8805
1976
0
12512
1918
0
3771
553
0
2693
2588
0
12062
312
0
33
4
0
1
114
0
109
150
0
58
0
0
0
271
0
175
130
0
17
8
0
0
175
0
161
60
0
0
0
0
0
31
0
12
101
0
4
0
0
0
94
0
24
49
0
6
4
0
1
29
0
15
388
0
1186
0
0
3
70
0
1002
59
0
810
0
0
0
74
0
1056
30
0
18
4
0
0
21
0
9
105
0
4
0
0
0
66
0
27
19
0
6
0
0
0
246
0
95
97
0
3
48
0
2
212
0
97
86
0
1
3
0
1
65
0
57
0
0
0
0
0
0
259
0
117
52
0
2
82
0
108
193
0
388
182
0
285
1
0
10
260
0
386
0
0
107
0
0
0
307
0
925
54
0
182
14
0
488
307
0
1491
1053
0
51
8
0
3
308
0
144
703
0
37
0
0
0
507
0
422
652
0
50
28
0
3
1734
0
2117
116
0
17
5
0
16
136
0
126
7
0
3
0
0
0
110
0
151
706
0
58
60
0
56
801
0
743
3401
0
2184
73
0
207
4109
0
2055
1943
0
2439
1456
0
2478
3009
0
6770
991
0
3128
76
0
414
4413
0
9978
8347
0
1928
57
0
10
6385
0
1837
4584
0
1428
1360
0
211
2734
0
919
2171
0
566
22
0
8
569
0
1766
260
0
292
2
0
3
217
0
1153
3
0
0
0
0
0
0
0
0
20
0
70
0
0
0
0
0
1
4916
0
1469
75
0
175
239
0
1549
720
0
440
401
0
481
0
0
23
131
0
331
22
0
56
35
0
660
125
0
16
24
0
1
29
0
0
101
0
2
1
0
0
9
0
0
33
0
13
1
0
0
21
0
21
6
0
2
1
0
0
0
0
1
1
0
1
0
0
0
0
0
0
2
0
1
0
0
0
0
0
1
130
0
53
8
0
10
4
0
10
102
0
53
0
0
3
1
0
6
25
0
25
1
0
2
13
0
33
24
0
15
1
0
3
788
0
308
532
0
22
18
0
3
2319
0
726
660
0
35
1
0
0
1766
0
569
120
0
108
1
0
0
61
0
473
24
0
25
0
0
0
8
0
32
56
0
22
0
0
0
8
0
22
280
0
259
6
0
6
2278
0
2503
226
0
255
1
0
15
1600
0
2712
331
0
131
70
0
20
566
0
2171
6276
0
586
416
0
146
4879
0
2106
5855
0
208
2419
0
165
607
0
108
312
0
33
60
0
0
388
0
1186
892
0
403
14
0
57
1022
0
1165
14
0
0
13
0
4
3
0
6
4
0
1
0
0
0
0
0
3
5856
0
1201
1936
0
782
9
0
2326
1829
0
460
1425
0
674
21
0
41
114
0
109
31
0
12
70
0
1002
526
0
20
119
0
2
33
0
14
1887
0
38
1509
0
76
1311
0
223
105
0
4
86
0
1
182
0
285
11
0
0
3
0
2
0
0
4
9
0
0
0
0
0
1
0
9
0
0
0
3
0
1
1
0
10
567
0
42
109
0
61
42
0
63
1518
0
223
3193
0
925
559
0
1127
66
0
27
65
0
57
260
0
386
121
0
35
1
0
7
520
0
346
2875
0
262
1392
0
565
15917
0
2638
1053
0
51
116
0
17
3401
0
2184
3
0
1
0
0
1
697
0
474
15
0
4
14
0
100
195
0
721
8
0
3
5
0
16
73
0
207
239
0
70
13
0
22
1585
0
2817
1598
0
547
7479
0
2031
5166
0
7441
308
0
144
136
0
126
4109
0
2055
6604
0
746
209
0
50
6136
0
1108
801
0
113
153
0
24
827
0
165
1119
0
170
33
0
1
2557
0
1051
209
0
50
28
0
0
905
0
286
28
0
1
59
0
1
12
0
7
49
0
14
10
0
2
132
0
109
6136
0
1108
905
0
286
2
0
1540
33
0
21
2
0
5
0
0
31
92
0
101
7
0
3
40
0
430
244
0
8
82
0
8
123
0
13
339
0
12
2172
0
288
357
0
319
149
0
12
85
0
30
343
0
182
82
0
8
36
0
4
2
0
11
57
0
1
467
0
34
9
0
31
65
0
7
19
0
1
21
0
66
123
0
13
2
0
11
100
0
30
8
0
3
6
0
92
152
0
185
53
0
16
16
0
36
173
0
194
130
0
56
2
0
7
1163
0
409
2021
0
92
779
0
347
4897
0
1179
1562
0
143
66
0
45
6845
0
2639
2
0
7
0
0
0
407
0
181
11
0
10
15
0
14
30
0
35
26
0
11
12
0
1
432
0
145
1163
0
409
407
0
181
5220
0
4888
1122
0
280
2040
0
558
3165
0
2785
1055
0
620
99
0
97
6941
0
6226
5687
0
2464
38
0
32
1784
0
1311
9161
0
4902
773
0
1014
6522
0
5800
2712
0
1600
32
0
8
726
0
2319
85
0
52
3
0
1
1
0
6
4
0
1
0
0
0
0
0
4
15
0
1
0
0
0
3
0
18
2184
0
862
101
0
49
10
0
130
3584
0
1225
1320
0
1816
1
0
6
255
0
226
25
0
24
22
0
532
26
0
2
0
0
0
0
0
0
0
0
0
0
0
0
0
0
0
6
0
1
0
0
0
0
0
9
4
0
1
0
0
0
0
0
0
0
0
0
0
0
0
0
0
0
3
0
0
0
0
0
0
0
1
264
0
336
42
0
35
7
0
72
202
0
202
0
0
0
0
0
0
53
0
102
1
0
1
2
0
101
6495
0
43
0
0
1
3050
0
949
6
0
1
4
0
0
5800
0
6522
23
0
0
0
0
0
919
0
2734
1151
0
1569
0
0
0
816
0
2555
1816
0
1320
0
0
0
1014
0
773
481
0
401
0
0
0
211
0
1360
5716
0
2700
1
0
32
4998
0
5599
1225
0
3584
1
0
4
4902
0
9161
440
0
720
0
0
3
1428
0
4584
445
0
62
110
0
54
13
0
3
2289
0
219
4281
0
371
830
0
199
150
0
58
101
0
4
59
0
810
0
0
0
0
0
0
0
0
0
0
0
0
0
0
0
0
0
0
0
0
0
0
0
0
0
0
0
858
0
564
116
0
31
19
0
37
9051
0
1343
6000
0
3707
456
0
2
271
0
175
94
0
24
74
0
1056
49
0
16
0
0
0
0
0
0
344
0
39
0
0
0
0
0
0
19
0
6
0
0
0
0
0
107
0
0
0
0
0
0
0
0
0
0
0
0
0
0
0
0
0
0
0
0
0
0
0
0
0
0
0
1174
0
215
288
0
216
84
0
231
4411
0
1125
10135
0
2147
2987
0
2011
246
0
95
259
0
117
307
0
925
9040
0
194
21
0
4
766
0
483
3024
0
414
0
0
2
14560
0
17742
703
0
37
7
0
3
1943
0
2439
8228
0
0
0
0
0
781
0
2561
0
0
0
0
0
0
20009
0
4602
0
0
0
0
0
0
1456
0
2478
14291
0
1276
40
0
183
2274
0
4414
4707
0
1560
1919
0
2062
25827
0
28360
507
0
422
110
0
151
3009
0
6770
801
0
113
28
0
1
33
0
21
180
0
26
23
0
1
232
0
39
275
0
29
41
0
4
275
0
643
153
0
24
59
0
1
2
0
5
23
0
1
0
0
0
13
0
1
80
0
17
40
0
0
62
0
34
827
0
165
12
0
7
0
0
31
232
0
39
13
0
1
20
0
0
156
0
144
15
0
1
65
0
456
339
0
12
57
0
1
8
0
3
104
0
2
129
0
53
71
0
87
300
0
12
27
0
5
62
0
67
2172
0
288
467
0
34
6
0
92
129
0
53
0
0
0
0
0
0
1175
0
91
27
0
3
21
0
123
357
0
319
9
0
31
152
0
185
71
0
87
0
0
0
356
0
178
156
0
143
49
0
41
277
0
717
2021
0
92
11
0
10
1122
0
280
722
0
34
18
0
8
1324
0
451
855
0
60
28
0
5
3143
0
1836
779
0
347
15
0
14
2040
0
558
18
0
8
0
0
0
702
0
145
433
0
72
5
0
4
3471
0
1250
4897
0
1179
30
0
35
3165
0
2785
1324
0
451
702
0
145
2702
0
1990
1025
0
906
58
0
85
3887
0
6518
7001
0
4797
153
0
46
844
0
1147
5599
0
4998
2555
0
816
949
0
3050
2503
0
2278
473
0
61
308
0
788
57
0
45
14
0
3
3
0
3
32
0
1
0
0
0
1
0
0
6
0
6
0
0
1
3
0
1
4908
0
4503
233
0
239
89
0
1767
2700
0
5716
1569
0
1151
43
0
6495
259
0
280
108
0
120
15
0
24
102
0
19
12
0
0
1
0
1
72
0
7
0
0
0
0
0
0
10
0
4
1
0
0
0
0
29
80
0
97
21
0
21
0
0
12
35
0
42
0
0
0
0
0
0
10
0
8
0
0
1
1
0
24
347
0
347
97
0
80
19
0
102
336
0
264
1
0
4
2
0
26
53
0
130
2
0
6
16
0
125
1767
0
89
3
0
3
1147
0
844
130
0
10
6
0
1
1311
0
1784
1549
0
239
1153
0
217
1837
0
6385
239
0
233
3
0
14
46
0
153
49
0
101
1
0
3
32
0
38
175
0
75
3
0
2
10
0
57
4503
0
4908
45
0
57
4797
0
7001
862
0
2184
52
0
85
2464
0
5687
1469
0
4916
292
0
260
1928
0
8347
1245
0
190
308
0
19
36
0
6
3941
0
268
5949
0
147
383
0
51
130
0
17
49
0
6
30
0
18
90
0
2
72
0
64
1
0
0
203
0
6
577
0
70
4
0
0
8
0
0
4
0
1
4
0
0
2799
0
1352
763
0
283
18
0
152
7024
0
2783
5229
0
1953
128
0
361
175
0
161
29
0
15
21
0
9
286
0
31
54
0
4
10
0
3
1601
0
98
1694
0
177
166
0
114
97
0
3
52
0
2
54
0
182
537
0
19
103
0
96
1
0
65
1307
0
32
1713
0
1545
46
0
1170
48
0
2
82
0
108
14
0
488
1507
0
372
319
0
340
58
0
322
4752
0
961
10455
0
6098
1102
0
4583
212
0
97
193
0
388
307
0
1491
2755
0
204
15
0
7
387
0
299
2495
0
271
577
0
219
1808
0
1292
652
0
50
706
0
58
991
0
3128
183
0
20
3
0
19
96
0
115
94
0
52
125
0
574
355
0
884
28
0
3
60
0
56
76
0
414
10654
0
2449
69
0
207
2701
0
4647
5211
0
6914
3386
0
5353
8538
0
20144
1734
0
2117
801
0
743
4413
0
9978
1119
0
170
49
0
14
92
0
101
275
0
29
80
0
17
156
0
144
222
0
76
17
0
2
132
0
121
33
0
1
10
0
2
7
0
3
41
0
4
40
0
0
15
0
1
17
0
2
10
0
2
26
0
10
2557
0
1051
132
0
109
40
0
430
275
0
643
62
0
34
65
0
456
132
0
121
26
0
10
20
0
0
149
0
12
65
0
7
53
0
16
300
0
12
1175
0
91
156
0
143
72
0
8
61
0
6
96
0
115
85
0
30
19
0
1
16
0
36
27
0
5
27
0
3
49
0
41
61
0
6
14
0
54
55
0
175
343
0
182
21
0
66
173
0
194
62
0
67
21
0
123
277
0
717
96
0
115
55
0
175
274
0
734
1562
0
143
26
0
11
1055
0
620
855
0
60
433
0
72
1025
0
906
1588
0
280
235
0
58
3301
0
5126
66
0
45
12
0
1
99
0
97
28
0
5
5
0
4
58
0
85
235
0
58
18
0
12
326
0
301
6845
0
2639
432
0
145
6941
0
6226
3143
0
1836
3471
0
1250
3887
0
6518
3301
0
5126
326
0
301
11788
0
17106
6116
0
9356
86
0
1699
846
0
2128
921
0
4159
82
0
868
131
0
310
1366
0
1986
118
0
103
282
0
332
86
0
1699
6
0
20
14
0
256
7
0
6
10
0
39
0
0
6
30
0
33
7
0
19
1
0
17
846
0
2128
14
0
256
28
0
400
53
0
142
5
0
12
3
0
26
42
0
180
0
0
10
4
0
50
260
0
16
39
0
6
21
0
9
72
0
5
10
0
13
0
0
4
81
0
42
18
0
26
17
0
24
39
0
6
0
0
0
0
0
4
18
0
9
2
0
21
0
0
4
31
0
3
0
0
5
0
0
5
21
0
9
0
0
4
0
0
14
8
0
6
0
0
20
0
0
7
0
0
8
0
0
18
4
0
63
0
0
6668
13
0
300
14
0
1824
196
0
1598
17
0
2983
79
0
2358
84
0
31
19
0
47
137
0
194
13
0
300
0
0
8
0
0
178
8
0
30
0
0
1
0
0
23
13
0
15
0
0
3
2
0
9
14
0
1824
0
0
178
4
0
856
10
0
401
3
0
369
1
0
508
7
0
16
0
0
23
10
0
97
1912
0
2188
82
0
934
166
0
196
967
0
813
183
0
108
209
0
114
426
0
362
23
0
0
75
0
440
59
0
391
3
0
30
0
0
110
28
0
25
21
0
60
19
0
48
24
0
20
1
0
4
3
0
20
542
0
2480
13
0
347
6
0
252
67
0
129
4
0
15
21
0
68
9
0
38
0
0
1
7
0
104
42
0
7
10
0
2
3
0
0
52
0
1
44
0
40
113
0
38
18
0
0
14
0
2
44
0
52
5
0
0
1
0
0
0
0
0
2
0
0
0
0
0
0
0
0
1
0
0
1
0
0
0
0
2
21
0
0
0
0
1
0
0
4
0
0
2
0
0
1
2
0
25
0
0
0
0
0
1
0
0
5
69
0
1392
5
0
277
26
0
558
525
0
2379
75
0
2214
251
0
1309
143
0
1133
53
0
95
299
0
1648
0
0
135
2
0
20
0
0
108
1
0
48
0
0
100
0
0
52
0
0
39
5
0
6
0
0
75
6
0
454
0
0
103
2
0
249
0
0
849
2
0
717
11
0
635
2
0
218
6
0
19
26
0
415
3606
0
2656
101
0
94
1150
0
1205
654
0
326
75
0
22
433
0
173
7715
0
3576
306
0
435
2215
0
1929
56
0
181
4
0
8
21
0
255
5
0
4
2
0
0
8
0
13
335
0
154
12
0
41
46
0
94
845
0
1513
31
0
130
5
0
397
42
0
71
0
0
1
8
0
15
401
0
451
20
0
37
471
0
603
148
0
6
8
0
2
17
0
4
31
0
0
16
0
4
36
0
10
665
0
120
399
0
99
215
0
243
5
0
0
0
0
1
1
0
2
0
0
0
0
0
0
4
0
1
81
0
3
15
0
51
16
0
100
29
0
0
0
0
9
4
0
15
7
0
0
4
0
789
9
0
578
15
0
21
9
0
2347
37
0
715
54
0
2445
17
0
172
116
0
2995
356
0
741
134
0
195
402
0
1668
3197
0
12309
203
0
1019
3301
0
10875
0
0
23
0
0
3
6
0
80
0
0
3
0
0
0
0
0
16
47
0
240
2
0
34
188
0
677
192
0
1316
15
0
843
472
0
2411
89
0
520
90
0
93
471
0
867
671
0
3295
32
0
414
997
0
6812
921
0
4159
7
0
6
53
0
142
374
0
4004
5
0
298
41
0
122
488
0
1246
5
0
2
113
0
105
82
0
868
10
0
39
5
0
12
5
0
298
0
0
0
1
0
0
38
0
207
2
0
1
5
0
2
131
0
310
0
0
6
3
0
26
41
0
122
1
0
0
0
0
16
24
0
105
0
0
0
3
0
44
72
0
5
18
0
9
8
0
6
0
0
0
0
0
0
0
0
0
34
0
11
5
0
23
8
0
14
10
0
13
2
0
21
0
0
20
0
0
0
0
0
0
0
0
0
19
0
36
2
0
266
0
0
150
0
0
4
0
0
4
0
0
7
0
0
0
0
0
0
0
0
0
0
0
3
0
0
7
0
0
40
196
0
1598
8
0
30
10
0
401
0
0
1748
3
0
270
5
0
719
0
0
0
2
0
4
3
0
39
17
0
2983
0
0
1
3
0
369
3
0
270
0
0
0
0
0
298
0
0
5
0
0
25
1
0
30
79
0
2358
0
0
23
1
0
508
5
0
719
0
0
298
0
0
424
2
0
24
0
0
9
2
0
45
70
0
282
0
0
0
5
0
1
264
0
815
0
0
0
1
0
0
89
0
315
1
0
0
12
0
131
25
0
413
0
0
0
0
0
0
120
0
991
0
0
0
0
0
0
35
0
382
0
0
0
0
0
131
14
0
85
0
0
0
0
0
18
62
0
187
0
0
0
4
0
28
3
0
40
0
0
0
1
0
56
0
0
0
0
0
0
0
0
0
0
0
0
0
0
0
0
0
0
0
0
0
0
0
0
0
0
0
0
0
0
0
0
0
0
0
0
0
0
0
0
0
0
0
0
0
0
0
0
0
0
0
0
0
0
0
0
0
0
0
0
0
0
0
0
0
0
0
0
0
0
0
0
0
0
0
0
0
0
0
0
0
181
0
952
3
0
11
3
0
213
429
0
3053
3
0
358
14
0
463
110
0
505
3
0
14
47
0
843
15
0
695
0
0
0
0
0
191
0
0
1778
0
0
0
0
0
0
4
0
300
0
0
0
0
0
351
42
0
930
0
0
7
0
0
421
4
0
2449
0
0
650
1
0
434
6
0
314
0
0
8
8
0
504
388
0
375
2
0
0
63
0
23
240
0
318
12
0
0
118
0
76
3179
0
5160
41
0
32
912
0
1201
85
0
53
2
0
0
13
0
79
15
0
62
0
0
0
37
0
191
986
0
521
2
0
0
84
0
245
30
0
32
0
0
0
0
0
4
31
0
90
0
0
0
1
0
2
205
0
206
3
0
5
91
0
164
139
0
0
11
0
2
0
0
1
0
0
0
0
0
0
0
0
0
732
0
35
30
0
32
154
0
75
1
0
6
0
0
0
0
0
4
0
0
0
0
0
0
0
0
0
653
0
17
10
0
426
127
0
1722
1
0
1
0
0
0
0
0
3
0
0
0
0
0
0
0
0
0
12
0
16
1
0
44
12
0
264
235
0
577
9
0
8
65
0
452
43
0
500
92
0
113
106
0
600
1296
0
4853
17
0
73
953
0
4675
30
0
98
0
0
1
5
0
242
0
0
144
0
0
0
46
0
221
114
0
1140
0
0
41
139
0
1453
127
0
1050
2
0
3
43
0
626
45
0
631
15
0
5
117
0
567
335
0
2743
3
0
86
312
0
2771
1366
0
1986
30
0
33
42
0
180
488
0
1246
38
0
207
24
0
105
650
0
1080
57
0
26
33
0
134
118
0
103
7
0
19
0
0
10
5
0
2
2
0
1
0
0
0
57
0
26
0
0
0
0
0
0
282
0
332
1
0
17
4
0
50
113
0
105
5
0
2
3
0
44
33
0
134
0
0
0
0
0
30
81
0
42
31
0
3
0
0
8
34
0
11
19
0
36
0
0
3
26
0
46
2
0
10
1
0
5
18
0
26
0
0
5
0
0
18
5
0
23
2
0
266
0
0
7
2
0
10
0
0
14
0
0
25
17
0
24
0
0
5
4
0
63
8
0
14
0
0
150
0
0
40
1
0
5
0
0
25
2
0
46
84
0
31
13
0
15
7
0
16
0
0
0
0
0
5
2
0
24
0
0
0
3
0
6
8
0
49
19
0
47
0
0
3
0
0
23
2
0
4
0
0
25
0
0
9
3
0
6
0
0
6
0
0
12
137
0
194
2
0
9
10
0
97
3
0
39
1
0
30
2
0
45
8
0
49
0
0
12
10
0
158
166
0
163
4
0
1
4
0
12
627
0
269
61
0
7
50
0
24
344
0
134
1
0
0
26
0
30
15
0
22
0
0
0
0
0
0
16
0
37
0
0
0
0
0
0
55
0
17
0
0
0
0
0
0
49
0
147
0
0
0
0
0
9
50
0
240
1
0
1
8
0
12
31
0
61
0
0
0
1
0
19
33
0
14
8
0
2
0
0
1
16
0
2
2
0
0
0
0
3
11
0
1
19
0
2
2
0
140
0
0
0
0
0
0
0
0
0
0
0
0
0
0
0
0
0
0
0
0
0
0
0
0
0
0
0
67
0
0
0
0
1
0
0
11
6
0
5
0
0
3
0
0
92
0
0
0
0
0
0
3
0
39
141
0
19
1
0
2
1
0
15
2
0
0
5
0
65
8
0
71
253
0
1
68
0
30
151
0
985
1
0
0
0
0
0
0
0
0
0
0
0
0
0
0
0
0
0
2
0
0
1
0
1
2
0
47
87
0
13
0
0
4
1
0
42
0
0
6
0
0
129
17
0
847
27
0
8
2
0
12
49
0
529
327
0
120
5
0
2
25
0
22
378
0
85
3
0
1
54
0
12
952
0
794
12
0
10
165
0
85
6
0
2
1
0
0
5
0
10
1
0
1
1
0
0
2
0
23
484
0
42
1
0
0
16
0
36
61
0
56
0
0
0
0
0
4
40
0
52
0
0
0
0
0
5
59
0
460
1
0
2
8
0
22
48
0
0
3
0
0
4
0
2
0
0
0
3
0
0
7
0
5
138
0
46
88
0
22
18
0
74
1
0
1
0
0
0
0
0
22
0
0
0
0
0
0
0
0
9
6
0
0
0
0
255
0
0
55
2
0
0
0
0
0
1
0
2
0
0
0
0
0
0
3
0
79
2
0
0
3
0
71
5
0
185
208
0
18
4
0
6
94
0
93
0
0
0
40
0
43
47
0
311
747
0
24
163
0
146
1257
0
5100
1
0
0
0
0
0
1
0
9
0
0
0
0
0
0
1
0
1
12
0
0
3
0
15
19
0
127
232
0
31
1
0
4
55
0
80
79
0
57
20
0
71
194
0
465
302
0
94
27
0
163
700
0
3508
1912
0
2188
59
0
391
542
0
2480
70
0
282
25
0
413
14
0
85
166
0
163
15
0
22
49
0
147
82
0
934
3
0
30
13
0
347
0
0
0
0
0
0
0
0
0
4
0
1
0
0
0
0
0
0
166
0
196
0
0
110
6
0
252
5
0
1
0
0
0
0
0
18
4
0
12
0
0
0
0
0
9
42
0
7
5
0
0
21
0
0
0
0
0
0
0
0
0
0
0
33
0
14
0
0
0
67
0
0
10
0
2
1
0
0
0
0
1
0
0
0
0
0
0
0
0
0
8
0
2
0
0
0
0
0
1
3
0
0
0
0
0
0
0
4
0
0
0
0
0
0
0
0
0
0
0
1
0
0
0
0
0
11
69
0
1392
0
0
135
6
0
454
181
0
952
15
0
695
42
0
930
141
0
19
1
0
0
87
0
13
5
0
277
2
0
20
0
0
103
3
0
11
0
0
0
0
0
7
1
0
2
0
0
0
0
0
4
26
0
558
0
0
108
2
0
249
3
0
213
0
0
191
0
0
421
1
0
15
0
0
0
1
0
42
362
0
390
61
0
179
127
0
117
1
0
0
1
0
0
1
0
2
10
0
1
3
0
0
4
0
4
61
0
179
6
0
182
3
0
168
0
0
0
0
0
0
0
0
0
3
0
0
0
0
0
0
0
7
127
0
117
3
0
168
2
0
80
0
0
0
0
0
3
0
0
1
0
0
0
0
0
2
2
0
3
0
0
0
0
0
0
0
0
0
0
0
0
0
0
0
0
0
0
0
0
0
0
0
0
0
0
0
0
0
0
0
0
0
0
0
0
0
0
0
0
0
0
0
0
0
0
0
0
0
0
0
0
0
0
0
0
0
0
0
0
0
0
0
0
0
0
0
0
0
0
0
0
0
0
0
0
0
0
0
0
0
44
0
918
19
0
108
9
0
444
282
0
893
208
0
732
225
0
504
62
0
259
22
0
27
115
0
498
19
0
108
0
0
298
1
0
149
28
0
27
1
0
372
1
0
111
14
0
11
2
0
14
1
0
72
9
0
444
1
0
149
2
0
266
48
0
471
0
0
884
6
0
516
1
0
57
2
0
8
18
0
197
2456
0
696
62
0
47
844
0
718
15
0
1
24
0
0
16
0
5
1592
0
117
95
0
109
771
0
240
70
0
392
2
0
26
43
0
402
0
0
0
0
0
0
0
0
0
216
0
8
4
0
23
29
0
34
266
0
132
34
0
69
0
0
209
0
0
0
0
0
0
0
0
3
90
0
15
6
0
4
58
0
42
39
0
0
6
0
0
68
0
1
0
0
0
0
0
0
0
0
0
1125
0
159
197
0
5
206
0
62
3
0
1
0
0
3
0
0
13
0
0
0
0
0
0
0
0
0
235
0
33
27
0
68
4
0
71
2
0
0
1
0
0
0
0
8
0
0
0
0
0
0
0
0
0
23
0
54
0
0
30
6
0
96
84
0
948
0
0
107
34
0
1352
128
0
124
114
0
6
249
0
758
1077
0
2392
54
0
144
1289
0
2964
2
0
39
0
0
8
0
0
168
0
0
5
0
0
0
3
0
15
15
0
186
3
0
52
23
0
330
106
0
877
8
0
494
99
0
1349
10
0
44
2
0
39
21
0
447
408
0
880
0
0
132
184
0
2022
967
0
813
28
0
25
67
0
129
264
0
815
120
0
991
62
0
187
627
0
269
16
0
37
50
0
240
183
0
108
21
0
60
4
0
15
0
0
0
0
0
0
0
0
0
61
0
7
0
0
0
1
0
1
209
0
114
19
0
48
21
0
68
1
0
0
0
0
0
4
0
28
50
0
24
0
0
0
8
0
12
52
0
1
2
0
0
0
0
2
0
0
0
0
0
0
0
0
0
16
0
2
0
0
0
6
0
5
44
0
40
0
0
0
0
0
1
0
0
0
0
0
0
0
0
0
2
0
0
0
0
0
0
0
3
113
0
38
0
0
0
2
0
25
0
0
0
0
0
0
0
0
0
0
0
3
0
0
0
0
0
92
525
0
2379
1
0
48
0
0
849
429
0
3053
0
0
1778
4
0
2449
2
0
0
0
0
0
0
0
6
75
0
2214
0
0
100
2
0
717
3
0
358
0
0
0
0
0
650
5
0
65
0
0
0
0
0
129
251
0
1309
0
0
52
11
0
635
14
0
463
0
0
0
1
0
434
8
0
71
0
0
0
17
0
847
1
0
0
0
0
0
0
0
0
0
0
0
0
0
0
0
0
0
2
0
0
1
0
0
0
0
1
1
0
0
0
0
0
0
0
3
0
0
0
0
0
0
0
0
0
1
0
0
0
0
0
0
0
0
1
0
2
0
0
0
0
0
1
0
0
0
0
0
0
0
0
0
1
0
0
1
0
0
0
0
1
0
0
0
0
0
0
0
0
0
0
0
0
0
0
0
0
0
0
0
0
0
0
0
0
0
0
0
0
0
0
0
0
0
0
0
0
0
0
0
0
0
0
0
0
0
0
0
0
0
0
0
0
0
0
0
0
0
0
0
0
0
0
0
0
0
0
0
0
0
0
0
0
0
0
0
0
0
0
0
0
0
282
0
893
28
0
27
48
0
471
782
0
2002
300
0
2108
150
0
788
153
0
482
46
0
55
112
0
830
208
0
732
1
0
372
0
0
884
300
0
2108
0
0
1550
3
0
808
53
0
145
15
0
146
21
0
1041
225
0
504
1
0
111
6
0
516
150
0
788
3
0
808
4
0
832
17
0
91
6
0
85
31
0
587
193
0
6
19
0
0
1
0
4
7
0
0
0
0
0
0
0
2
1977
0
22
68
0
122
387
0
314
55
0
7
6
0
1
4
0
2
0
0
0
0
0
0
0
0
0
729
0
1
27
0
0
77
0
15
52
0
12
21
0
15
3
0
12
2
0
0
0
0
0
0
0
4
196
0
14
35
0
0
86
0
25
50
0
0
1
0
0
2
0
0
0
0
0
0
0
0
0
0
0
3742
0
198
410
0
6
71
0
150
11
0
10
0
0
0
0
0
15
0
0
0
0
0
0
0
0
0
3970
0
1001
275
0
932
71
0
784
71
0
20
0
0
0
3
0
65
0
0
0
0
0
0
0
0
0
286
0
1028
5
0
785
59
0
1062
362
0
876
0
0
2
71
0
1114
230
0
298
0
0
0
207
0
1002
876
0
5604
35
0
243
635
0
6031
127
0
222
0
0
1
54
0
695
0
0
163
0
0
0
52
0
466
471
0
3072
15
0
284
265
0
2800
452
0
424
4
0
37
104
0
872
147
0
100
0
0
0
48
0
417
3305
0
8021
9
0
167
442
0
6079
426
0
362
24
0
20
9
0
38
89
0
315
35
0
382
3
0
40
344
0
134
55
0
17
31
0
61
23
0
0
1
0
4
0
0
1
1
0
0
0
0
0
0
0
0
1
0
0
0
0
0
0
0
0
75
0
440
3
0
20
7
0
104
12
0
131
0
0
131
1
0
56
26
0
30
0
0
0
1
0
19
18
0
0
1
0
0
0
0
0
0
0
0
0
0
0
0
0
0
11
0
1
0
0
0
0
0
0
14
0
2
1
0
0
0
0
1
0
0
0
0
0
0
0
0
0
19
0
2
0
0
0
0
0
0
44
0
52
0
0
2
0
0
5
0
0
0
0
0
0
0
0
0
2
0
140
0
0
0
3
0
39
143
0
1133
0
0
39
2
0
218
110
0
505
4
0
300
6
0
314
253
0
1
2
0
0
27
0
8
53
0
95
5
0
6
6
0
19
3
0
14
0
0
0
0
0
8
68
0
30
1
0
1
2
0
12
299
0
1648
0
0
75
26
0
415
47
0
843
0
0
351
8
0
504
151
0
985
2
0
47
49
0
529
10
0
1
3
0
0
0
0
0
2
0
0
1
0
0
1
0
0
0
0
2
1
0
0
0
0
0
3
0
0
0
0
0
0
0
2
1
0
0
0
0
0
1
0
0
1
0
0
0
0
0
0
0
0
4
0
4
0
0
7
2
0
3
0
0
1
0
0
0
0
0
1
0
0
0
0
0
0
0
0
4
0
0
0
0
0
0
0
0
0
0
0
0
0
0
0
0
0
0
0
0
0
0
0
0
0
0
0
0
0
0
0
0
0
0
0
0
0
0
0
0
0
0
0
0
0
0
0
0
0
0
0
0
0
0
0
0
0
0
0
0
0
0
0
0
0
0
0
0
0
0
0
0
0
0
0
0
0
0
0
0
0
62
0
259
14
0
11
1
0
57
153
0
482
53
0
145
17
0
91
46
0
56
55
0
3
23
0
186
22
0
27
2
0
14
2
0
8
46
0
55
15
0
146
6
0
85
55
0
3
4
0
14
17
0
104
115
0
498
1
0
72
18
0
197
112
0
830
21
0
1041
31
0
587
23
0
186
17
0
104
60
0
452
79
0
6
7
0
0
2
0
3
1
0
0
0
0
0
1
0
1
340
0
13
35
0
1
66
0
17
1
0
0
1
0
0
2
0
0
0
0
0
1
0
0
0
0
0
9
0
0
3
0
0
1
0
2
31
0
79
3
0
9
6
0
39
0
0
16
5
0
1
1
0
14
72
0
10
4
0
0
29
0
22
25
0
0
0
0
0
0
0
0
0
0
0
0
0
0
0
0
0
146
0
32
17
0
0
9
0
7
9
0
1
0
0
1
1
0
5
0
0
0
0
0
0
0
0
0
111
0
58
26
0
64
4
0
70
29
0
41
4
0
3
11
0
49
0
0
0
0
0
0
0
0
0
155
0
518
7
0
440
48
0
359
123
0
233
2
0
5
19
0
409
43
0
57
0
0
0
36
0
293
861
0
1254
62
0
291
219
0
1378
16
0
20
0
0
0
9
0
29
0
0
8
0
0
0
6
0
27
525
0
505
14
0
40
176
0
431
350
0
747
2
0
67
110
0
725
75
0
172
28
0
57
67
0
681
2742
0
5564
30
0
419
719
0
4749
3606
0
2656
56
0
181
845
0
1513
388
0
375
85
0
53
30
0
32
327
0
120
6
0
2
61
0
56
101
0
94
4
0
8
31
0
130
2
0
0
2
0
0
0
0
0
5
0
2
1
0
0
0
0
0
1150
0
1205
21
0
255
5
0
397
63
0
23
13
0
79
0
0
4
25
0
22
5
0
10
0
0
4
148
0
6
5
0
0
29
0
0
139
0
0
1
0
6
1
0
1
48
0
0
1
0
1
2
0
0
8
0
2
0
0
1
0
0
9
11
0
2
0
0
0
0
0
0
3
0
0
0
0
0
0
0
0
17
0
4
1
0
2
4
0
15
0
0
1
0
0
4
0
0
3
4
0
2
0
0
22
1
0
2
54
0
2445
0
0
23
192
0
1316
235
0
577
30
0
98
127
0
1050
208
0
18
1
0
0
232
0
31
17
0
172
0
0
3
15
0
843
9
0
8
0
0
1
2
0
3
4
0
6
0
0
0
1
0
4
116
0
2995
6
0
80
472
0
2411
65
0
452
5
0
242
43
0
626
94
0
93
1
0
9
55
0
80
2456
0
696
70
0
392
266
0
132
193
0
6
55
0
7
52
0
12
79
0
6
1
0
0
31
0
79
62
0
47
2
0
26
34
0
69
19
0
0
6
0
1
21
0
15
7
0
0
1
0
0
3
0
9
844
0
718
43
0
402
0
0
209
1
0
4
4
0
2
3
0
12
2
0
3
2
0
0
6
0
39
39
0
0
3
0
1
2
0
0
50
0
0
11
0
10
71
0
20
25
0
0
9
0
1
29
0
41
6
0
0
0
0
3
1
0
0
1
0
0
0
0
0
0
0
0
0
0
0
0
0
1
4
0
3
68
0
1
0
0
13
0
0
8
2
0
0
0
0
15
3
0
65
0
0
0
1
0
5
11
0
49
84
0
948
2
0
39
106
0
877
362
0
876
127
0
222
452
0
424
123
0
233
16
0
20
350
0
747
0
0
107
0
0
8
8
0
494
0
0
2
0
0
1
4
0
37
2
0
5
0
0
0
2
0
67
34
0
1352
0
0
168
99
0
1349
71
0
1114
54
0
695
104
0
872
19
0
409
9
0
29
110
0
725
4224
0
1122
103
0
57
2746
0
741
473
0
14
83
0
3
291
0
24
2139
0
135
86
0
12
1918
0
500
103
0
57
12
0
12
135
0
179
19
0
2
2
0
0
7
0
4
96
0
20
4
0
2
38
0
51
2746
0
741
135
0
179
2
0
794
50
0
12
5
0
3
0
0
4
672
0
35
21
0
23
359
0
230
300
0
16
62
0
3
112
0
6
218
0
1
426
0
44
166
0
57
600
0
42
107
0
6
261
0
167
62
0
3
26
0
6
11
0
6
60
0
0
246
0
4
44
0
23
118
0
4
53
0
25
27
0
60
112
0
6
11
0
6
74
0
32
20
0
2
20
0
44
82
0
167
111
0
51
24
0
91
84
0
263
214
0
2708
9
0
34
777
0
4124
452
0
406
150
0
147
995
0
1293
2223
0
5509
100
0
42
7882
0
5564
9
0
34
0
0
0
95
0
549
3
0
1
2
0
4
0
0
16
47
0
86
16
0
26
441
0
1000
777
0
4124
95
0
549
2696
0
10672
359
0
557
156
0
219
709
0
1701
2100
0
6502
56
0
176
3815
0
14359
654
0
326
5
0
4
42
0
71
240
0
318
15
0
62
31
0
90
378
0
85
1
0
1
40
0
52
75
0
22
2
0
0
0
0
1
12
0
0
0
0
0
0
0
0
3
0
1
1
0
0
0
0
0
433
0
173
8
0
13
8
0
15
118
0
76
37
0
191
1
0
2
54
0
12
2
0
23
0
0
5
31
0
0
0
0
0
7
0
0
0
0
0
0
0
0
0
0
0
0
0
0
0
0
0
0
0
0
16
0
4
0
0
0
4
0
789
0
0
0
0
0
0
0
0
0
3
0
0
0
0
0
0
0
0
36
0
10
4
0
1
9
0
578
0
0
0
0
0
0
0
0
0
7
0
5
0
0
9
3
0
79
356
0
741
0
0
3
89
0
520
43
0
500
0
0
144
45
0
631
0
0
0
0
0
0
79
0
57
134
0
195
0
0
0
90
0
93
92
0
113
0
0
0
15
0
5
40
0
43
0
0
0
20
0
71
402
0
1668
0
0
16
471
0
867
106
0
600
46
0
221
117
0
567
47
0
311
1
0
1
194
0
465
15
0
1
0
0
0
0
0
0
7
0
0
0
0
0
2
0
0
1
0
0
0
0
0
0
0
16
24
0
0
0
0
0
0
0
0
0
0
0
0
0
0
0
0
0
0
0
0
1
0
0
5
0
1
16
0
5
0
0
0
0
0
3
0
0
2
0
0
0
0
0
4
1
0
1
0
0
0
1
0
14
0
0
0
0
0
0
0
0
0
0
0
0
0
0
0
0
0
0
0
0
0
0
0
0
0
0
0
0
0
0
0
0
0
0
0
0
0
0
0
0
0
0
0
0
0
0
0
0
0
0
0
0
0
0
0
0
0
0
0
0
0
0
0
0
0
0
0
0
0
0
0
0
0
0
0
0
0
0
0
0
0
128
0
124
0
0
5
10
0
44
230
0
298
0
0
163
147
0
100
43
0
57
0
0
8
75
0
172
114
0
6
0
0
0
2
0
39
0
0
0
0
0
0
0
0
0
0
0
0
0
0
0
28
0
57
249
0
758
3
0
15
21
0
447
207
0
1002
52
0
466
48
0
417
36
0
293
6
0
27
67
0
681
473
0
14
19
0
2
50
0
12
24
0
2
0
0
0
14
0
1
603
0
25
27
0
8
307
0
367
83
0
3
2
0
0
5
0
3
0
0
0
0
0
0
4
0
0
91
0
6
7
0
0
23
0
11
291
0
24
7
0
4
0
0
4
14
0
1
4
0
0
0
0
0
201
0
15
27
0
20
178
0
186
218
0
1
60
0
0
20
0
2
0
0
0
0
0
0
0
0
0
512
0
14
15
0
1
48
0
21
426
0
44
246
0
4
20
0
44
0
0
0
0
0
0
0
0
0
2371
0
35
6
0
0
72
0
62
166
0
57
44
0
23
82
0
167
0
0
0
0
0
0
0
0
0
468
0
176
39
0
55
72
0
433
452
0
406
3
0
1
359
0
557
164
0
248
3
0
36
96
0
395
804
0
1242
38
0
26
2547
0
2123
150
0
147
2
0
4
156
0
219
3
0
36
0
0
0
19
0
98
273
0
567
24
0
86
1231
0
1522
995
0
1293
0
0
16
709
0
1701
96
0
395
19
0
98
318
0
896
1853
0
4383
22
0
116
2892
0
8165
7715
0
3576
335
0
154
401
0
451
3179
0
5160
986
0
521
205
0
206
952
0
794
484
0
42
59
0
460
306
0
435
12
0
41
20
0
37
41
0
32
2
0
0
3
0
5
12
0
10
1
0
0
1
0
2
2215
0
1929
46
0
94
471
0
603
912
0
1201
84
0
245
91
0
164
165
0
85
16
0
36
8
0
22
665
0
120
81
0
3
15
0
21
732
0
35
653
0
17
12
0
16
138
0
46
6
0
0
2
0
0
399
0
99
15
0
51
9
0
2347
30
0
32
10
0
426
1
0
44
88
0
22
0
0
255
3
0
71
215
0
243
16
0
100
37
0
715
154
0
75
127
0
1722
12
0
264
18
0
74
0
0
55
5
0
185
3197
0
12309
47
0
240
671
0
3295
1296
0
4853
114
0
1140
335
0
2743
747
0
24
12
0
0
302
0
94
203
0
1019
2
0
34
32
0
414
17
0
73
0
0
41
3
0
86
163
0
146
3
0
15
27
0
163
3301
0
10875
188
0
677
997
0
6812
953
0
4675
139
0
1453
312
0
2771
1257
0
5100
19
0
127
700
0
3508
1592
0
117
216
0
8
90
0
15
1977
0
22
729
0
1
196
0
14
340
0
13
9
0
0
72
0
10
95
0
109
4
0
23
6
0
4
68
0
122
27
0
0
35
0
0
35
0
1
3
0
0
4
0
0
771
0
240
29
0
34
58
0
42
387
0
314
77
0
15
86
0
25
66
0
17
1
0
2
29
0
22
1125
0
159
235
0
33
23
0
54
3742
0
198
3970
0
1001
286
0
1028
146
0
32
111
0
58
155
0
518
197
0
5
27
0
68
0
0
30
410
0
6
275
0
932
5
0
785
17
0
0
26
0
64
7
0
440
206
0
62
4
0
71
6
0
96
71
0
150
71
0
784
59
0
1062
9
0
7
4
0
70
48
0
359
1077
0
2392
15
0
186
408
0
880
876
0
5604
471
0
3072
3305
0
8021
861
0
1254
525
0
505
2742
0
5564
54
0
144
3
0
52
0
0
132
35
0
243
15
0
284
9
0
167
62
0
291
14
0
40
30
0
419
1289
0
2964
23
0
330
184
0
2022
635
0
6031
265
0
2800
442
0
6079
219
0
1378
176
0
431
719
0
4749
2139
0
135
96
0
20
672
0
35
603
0
25
91
0
6
201
0
15
3534
0
62
79
0
3
1598
0
94
86
0
12
4
0
2
21
0
23
27
0
8
7
0
0
27
0
20
79
0
3
6
0
0
40
0
16
1918
0
500
38
0
51
359
0
230
307
0
367
23
0
11
178
0
186
1598
0
94
40
0
16
944
0
0
600
0
42
118
0
4
111
0
51
512
0
14
2371
0
35
468
0
176
1018
0
150
680
0
35
329
0
519
107
0
6
53
0
25
24
0
91
15
0
1
6
0
0
39
0
55
680
0
35
80
0
218
97
0
581
261
0
167
27
0
60
84
0
263
48
0
21
72
0
62
72
0
433
329
0
519
97
0
581
242
0
1068
2223
0
5509
47
0
86
2100
0
6502
804
0
1242
273
0
567
1853
0
4383
13670
0
30774
1589
0
733
9893
0
31355
100
0
42
16
0
26
56
0
176
38
0
26
24
0
86
22
0
116
1589
0
733
50
0
140
950
0
1776
7882
0
5564
441
0
1000
3815
0
14359
2547
0
2123
1231
0
1522
2892
0
8165
9893
0
31355
950
0
1776
14036
0
88914
