1018428
275612
141366
68280
363689
32099
122159
94035
94926
4373
4341
2156
7188
119103
4448
5841
7723
2092
78045
11860
24546
30073
182606
15717
55540
74066
100233
4259
1296
1233
3148
22366
1396
887
2022
1376
1356
2032
692
3566
58880
1784
2543
2234
804
2456
1447
467
2801
25393
1137
2719
2427
3189
82203
14159
15414
14770
36944
8667
23257
6650
25533
4718
6520
761
7244
49786
1777
6871
5726
608
35137
7040
13800
27681
101535
11021
55069
95960
104318
4259
2241
1727
427
2902
319
554
1109
1524
189
328
270
323
5979
426
218
266
305
395
176
289
545
5240
215
301
695
1536
2512
579
544
1055
15565
542
415
1424
612
893
996
459
2184
56535
899
1216
1113
497
1544
1752
329
1884
15635
580
1525
1058
2462
4856
479
256
4431
11515
613
661
555
337
781
522
137
1957
29753
386
1101
807
102
2910
766
276
1451
17596
345
7384
9561
3189
82203
25861
12313
13605
29766
8465
8610
3338
10829
249
414
345
672
7210
641
535
1597
348
15491
2163
6162
11084
11064
5876
13106
13685
26678
4856
1207
437
1624
16526
527
613
2329
308
1942
1059
228
3337
35252
798
1919
1993
175
2992
1188
265
2585
12317
631
2597
1216
1536
45192
10758
7175
9937
25250
6716
8483
3185
10953
3300
3001
625
5277
22220
1836
3975
2553
757
27437
5637
9196
22844
65006
8929
55702
92680
100233
4373
308
377
101
447
90
148
136
328
42
19
11
35
150
14
23
19
12
112
39
103
26
234
32
141
108
757
189
21
49
65
186
49
21
18
58
67
44
26
80
643
86
56
23
24
175
36
17
71
359
32
117
38
102
249
44
42
36
115
27
56
27
125
88
49
3
48
412
28
151
63
10
202
43
94
91
325
32
235
423
608
1356
222
109
62
195
38
93
65
112
67
35
34
49
381
60
46
44
46
66
23
14
71
300
43
78
83
175
893
67
61
149
1235
89
103
149
83
732
275
101
885
3828
378
817
162
90
994
330
86
567
1544
171
905
174
497
1942
76
61
202
913
44
385
131
76
393
157
71
531
1950
158
599
259
24
1470
275
100
396
751
88
2513
1445
804
4718
215
169
110
417
57
1929
135
228
88
27
16
41
348
36
309
37
20
1399
57
84
188
436
55
954
284
348
781
115
29
171
941
58
117
125
58
393
147
46
466
2346
208
547
198
46
810
255
49
440
1395
152
754
125
305
3300
206
174
242
968
60
1612
210
325
216
62
22
199
905
64
248
76
12
3528
398
293
903
2171
261
6408
2477
2092
78045
22924
10059
6473
12838
5584
1484
2724
5773
112
280
238
472
3383
507
533
1058
325
3434
561
1295
6434
9512
2753
4438
5934
10953
395
92
135
187
1242
204
93
349
136
66
149
69
216
1612
252
105
236
76
162
263
64
311
3133
178
195
284
337
15491
4946
2677
4548
2444
3415
1172
1270
4570
1399
2363
260
1563
1396
371
1408
650
125
3961
960
1374
8417
5032
3685
11394
19442
25533
2456
576
240
185
700
102
338
269
163
175
68
26
123
1711
135
118
110
58
162
41
44
201
1300
99
174
227
308
1544
215
89
421
3601
158
209
522
94
994
758
161
1586
11584
546
1226
536
83
1292
478
107
1096
3928
290
1267
459
612
2992
265
89
509
2980
131
540
238
136
810
347
87
1294
4543
308
1072
466
58
2522
472
203
937
2291
300
4628
3896
1376
35137
13826
5670
6509
9301
4972
1565
1199
4302
202
276
223
339
2198
444
315
926
228
3961
2737
1594
4935
2649
2852
3962
6795
10829
2910
648
277
1053
6651
413
502
1189
163
1470
997
242
2432
9932
647
1716
793
112
2522
1294
209
2195
5640
546
2075
752
1524
27437
10464
4080
5873
11279
4769
2739
1035
5773
3528
3369
644
5592
18797
1504
4358
2381
328
13094
2677
3257
20281
44442
7717
45302
88661
94926
68280
26046
8874
7888
53707
2636
9393
10242
7717
101
287
244
697
19650
464
226
897
261
6473
1507
2942
2181
18730
1110
5088
6828
8929
427
137
165
288
3301
179
130
376
300
62
173
91
343
16089
203
125
468
88
185
211
67
397
4380
155
249
498
345
13605
3013
1763
3677
10440
984
3183
1488
3685
110
200
52
621
13228
115
279
538
32
6509
1826
2333
2508
12252
868
7543
12823
11021
3148
1367
660
288
2277
1005
291
508
546
65
180
138
175
4385
235
57
191
152
187
102
121
272
3238
162
145
467
631
1055
290
210
838
8676
257
350
941
290
149
344
181
1265
36818
385
331
969
171
421
280
121
807
6060
188
490
584
580
1624
272
79
1188
6179
137
345
410
178
171
146
46
898
11208
148
298
541
32
1053
425
156
778
3167
155
2273
4506
1137
14770
7104
2092
3677
19360
1600
1832
2217
2852
36
106
86
404
5752
414
172
582
55
4548
994
2124
1076
5654
676
2147
2333
5876
4431
432
103
1188
19633
152
387
1911
99
202
144
34
868
16390
152
258
968
43
509
187
64
650
5698
162
566
389
215
9937
3302
1775
4840
11510
1137
1794
949
2753
242
167
43
775
11675
135
366
418
32
5873
1577
3365
3345
20493
1110
8125
17426
15717
7188
1977
1788
697
3694
479
819
734
1504
35
45
64
44
518
96
14
46
64
472
168
524
183
1136
135
374
375
1836
323
72
186
175
1067
174
88
200
308
49
180
150
217
3647
244
61
116
158
123
120
86
200
1868
148
183
235
386
672
227
210
404
925
132
176
130
371
41
336
18
133
2014
32
100
163
28
339
139
338
349
1424
115
553
1662
1777
3566
1130
809
343
1147
183
394
636
647
80
125
147
217
1900
235
89
205
208
216
118
94
292
2253
152
190
441
798
2184
387
406
1265
8816
446
667
1392
546
885
569
395
2018
20606
1024
1160
852
378
1586
572
186
1349
5339
385
1531
643
899
3337
410
137
868
5363
170
852
418
252
466
239
86
1035
8042
244
755
761
86
2432
451
202
763
2248
203
4171
4232
1784
7244
975
293
621
2519
151
2151
514
444
48
34
27
133
1359
38
71
156
36
1563
106
162
551
1792
414
1226
898
641
1957
472
142
898
5825
211
465
1082
135
531
250
79
1035
8923
235
677
643
60
1294
407
95
956
2942
235
1017
386
426
5277
550
285
775
3320
168
2104
505
507
199
113
28
276
1824
96
294
179
14
5592
863
472
1918
5364
464
9202
5818
4448
30073
6271
3283
2181
13422
1131
7780
2100
4769
26
134
85
183
4695
168
80
227
60
6434
800
1596
1428
8869
1137
4485
3443
6716
545
121
135
272
2686
138
202
248
131
71
123
63
292
9292
170
94
283
44
201
210
60
359
3579
137
334
307
613
11084
1954
1707
1076
5436
680
4871
1121
3415
188
254
36
551
6279
132
263
382
27
4935
1157
1489
2288
10842
984
4858
11106
8667
2801
1477
578
397
2034
149
534
489
413
71
95
73
200
3560
211
99
240
58
311
147
162
359
2995
152
263
464
527
1884
364
201
807
7527
210
364
950
158
567
487
181
1349
20985
446
743
561
89
1096
375
118
870
5663
257
947
493
542
2585
415
120
650
3915
138
536
341
204
440
204
54
956
4363
174
594
366
49
2195
402
178
784
2579
179
3585
3516
1396
27681
11206
3620
2508
12865
1128
6368
2251
4972
91
149
83
349
7396
151
184
391
57
8417
1274
5854
2288
9678
1600
5136
4451
8465
1451
295
102
778
4207
149
297
520
102
396
171
47
763
7733
183
442
377
38
937
228
77
784
3235
1005
826
307
319
22844
4333
3095
3345
14423
1131
8371
2489
5584
903
652
118
1918
15702
479
1219
918
90
20281
6686
4247
6970
28116
2636
33401
31341
32099
122159
26070
10354
9393
27361
4247
562
2094
3257
148
267
243
819
6724
472
501
964
293
1484
19
9
7780
4000
3365
4653
5767
9196
554
120
148
291
2229
178
152
470
203
93
119
76
394
5964
202
171
319
100
338
165
47
534
3786
156
396
460
276
8610
1412
599
1832
0
1489
0
0
1374
1929
2343
265
2151
1676
338
1654
578
94
1565
359
0
6368
3264
2333
7265
13890
13800
887
599
334
130
738
77
152
195
209
21
47
70
88
1270
95
34
69
49
93
30
33
202
1462
64
102
239
265
415
143
111
350
2800
118
174
325
107
103
165
63
667
8870
186
175
329
86
209
169
24
364
2197
121
271
236
329
613
116
31
387
2610
60
129
108
64
117
49
25
465
3589
86
172
191
17
502
134
47
297
1454
67
958
1618
467
23257
5323
2907
3183
1157
5854
0
281
1594
56
110
67
176
0
162
192
471
84
1172
0
0
4871
0
2124
2972
3251
6162
661
147
72
345
1307
162
129
321
44
385
225
44
852
0
94
270
116
14
540
350
33
536
618
121
294
184
289
8483
1684
600
1794
890
1596
0
0
1295
1612
1267
259
2104
1559
524
1427
569
103
2739
498
9
8371
5785
2942
13901
24345
24546
5841
719
877
226
1195
118
501
254
644
23
23
19
14
211
28
10
15
22
533
74
259
80
498
43
295
187
625
218
39
113
57
369
54
34
47
87
46
69
69
89
1238
86
32
40
71
118
22
25
99
514
46
111
68
137
535
92
121
172
205
36
192
53
260
309
306
8
71
587
18
57
51
3
315
68
265
184
648
52
320
591
761
2543
468
388
125
303
47
171
105
242
56
49
71
61
539
79
32
33
46
105
35
44
94
507
34
105
118
228
1216
128
202
331
1746
181
175
247
161
817
284
206
1160
6762
395
762
261
101
1226
334
63
743
2146
181
891
242
459
1919
148
44
258
1183
63
270
112
69
547
150
69
677
2223
150
616
228
26
1716
197
76
442
1008
91
2550
1457
692
6871
362
192
279
1618
83
1654
274
223
151
25
10
100
2980
27
57
121
16
1408
30
67
263
794
86
935
356
345
1101
116
46
298
1451
73
172
230
26
599
212
71
755
6950
147
616
271
34
1072
306
70
594
1631
138
694
147
270
3975
293
164
366
1123
85
1427
236
238
248
79
19
294
920
64
240
107
11
4358
547
243
1219
2564
244
6243
2572
2156
55540
12267
5033
5088
7917
3095
4653
1945
4080
141
239
164
374
2383
285
295
637
174
4438
274
600
4485
3871
1775
4784
4882
7175
301
65
88
145
1147
120
102
249
89
78
109
44
190
1899
137
105
171
61
174
127
31
263
1349
79
175
190
256
13106
2103
1340
2147
2007
1707
2972
667
2677
954
1877
121
1226
1766
210
935
483
42
3962
499
599
5136
4726
1763
8189
11590
15414
2719
973
392
249
1249
102
396
344
277
117
70
46
183
2605
142
111
152
29
195
56
72
334
2029
103
175
301
437
1525
299
158
490
4369
201
271
516
89
905
613
202
1531
8623
406
891
359
61
1267
563
111
947
2669
210
860
293
544
2597
279
88
566
3135
135
294
232
135
754
338
113
1017
2221
186
694
309
49
2075
490
148
826
1564
165
3433
2848
1233
55069
11299
5614
7543
15551
3620
7265
2125
5670
235
241
192
553
5234
293
320
720
169
11394
1055
2907
4858
6746
2092
8189
5953
12313
7384
1133
392
2273
12005
578
958
1612
240
2513
1409
388
4171
21814
809
2550
1710
109
4628
1794
334
3585
9368
660
3433
1223
1727
55702
11707
5033
8125
25388
3283
13901
3272
10059
6408
4365
877
9202
40915
1788
6243
3621
377
45302
7745
10354
33401
91151
8874
82832
124935
141366
275612
330434
124935
26046
490460
31341
26070
45087
88661
308
3658
2572
1977
192705
5818
719
3612
2477
22924
13010
24345
6271
172145
17426
12267
26766
92680
2241
1744
2848
1367
21249
3516
599
2545
3896
222
3217
1457
1130
240917
4232
468
1750
1445
576
4306
1618
1477
63540
4506
973
2868
9561
25861
14834
11590
7104
36484
11106
5323
4508
19442
215
2196
591
975
120511
1662
362
1119
423
13826
7865
13890
11206
148276
12823
11299
35664
95960
1296
1744
1223
137
1329
307
120
344
752
21
209
147
72
2271
386
39
98
125
92
167
184
121
2700
389
65
548
1216
579
306
293
290
8817
493
143
361
459
67
465
242
387
22203
643
128
405
174
215
617
236
364
5501
584
299
568
1058
1207
482
190
432
4956
307
147
220
284
115
274
68
472
10086
235
116
186
38
648
792
460
295
2859
498
1133
2868
2427
14159
14834
5953
3013
14343
4451
1412
3037
6795
44
631
356
227
7132
898
92
915
284
4946
1563
3251
1954
5415
2333
2103
3466
13685
479
482
301
272
7403
464
116
461
227
76
519
118
410
13331
441
148
368
83
265
568
239
415
6598
467
279
548
695
10758
7502
4882
3302
13436
3443
1684
1632
5934
206
1810
187
550
11757
375
293
546
108
10464
4730
5767
4333
30008
6828
11707
26766
74066
4341
3658
3621
287
3357
918
267
744
2381
19
180
107
45
1197
179
23
56
76
280
431
569
134
2261
418
239
546
2553
328
209
309
180
2029
366
47
180
466
35
573
228
125
16050
761
49
182
259
68
411
191
95
3163
541
70
186
807
414
631
483
106
3192
382
110
122
650
27
398
51
34
2442
163
25
100
63
276
395
578
149
2409
538
241
1119
5726
2032
3217
1710
173
2051
377
119
363
793
44
573
271
180
6160
643
69
255
198
149
729
116
123
7961
968
109
368
1993
996
465
359
344
4925
561
165
461
536
275
790
261
569
51760
852
284
474
162
758
905
329
487
6787
969
613
405
1113
1059
519
171
144
2754
283
225
269
236
147
141
40
250
2796
116
212
182
23
997
485
319
171
1262
468
1409
1750
2234
6520
2196
720
200
4725
391
2343
773
926
49
398
121
336
5837
156
306
182
37
2363
364
471
254
3057
582
1877
915
1597
522
274
152
146
2146
240
49
137
110
157
141
33
239
4838
205
150
255
44
347
172
69
204
1482
191
338
98
266
3001
1810
637
167
2099
227
1267
514
1058
62
104
15
113
957
46
79
56
19
3369
1323
964
652
7452
897
4365
3612
7723
11860
13010
3272
1507
6502
2489
19
371
1035
39
431
236
168
3023
505
74
514
210
561
0
0
800
1578
949
274
1632
3185
176
167
232
102
2238
341
30
272
238
23
729
112
118
7468
418
35
269
131
41
536
108
147
4894
410
56
220
555
2163
1563
667
994
0
1121
0
0
1270
57
364
53
106
0
130
30
122
27
2737
188
0
1274
1265
1488
1055
4508
6650
1447
4306
1612
211
4659
520
165
415
1189
36
411
230
120
22284
1082
22
137
125
263
536
321
210
9251
1911
127
461
2329
1752
617
516
280
13329
950
169
632
522
330
905
247
572
90487
1392
334
461
149
478
876
325
375
17029
941
563
361
1424
1188
568
249
187
4558
248
350
272
349
255
172
47
407
10647
200
306
180
18
1294
988
470
228
3512
376
1794
2545
2022
7040
7865
2125
1826
11440
2251
359
618
1199
43
395
274
139
3093
514
68
773
135
960
188
281
1157
1715
2217
499
3037
3338
766
792
344
425
11226
489
134
415
269
275
485
105
451
25106
636
197
363
65
472
988
195
402
8868
508
490
344
1109
5637
4730
1945
1577
8609
2100
498
371
2724
398
1323
254
863
56998
734
547
744
136
2677
1902
2094
6686
83473
10242
7745
45087
94035
363689
490460
91151
53707
550916
28116
27361
83473
44442
447
3357
2564
3694
710076
5364
1195
7452
2171
12838
6502
5785
13422
475214
20493
7917
30008
65006
2902
1329
1564
2277
20887
2579
738
3512
2291
195
2051
1008
1147
74662
2248
303
1262
751
700
4659
1454
2034
71913
3167
1249
2859
17596
29766
14343
4726
19360
34659
10842
1157
1265
5032
417
4725
648
2519
174509
1424
1618
2409
325
9301
11440
3264
12865
107688
12252
15551
148276
101535
22366
21249
9368
3301
20887
3235
2229
8868
5640
186
2029
1631
1067
48869
2942
369
1482
1395
1242
2238
618
2686
59796
5698
1147
6598
12317
15565
8817
2669
8676
148034
5663
2800
17029
3928
1235
4925
2146
8816
1063548
5339
1746
6787
1544
3601
13329
2197
7527
150150
6060
4369
5501
15635
16526
7403
1349
19633
139176
3579
1307
4894
3133
941
2146
514
5825
233975
1868
1451
3163
359
6651
11226
3786
4207
71913
4380
12005
63540
25393
36944
36484
6746
10440
34659
9678
0
1715
2649
115
3192
794
925
29850
1792
205
3057
436
2444
0
0
5436
0
5654
2007
5415
11064
11515
4956
2029
6179
139176
2995
2610
9251
1300
913
2754
507
5363
993055
2253
1183
7961
300
2980
4558
1462
3915
59796
3238
3135
2700
5240
25250
13436
3871
11510
49796
8869
890
1578
9512
968
2099
498
3320
74761
1136
1123
2261
234
11279
8609
4000
14423
475214
18730
25388
172145
182606
119103
192705
40915
19650
710076
15702
6724
56998
18797
150
1197
920
518
24560
1824
211
957
905
3383
3023
1559
4695
74761
11675
2383
11757
22220
5979
2271
2221
4385
48869
4363
1270
10647
4543
381
6160
2223
1900
814159
8042
539
2796
1950
1711
22284
3589
3560
233975
11208
2605
10086
29753
7210
7132
1766
5752
29850
6279
0
0
1396
348
5837
587
1359
349970
2014
2980
2442
412
2198
3093
1676
7396
174509
13228
5234
120511
49786
58880
240917
21814
16089
74662
7733
5964
25106
9932
643
16050
6950
3647
814159
8923
1238
4838
2346
1612
7468
0
9292
993055
16390
1899
13331
35252
56535
22203
8623
36818
1063548
20985
8870
90487
11584
3828
51760
6762
20606
20
20606
6762
51760
3828
11584
90487
8870
20985
1063548
36818
8623
22203
56535
35252
13331
1899
16390
993055
9292
0
7468
1612
2346
4838
1238
8923
814159
3647
6950
16050
643
9932
25106
5964
7733
74662
16089
21814
240917
58880
49786
120511
5234
13228
174509
7396
1676
3093
2198
412
2442
2980
2014
349970
1359
587
5837
348
1396
0
0
6279
29850
5752
1766
7132
7210
29753
10086
2605
11208
233975
3560
3589
22284
1711
1950
2796
539
8042
814159
1900
2223
6160
381
4543
10647
1270
4363
48869
4385
2221
2271
5979
22220
11757
2383
11675
74761
4695
1559
3023
3383
905
957
211
1824
24560
518
920
1197
150
18797
56998
6724
15702
710076
19650
40915
192705
119103
182606
172145
25388
18730
475214
14423
4000
8609
11279
234
2261
1123
1136
74761
3320
498
2099
968
9512
1578
890
8869
49796
11510
3871
13436
25250
5240
2700
3135
3238
59796
3915
1462
4558
2980
300
7961
1183
2253
993055
5363
507
2754
913
1300
9251
2610
2995
139176
6179
2029
4956
11515
11064
5415
2007
5654
0
5436
0
0
2444
436
3057
205
1792
29850
925
794
3192
115
2649
1715
0
9678
34659
10440
6746
36484
36944
25393
63540
12005
4380
71913
4207
3786
11226
6651
359
3163
1451
1868
233975
5825
514
2146
941
3133
4894
1307
3579
139176
19633
1349
7403
16526
15635
5501
4369
6060
150150
7527
2197
13329
3601
1544
6787
1746
5339
1063548
8816
2146
4925
1235
3928
17029
2800
5663
148034
8676
2669
8817
15565
12317
6598
1147
5698
59796
2686
618
2238
1242
1395
1482
369
2942
48869
1067
1631
2029
186
5640
8868
2229
3235
20887
3301
9368
21249
22366
101535
148276
15551
12252
107688
12865
3264
11440
9301
325
2409
1618
1424
174509
2519
648
4725
417
5032
1265
1157
10842
34659
19360
4726
14343
29766
17596
2859
1249
3167
71913
2034
1454
4659
700
751
1262
303
2248
74662
1147
1008
2051
195
2291
3512
738
2579
20887
2277
1564
1329
2902
65006
30008
7917
20493
475214
13422
5785
6502
12838
2171
7452
1195
5364
710076
3694
2564
3357
447
44442
83473
27361
28116
550916
53707
91151
490460
363689
94035
45087
7745
10242
83473
6686
2094
1902
2677
136
744
547
734
56998
863
254
1323
398
2724
371
498
2100
8609
1577
1945
4730
5637
1109
344
490
508
8868
402
195
988
472
65
363
197
636
25106
451
105
485
275
269
415
134
489
11226
425
344
792
766
3338
3037
499
2217
1715
1157
281
188
960
135
773
68
514
3093
139
274
395
43
1199
618
359
2251
11440
1826
2125
7865
7040
2022
2545
1794
376
3512
228
470
988
1294
18
180
306
200
10647
407
47
172
255
349
272
350
248
4558
187
249
568
1188
1424
361
563
941
17029
375
325
876
478
149
461
334
1392
90487
572
247
905
330
522
632
169
950
13329
280
516
617
1752
2329
461
127
1911
9251
210
321
536
263
125
137
22
1082
22284
120
230
411
36
1189
415
165
520
4659
211
1612
4306
1447
6650
4508
1055
1488
1265
1274
0
188
2737
27
122
30
130
0
106
53
364
57
1270
0
0
1121
0
994
667
1563
2163
555
220
56
410
4894
147
108
536
41
131
269
35
418
7468
118
112
729
23
238
272
30
341
2238
102
232
167
176
3185
1632
274
949
1578
800
0
0
561
210
514
74
505
3023
168
236
431
39
1035
371
19
2489
6502
1507
3272
13010
11860
7723
3612
4365
897
7452
652
964
1323
3369
19
56
79
46
957
113
15
104
62
1058
514
1267
227
2099
167
637
1810
3001
266
98
338
191
1482
204
69
172
347
44
255
150
205
4838
239
33
141
157
110
137
49
240
2146
146
152
274
522
1597
915
1877
582
3057
254
471
364
2363
37
182
306
156
5837
336
121
398
49
926
773
2343
391
4725
200
720
2196
6520
2234
1750
1409
468
1262
171
319
485
997
23
182
212
116
2796
250
40
141
147
236
269
225
283
2754
144
171
519
1059
1113
405
613
969
6787
487
329
905
758
162
474
284
852
51760
569
261
790
275
536
461
165
561
4925
344
359
465
996
1993
368
109
968
7961
123
116
729
149
198
255
69
643
6160
180
271
573
44
793
363
119
377
2051
173
1710
3217
2032
5726
1119
241
538
2409
149
578
395
276
63
100
25
163
2442
34
51
398
27
650
122
110
382
3192
106
483
631
414
807
186
70
541
3163
95
191
411
68
259
182
49
761
16050
125
228
573
35
466
180
47
366
2029
180
309
209
328
2553
546
239
418
2261
134
569
431
280
76
56
23
179
1197
45
107
180
19
2381
744
267
918
3357
287
3621
3658
4341
74066
26766
11707
6828
30008
4333
5767
4730
10464
108
546
293
375
11757
550
187
1810
206
5934
1632
1684
3443
13436
3302
4882
7502
10758
695
548
279
467
6598
415
239
568
265
83
368
148
441
13331
410
118
519
76
227
461
116
464
7403
272
301
482
479
13685
3466
2103
2333
5415
1954
3251
1563
4946
284
915
92
898
7132
227
356
631
44
6795
3037
1412
4451
14343
3013
5953
14834
14159
2427
2868
1133
498
2859
295
460
792
648
38
186
116
235
10086
472
68
274
115
284
220
147
307
4956
432
190
482
1207
1058
568
299
584
5501
364
236
617
215
174
405
128
643
22203
387
242
465
67
459
361
143
493
8817
290
293
306
579
1216
548
65
389
2700
121
184
167
92
125
98
39
386
2271
72
147
209
21
752
344
120
307
1329
137
1223
1744
1296
95960
35664
11299
12823
148276
11206
13890
7865
13826
423
1119
362
1662
120511
975
591
2196
215
19442
4508
5323
11106
36484
7104
11590
14834
25861
9561
2868
973
4506
63540
1477
1618
4306
576
1445
1750
468
4232
240917
1130
1457
3217
222
3896
2545
599
3516
21249
1367
2848
1744
2241
92680
26766
12267
17426
172145
6271
24345
13010
22924
2477
3612
719
5818
192705
1977
2572
3658
308
88661
45087
26070
31341
490460
26046
124935
330434
275612
141366
124935
82832
8874
91151
33401
10354
7745
45302
377
3621
6243
1788
40915
9202
877
4365
6408
10059
3272
13901
3283
25388
8125
5033
11707
55702
1727
1223
3433
660
9368
3585
334
1794
4628
109
1710
2550
809
21814
4171
388
1409
2513
240
1612
958
578
12005
2273
392
1133
7384
12313
5953
8189
2092
6746
4858
2907
1055
11394
169
720
320
293
5234
553
192
241
235
5670
2125
7265
3620
15551
7543
5614
11299
55069
1233
2848
3433
165
1564
826
148
490
2075
49
309
694
186
2221
1017
113
338
754
135
232
294
135
3135
566
88
279
2597
544
293
860
210
2669
947
111
563
1267
61
359
891
406
8623
1531
202
613
905
89
516
271
201
4369
490
158
299
1525
437
301
175
103
2029
334
72
56
195
29
152
111
142
2605
183
46
70
117
277
344
396
102
1249
249
392
973
2719
15414
11590
8189
1763
4726
5136
599
499
3962
42
483
935
210
1766
1226
121
1877
954
2677
667
2972
1707
2007
2147
1340
2103
13106
256
190
175
79
1349
263
31
127
174
61
171
105
137
1899
190
44
109
78
89
249
102
120
1147
145
88
65
301
7175
4882
4784
1775
3871
4485
600
274
4438
174
637
295
285
2383
374
164
239
141
4080
1945
4653
3095
7917
5088
5033
12267
55540
2156
2572
6243
244
2564
1219
243
547
4358
11
107
240
64
920
294
19
79
248
238
236
1427
85
1123
366
164
293
3975
270
147
694
138
1631
594
70
306
1072
34
271
616
147
6950
755
71
212
599
26
230
172
73
1451
298
46
116
1101
345
356
935
86
794
263
67
30
1408
16
121
57
27
2980
100
10
25
151
223
274
1654
83
1618
279
192
362
6871
692
1457
2550
91
1008
442
76
197
1716
26
228
616
150
2223
677
69
150
547
69
112
270
63
1183
258
44
148
1919
459
242
891
181
2146
743
63
334
1226
101
261
762
395
6762
1160
206
284
817
161
247
175
181
1746
331
202
128
1216
228
118
105
34
507
94
44
35
105
46
33
32
79
539
61
71
49
56
242
105
171
47
303
125
388
468
2543
761
591
320
52
648
184
265
68
315
3
51
57
18
587
71
8
306
309
260
53
192
36
205
172
121
92
535
137
68
111
46
514
99
25
22
118
71
40
32
86
1238
89
69
69
46
87
47
34
54
369
57
113
39
218
625
187
295
43
498
80
259
74
533
22
15
10
28
211
14
19
23
23
644
254
501
118
1195
226
877
719
5841
24546
24345
13901
2942
5785
8371
9
498
2739
103
569
1427
524
1559
2104
259
1267
1612
1295
0
0
1596
890
1794
600
1684
8483
289
184
294
121
618
536
33
350
540
14
116
270
94
0
852
44
225
385
44
321
129
162
1307
345
72
147
661
6162
3251
2972
2124
0
4871
0
0
1172
84
471
192
162
0
176
67
110
56
1594
281
0
5854
1157
3183
2907
5323
23257
467
1618
958
67
1454
297
47
134
502
17
191
172
86
3589
465
25
49
117
64
108
129
60
2610
387
31
116
613
329
236
271
121
2197
364
24
169
209
86
329
175
186
8870
667
63
165
103
107
325
174
118
2800
350
111
143
415
265
239
102
64
1462
202
33
30
93
49
69
34
95
1270
88
70
47
21
209
195
152
77
738
130
334
599
887
13800
13890
7265
2333
3264
6368
0
359
1565
94
578
1654
338
1676
2151
265
2343
1929
1374
0
0
1489
0
1832
599
1412
8610
276
460
396
156
3786
534
47
165
338
100
319
171
202
5964
394
76
119
93
203
470
152
178
2229
291
148
120
554
9196
5767
4653
3365
4000
7780
9
19
1484
293
964
501
472
6724
819
243
267
148
3257
2094
562
4247
27361
9393
10354
26070
122159
32099
31341
33401
2636
28116
6970
4247
6686
20281
90
918
1219
479
15702
1918
118
652
903
5584
2489
8371
1131
14423
3345
3095
4333
22844
319
307
826
1005
3235
784
77
228
937
38
377
442
183
7733
763
47
171
396
102
520
297
149
4207
778
102
295
1451
8465
4451
5136
1600
9678
2288
5854
1274
8417
57
391
184
151
7396
349
83
149
91
4972
2251
6368
1128
12865
2508
3620
11206
27681
1396
3516
3585
179
2579
784
178
402
2195
49
366
594
174
4363
956
54
204
440
204
341
536
138
3915
650
120
415
2585
542
493
947
257
5663
870
118
375
1096
89
561
743
446
20985
1349
181
487
567
158
950
364
210
7527
807
201
364
1884
527
464
263
152
2995
359
162
147
311
58
240
99
211
3560
200
73
95
71
413
489
534
149
2034
397
578
1477
2801
8667
11106
4858
984
10842
2288
1489
1157
4935
27
382
263
132
6279
551
36
254
188
3415
1121
4871
680
5436
1076
1707
1954
11084
613
307
334
137
3579
359
60
210
201
44
283
94
170
9292
292
63
123
71
131
248
202
138
2686
272
135
121
545
6716
3443
4485
1137
8869
1428
1596
800
6434
60
227
80
168
4695
183
85
134
26
4769
2100
7780
1131
13422
2181
3283
6271
30073
4448
5818
9202
464
5364
1918
472
863
5592
14
179
294
96
1824
276
28
113
199
507
505
2104
168
3320
775
285
550
5277
426
386
1017
235
2942
956
95
407
1294
60
643
677
235
8923
1035
79
250
531
135
1082
465
211
5825
898
142
472
1957
641
898
1226
414
1792
551
162
106
1563
36
156
71
38
1359
133
27
34
48
444
514
2151
151
2519
621
293
975
7244
1784
4232
4171
203
2248
763
202
451
2432
86
761
755
244
8042
1035
86
239
466
252
418
852
170
5363
868
137
410
3337
899
643
1531
385
5339
1349
186
572
1586
378
852
1160
1024
20606
2018
395
569
885
546
1392
667
446
8816
1265
406
387
2184
798
441
190
152
2253
292
94
118
216
208
205
89
235
1900
217
147
125
80
647
636
394
183
1147
343
809
1130
3566
1777
1662
553
115
1424
349
338
139
339
28
163
100
32
2014
133
18
336
41
371
130
176
132
925
404
210
227
672
386
235
183
148
1868
200
86
120
123
158
116
61
244
3647
217
150
180
49
308
200
88
174
1067
175
186
72
323
1836
375
374
135
1136
183
524
168
472
64
46
14
96
518
44
64
45
35
1504
734
819
479
3694
697
1788
1977
7188
15717
17426
8125
1110
20493
3345
3365
1577
5873
32
418
366
135
11675
775
43
167
242
2753
949
1794
1137
11510
4840
1775
3302
9937
215
389
566
162
5698
650
64
187
509
43
968
258
152
16390
868
34
144
202
99
1911
387
152
19633
1188
103
432
4431
5876
2333
2147
676
5654
1076
2124
994
4548
55
582
172
414
5752
404
86
106
36
2852
2217
1832
1600
19360
3677
2092
7104
14770
1137
4506
2273
155
3167
778
156
425
1053
32
541
298
148
11208
898
46
146
171
178
410
345
137
6179
1188
79
272
1624
580
584
490
188
6060
807
121
280
421
171
969
331
385
36818
1265
181
344
149
290
941
350
257
8676
838
210
290
1055
631
467
145
162
3238
272
121
102
187
152
191
57
235
4385
175
138
180
65
546
508
291
1005
2277
288
660
1367
3148
11021
12823
7543
868
12252
2508
2333
1826
6509
32
538
279
115
13228
621
52
200
110
3685
1488
3183
984
10440
3677
1763
3013
13605
345
498
249
155
4380
397
67
211
185
88
468
125
203
16089
343
91
173
62
300
376
130
179
3301
288
165
137
427
8929
6828
5088
1110
18730
2181
2942
1507
6473
261
897
226
464
19650
697
244
287
101
7717
10242
9393
2636
53707
7888
8874
26046
68280
94926
88661
45302
7717
44442
20281
3257
2677
13094
328
2381
4358
1504
18797
5592
644
3369
3528
5773
1035
2739
4769
11279
5873
4080
10464
27437
1524
752
2075
546
5640
2195
209
1294
2522
112
793
1716
647
9932
2432
242
997
1470
163
1189
502
413
6651
1053
277
648
2910
10829
6795
3962
2852
2649
4935
1594
2737
3961
228
926
315
444
2198
339
223
276
202
4302
1199
1565
4972
9301
6509
5670
13826
35137
1376
3896
4628
300
2291
937
203
472
2522
58
466
1072
308
4543
1294
87
347
810
136
238
540
131
2980
509
89
265
2992
612
459
1267
290
3928
1096
107
478
1292
83
536
1226
546
11584
1586
161
758
994
94
522
209
158
3601
421
89
215
1544
308
227
174
99
1300
201
44
41
162
58
110
118
135
1711
123
26
68
175
163
269
338
102
700
185
240
576
2456
25533
19442
11394
3685
5032
8417
1374
960
3961
125
650
1408
371
1396
1563
260
2363
1399
4570
1270
1172
3415
2444
4548
2677
4946
15491
337
284
195
178
3133
311
64
263
162
76
236
105
252
1612
216
69
149
66
136
349
93
204
1242
187
135
92
395
10953
5934
4438
2753
9512
6434
1295
561
3434
325
1058
533
507
3383
472
238
280
112
5773
2724
1484
5584
12838
6473
10059
22924
78045
2092
2477
6408
261
2171
903
293
398
3528
12
76
248
64
905
199
22
62
216
325
210
1612
60
968
242
174
206
3300
305
125
754
152
1395
440
49
255
810
46
198
547
208
2346
466
46
147
393
58
125
117
58
941
171
29
115
781
348
284
954
55
436
188
84
57
1399
20
37
309
36
348
41
16
27
88
228
135
1929
57
417
110
169
215
4718
804
1445
2513
88
751
396
100
275
1470
24
259
599
158
1950
531
71
157
393
76
131
385
44
913
202
61
76
1942
497
174
905
171
1544
567
86
330
994
90
162
817
378
3828
885
101
275
732
83
149
103
89
1235
149
61
67
893
175
83
78
43
300
71
14
23
66
46
44
46
60
381
49
34
35
67
112
65
93
38
195
62
109
222
1356
608
423
235
32
325
91
94
43
202
10
63
151
28
412
48
3
49
88
125
27
56
27
115
36
42
44
249
102
38
117
32
359
71
17
36
175
24
23
56
86
643
80
26
44
67
58
18
21
49
186
65
49
21
189
757
108
141
32
234
26
103
39
112
12
19
23
14
150
35
11
19
42
328
136
148
90
447
101
377
308
4373
100233
92680
55702
8929
65006
22844
9196
5637
27437
757
2553
3975
1836
22220
5277
625
3001
3300
10953
3185
8483
6716
25250
9937
7175
10758
45192
1536
1216
2597
631
12317
2585
265
1188
2992
175
1993
1919
798
35252
3337
228
1059
1942
308
2329
613
527
16526
1624
437
1207
4856
26678
13685
13106
5876
11064
11084
6162
2163
15491
348
1597
535
641
7210
672
345
414
249
10829
3338
8610
8465
29766
13605
12313
25861
82203
3189
9561
7384
345
17596
1451
276
766
2910
102
807
1101
386
29753
1957
137
522
781
337
555
661
613
11515
4431
256
479
4856
2462
1058
1525
580
15635
1884
329
1752
1544
497
1113
1216
899
56535
2184
459
996
893
612
1424
415
542
15565
1055
544
579
2512
1536
695
301
215
5240
545
289
176
395
305
266
218
426
5979
323
270
328
189
1524
1109
554
319
2902
427
1727
2241
4259
104318
95960
55069
11021
101535
27681
13800
7040
35137
608
5726
6871
1777
49786
7244
761
6520
4718
25533
6650
23257
8667
36944
14770
15414
14159
82203
3189
2427
2719
1137
25393
2801
467
1447
2456
804
2234
2543
1784
58880
3566
692
2032
1356
1376
2022
887
1396
22366
3148
1233
1296
4259
100233
74066
55540
15717
182606
30073
24546
11860
78045
2092
7723
5841
4448
119103
7188
2156
4341
4373
94926
94035
122159
32099
363689
68280
141366
275612
1018428
