792912
270695
145955
34824
336580
32872
117026
86556
108377
2300
9814
2839
4044
186017
4746
3494
10919
2532
101858
31629
32699
31518
145339
20457
61733
67492
108680
0
0
0
0
0
0
0
0
0
0
0
0
0
0
0
0
0
0
0
0
0
0
0
0
0
0
0
74398
22210
18787
7883
43126
10624
25018
11050
33054
2915
7570
895
5368
60875
2641
5381
7833
708
43504
13353
24392
27653
101717
16363
45425
78074
98576
0
0
0
0
0
0
0
0
0
0
0
0
0
0
0
0
0
0
0
0
0
0
0
0
0
0
0
0
0
0
0
0
0
0
0
0
0
0
0
0
0
0
0
0
0
0
0
0
0
0
0
0
0
0
0
0
0
0
0
0
0
0
0
0
0
0
0
0
0
0
0
0
0
0
0
0
0
0
0
0
0
74398
29646
14580
5743
33281
8630
11720
5250
18429
235
2027
677
980
28180
1491
647
3105
663
19221
5128
8750
13142
21772
10384
15065
19025
35880
0
0
0
0
0
0
0
0
0
0
0
0
0
0
0
0
0
0
0
0
0
0
0
0
0
0
0
33958
14678
11974
5731
19253
7645
9735
4263
21519
2531
7097
951
5430
39599
3924
5712
7293
763
24614
10356
16853
21847
96735
13931
35413
80917
108680
2300
435
538
63
675
182
152
297
714
6
29
26
25
278
43
3
34
22
169
95
281
82
483
80
185
252
763
0
0
0
0
0
0
0
0
0
0
0
0
0
0
0
0
0
0
0
0
0
0
0
0
0
0
0
235
102
165
45
283
78
125
80
344
3
13
5
32
266
13
20
28
2
183
133
215
110
822
75
221
347
708
0
0
0
0
0
0
0
0
0
0
0
0
0
0
0
0
0
0
0
0
0
0
0
0
0
0
0
0
0
0
0
0
0
0
0
0
0
0
0
0
0
0
0
0
0
0
0
0
0
0
0
0
0
0
0
0
0
0
0
0
0
0
0
0
0
0
0
0
0
0
0
0
0
0
0
0
0
0
0
0
0
2915
443
250
101
1808
120
1566
252
347
3
32
2
14
1482
13
6
48
6
1789
181
184
272
1166
137
1137
554
663
0
0
0
0
0
0
0
0
0
0
0
0
0
0
0
0
0
0
0
0
0
0
0
0
0
0
0
2531
439
218
268
1279
141
1525
399
409
104
158
11
344
4629
79
190
188
22
3140
1105
343
901
4431
345
3388
2560
2532
101858
27246
10795
5831
20564
4858
3157
6112
7251
169
758
388
790
4367
682
481
2058
409
7376
1184
1958
11474
3403
6020
9060
14363
21519
0
0
0
0
0
0
0
0
0
0
0
0
0
0
0
0
0
0
0
0
0
0
0
0
0
0
0
19221
5885
2856
4391
3667
3919
2023
1022
5192
1789
3704
475
2571
4510
1246
2507
3146
344
7233
2401
2270
13318
13460
7144
14437
23815
33054
0
0
0
0
0
0
0
0
0
0
0
0
0
0
0
0
0
0
0
0
0
0
0
0
0
0
0
0
0
0
0
0
0
0
0
0
0
0
0
0
0
0
0
0
0
0
0
0
0
0
0
0
0
0
0
0
0
0
0
0
0
0
0
0
0
0
0
0
0
0
0
0
0
0
0
0
0
0
0
0
0
43504
14036
6042
5386
10843
5092
3788
1997
6220
183
779
348
673
3837
715
447
1884
347
7233
1299
2233
7638
4367
8343
7200
9919
18429
0
0
0
0
0
0
0
0
0
0
0
0
0
0
0
0
0
0
0
0
0
0
0
0
0
0
0
24614
10346
4285
5929
5840
5566
3946
2337
7251
3140
5640
941
5757
25024
3320
4777
6060
714
16122
6798
4194
22039
67127
11769
36852
86288
108377
34824
17994
10799
1922
25864
3388
4241
6381
11769
63
606
342
368
14608
584
149
1017
345
5831
3335
5989
1802
23487
2267
3845
5656
13931
0
0
0
0
0
0
0
0
0
0
0
0
0
0
0
0
0
0
0
0
0
0
0
0
0
0
0
5743
3958
3712
1045
9075
1718
2539
1957
7144
101
584
93
354
15043
268
176
1063
75
5386
3564
6334
2036
19908
2280
3841
8603
16363
0
0
0
0
0
0
0
0
0
0
0
0
0
0
0
0
0
0
0
0
0
0
0
0
0
0
0
0
0
0
0
0
0
0
0
0
0
0
0
0
0
0
0
0
0
0
0
0
0
0
0
0
0
0
0
0
0
0
0
0
0
0
0
0
0
0
0
0
0
0
0
0
0
0
0
0
0
0
0
0
0
7883
6223
3816
1045
13205
1973
2537
2072
8343
45
573
177
205
13738
419
106
623
137
4391
2342
4488
1565
11043
1806
2646
3808
10384
0
0
0
0
0
0
0
0
0
0
0
0
0
0
0
0
0
0
0
0
0
0
0
0
0
0
0
5731
3933
3559
1152
8929
1668
2297
1903
6020
268
899
109
729
19931
384
261
1094
80
5929
5573
5932
2877
35809
2267
4623
12395
20457
4044
2194
2855
368
3276
824
490
1275
3320
25
133
93
48
1718
139
26
174
79
790
625
1902
266
2738
384
525
1100
3924
0
0
0
0
0
0
0
0
0
0
0
0
0
0
0
0
0
0
0
0
0
0
0
0
0
0
0
980
663
767
205
1714
298
306
352
1246
14
61
13
53
2415
14
19
201
13
673
552
991
327
3488
268
582
1315
2641
0
0
0
0
0
0
0
0
0
0
0
0
0
0
0
0
0
0
0
0
0
0
0
0
0
0
0
0
0
0
0
0
0
0
0
0
0
0
0
0
0
0
0
0
0
0
0
0
0
0
0
0
0
0
0
0
0
0
0
0
0
0
0
0
0
0
0
0
0
0
0
0
0
0
0
0
0
0
0
0
0
5368
1424
562
354
2461
336
1658
629
715
32
87
35
53
1228
86
40
400
13
2571
652
539
728
3226
419
1588
1160
1491
0
0
0
0
0
0
0
0
0
0
0
0
0
0
0
0
0
0
0
0
0
0
0
0
0
0
0
5430
1144
441
729
3292
346
2101
763
682
344
330
32
744
5822
139
408
479
43
5757
2417
671
1664
7229
584
5362
4389
4746
31518
8047
3594
1802
17622
1981
11229
4623
5566
82
575
138
266
12468
346
118
854
141
11474
1751
2608
2798
11188
1668
7536
5878
7645
0
0
0
0
0
0
0
0
0
0
0
0
0
0
0
0
0
0
0
0
0
0
0
0
0
0
0
13142
3314
2219
1565
9439
1408
5613
2199
3919
272
822
69
728
17303
298
477
1397
78
7638
2307
2823
3669
19146
1718
7223
11788
10624
0
0
0
0
0
0
0
0
0
0
0
0
0
0
0
0
0
0
0
0
0
0
0
0
0
0
0
0
0
0
0
0
0
0
0
0
0
0
0
0
0
0
0
0
0
0
0
0
0
0
0
0
0
0
0
0
0
0
0
0
0
0
0
0
0
0
0
0
0
0
0
0
0
0
0
0
0
0
0
0
0
27653
6544
3481
2036
15718
1766
11913
2823
5092
110
716
129
327
14545
336
154
934
120
13318
2489
3006
3669
13630
1973
8478
6465
8630
0
0
0
0
0
0
0
0
0
0
0
0
0
0
0
0
0
0
0
0
0
0
0
0
0
0
0
21847
5109
2931
2877
15986
1981
9918
3365
4858
901
1739
201
1664
23763
824
1174
1807
182
22039
9142
4354
7476
41184
3388
25357
28530
32872
117026
25859
11120
4241
18781
4354
0
3041
4194
152
554
346
490
3549
671
400
1147
343
3157
0
0
11229
0
5932
6618
11043
16853
0
0
0
0
0
0
0
0
0
0
0
0
0
0
0
0
0
0
0
0
0
0
0
0
0
0
0
11720
2588
1144
2537
0
2823
0
0
2270
1566
2303
429
1658
0
991
1849
1386
215
3788
791
0
11913
4631
6334
11161
15967
24392
0
0
0
0
0
0
0
0
0
0
0
0
0
0
0
0
0
0
0
0
0
0
0
0
0
0
0
0
0
0
0
0
0
0
0
0
0
0
0
0
0
0
0
0
0
0
0
0
0
0
0
0
0
0
0
0
0
0
0
0
0
0
0
0
0
0
0
0
0
0
0
0
0
0
0
0
0
0
0
0
0
25018
7167
3127
2539
2803
3006
0
452
2233
125
402
196
306
0
539
303
722
184
2023
1
0
5613
0
4488
3315
5262
8750
0
0
0
0
0
0
0
0
0
0
0
0
0
0
0
0
0
0
0
0
0
0
0
0
0
0
0
9735
2715
1073
2297
0
2608
0
0
1958
1525
2458
518
2101
0
1902
2298
1784
281
3946
1445
0
9918
8975
5989
13032
22840
32699
3494
799
936
149
1488
201
400
452
941
3
41
40
26
723
32
24
38
11
481
212
518
118
833
109
345
397
951
0
0
0
0
0
0
0
0
0
0
0
0
0
0
0
0
0
0
0
0
0
0
0
0
0
0
0
647
224
308
106
565
69
303
149
475
6
22
4
40
449
13
16
52
5
447
176
429
154
902
93
349
460
895
0
0
0
0
0
0
0
0
0
0
0
0
0
0
0
0
0
0
0
0
0
0
0
0
0
0
0
0
0
0
0
0
0
0
0
0
0
0
0
0
0
0
0
0
0
0
0
0
0
0
0
0
0
0
0
0
0
0
0
0
0
0
0
0
0
0
0
0
0
0
0
0
0
0
0
0
0
0
0
0
0
5381
506
277
176
835
129
1849
227
348
20
21
6
19
344
35
16
36
2
2507
217
196
477
1102
177
1286
558
677
0
0
0
0
0
0
0
0
0
0
0
0
0
0
0
0
0
0
0
0
0
0
0
0
0
0
0
5712
565
247
261
1102
138
2298
386
388
190
176
40
408
1604
93
282
211
26
4777
1140
346
1174
3709
342
4365
2243
2839
61733
14342
5778
3845
12187
2931
6618
2342
4285
185
461
247
525
2271
441
345
1067
218
9060
943
1073
7536
3617
3559
8544
9174
11974
0
0
0
0
0
0
0
0
0
0
0
0
0
0
0
0
0
0
0
0
0
0
0
0
0
0
0
15065
3154
1648
2646
2231
2219
3315
729
2856
1137
1971
308
1588
3585
767
1286
1352
165
7200
1555
1144
8478
9350
3712
10594
16838
18787
0
0
0
0
0
0
0
0
0
0
0
0
0
0
0
0
0
0
0
0
0
0
0
0
0
0
0
0
0
0
0
0
0
0
0
0
0
0
0
0
0
0
0
0
0
0
0
0
0
0
0
0
0
0
0
0
0
0
0
0
0
0
0
0
0
0
0
0
0
0
0
0
0
0
0
0
0
0
0
0
0
45425
12023
5274
3841
11617
3481
11161
2483
6042
221
795
277
582
5734
562
349
1250
250
14437
2095
3127
7223
10630
3816
10594
8710
14580
0
0
0
0
0
0
0
0
0
0
0
0
0
0
0
0
0
0
0
0
0
0
0
0
0
0
0
35413
8945
5778
4623
13935
3594
13032
3331
10795
3388
5394
936
5362
49439
2855
4365
5212
538
36852
11867
11120
25357
110238
10799
55236
97669
145955
270695
313890
97669
17994
514442
28530
25859
68684
86288
435
7337
2243
2194
348207
4389
799
9124
2560
27246
22232
22840
8047
165959
12395
14342
40125
80917
0
0
0
0
0
0
0
0
0
0
0
0
0
0
0
0
0
0
0
0
0
0
0
0
0
0
0
29646
19330
16838
6223
60341
11788
7167
9797
23815
443
4329
460
1424
152961
1315
506
5671
347
14036
10285
15967
6544
89258
8603
12023
42146
78074
0
0
0
0
0
0
0
0
0
0
0
0
0
0
0
0
0
0
0
0
0
0
0
0
0
0
0
0
0
0
0
0
0
0
0
0
0
0
0
0
0
0
0
0
0
0
0
0
0
0
0
0
0
0
0
0
0
0
0
0
0
0
0
0
0
0
0
0
0
0
0
0
0
0
0
0
0
0
0
0
0
22210
19330
8710
3958
24201
6465
2588
3800
9919
102
1888
558
663
15800
1160
224
2390
554
5885
3064
5262
3314
11352
3808
3154
7636
19025
0
0
0
0
0
0
0
0
0
0
0
0
0
0
0
0
0
0
0
0
0
0
0
0
0
0
0
14678
10522
9174
3933
13888
5878
2715
2787
14363
439
3180
397
1144
41193
1100
565
2105
252
10346
5799
11043
5109
61592
5656
8945
40125
67492
9814
7337
5212
606
9770
1807
554
4438
6060
29
284
211
133
3397
479
41
272
188
758
902
1784
575
6601
1094
461
2105
7293
0
0
0
0
0
0
0
0
0
0
0
0
0
0
0
0
0
0
0
0
0
0
0
0
0
0
0
2027
1888
1352
573
9336
1397
402
1220
3146
32
304
52
87
7879
201
21
386
28
779
1021
1386
716
10773
1063
795
5671
7833
0
0
0
0
0
0
0
0
0
0
0
0
0
0
0
0
0
0
0
0
0
0
0
0
0
0
0
0
0
0
0
0
0
0
0
0
0
0
0
0
0
0
0
0
0
0
0
0
0
0
0
0
0
0
0
0
0
0
0
0
0
0
0
0
0
0
0
0
0
0
0
0
0
0
0
0
0
0
0
0
0
7570
4329
1250
584
21741
934
2303
1943
1884
13
304
36
61
22796
400
22
150
48
3704
1427
722
822
7171
623
1971
2390
3105
0
0
0
0
0
0
0
0
0
0
0
0
0
0
0
0
0
0
0
0
0
0
0
0
0
0
0
7097
3180
1067
899
13051
854
2458
1975
2058
158
272
38
330
11492
174
176
272
34
5640
5865
1147
1739
15995
1017
5394
9124
10919
31629
22232
3331
3335
27410
3365
0
1376
2337
95
902
386
625
2602
763
212
1975
399
1184
0
0
1751
2
1903
943
2787
4263
0
0
0
0
0
0
0
0
0
0
0
0
0
0
0
0
0
0
0
0
0
0
0
0
0
0
0
5128
3064
729
2342
1
2199
1
0
1022
181
1427
149
652
0
352
217
1220
80
1299
543
0
2489
13204
1957
2095
9797
11050
0
0
0
0
0
0
0
0
0
0
0
0
0
0
0
0
0
0
0
0
0
0
0
0
0
0
0
0
0
0
0
0
0
0
0
0
0
0
0
0
0
0
0
0
0
0
0
0
0
0
0
0
0
0
0
0
0
0
0
0
0
0
0
0
0
0
0
0
0
0
0
0
0
0
0
0
0
0
0
0
0
13353
10285
2483
3564
10751
2823
791
1142
1997
133
1021
227
552
8132
629
176
1943
252
2401
543
452
2307
1826
2072
1555
3800
5250
0
0
0
0
0
0
0
0
0
0
0
0
0
0
0
0
0
0
0
0
0
0
0
0
0
0
0
10356
5799
2342
5573
7185
4623
1445
1376
6112
1105
5865
452
2417
86043
1275
1140
4438
297
6798
4746
3041
9142
116105
6381
11867
68684
86556
336580
514442
110238
25864
1206686
41184
18781
116105
67127
675
9770
3709
3276
1660157
7229
1488
15995
4431
20564
27410
8975
17622
342741
35809
12187
61592
96735
0
0
0
0
0
0
0
0
0
0
0
0
0
0
0
0
0
0
0
0
0
0
0
0
0
0
0
33281
24201
9350
13205
25577
19146
2803
13204
13460
1808
21741
902
2461
118445
3488
835
10773
822
10843
10751
4631
15718
112694
19908
11617
89258
101717
0
0
0
0
0
0
0
0
0
0
0
0
0
0
0
0
0
0
0
0
0
0
0
0
0
0
0
0
0
0
0
0
0
0
0
0
0
0
0
0
0
0
0
0
0
0
0
0
0
0
0
0
0
0
0
0
0
0
0
0
0
0
0
0
0
0
0
0
0
0
0
0
0
0
0
0
0
0
0
0
0
43126
60341
10630
9075
25577
13630
0
1826
4367
283
9336
1102
1714
2
3226
565
7171
1166
3667
1
0
9439
0
11043
2231
11352
21772
0
0
0
0
0
0
0
0
0
0
0
0
0
0
0
0
0
0
0
0
0
0
0
0
0
0
0
19253
13888
3617
8929
0
11188
0
2
3403
1279
13051
833
3292
114804
2738
1102
6601
483
5840
7185
0
15986
342741
23487
13935
165959
145339
186017
348207
49439
14608
1660157
23763
3549
86043
25024
278
3397
1604
1718
0
5822
723
11492
4629
4367
2602
0
12468
114804
19931
2271
41193
39599
0
0
0
0
0
0
0
0
0
0
0
0
0
0
0
0
0
0
0
0
0
0
0
0
0
0
0
28180
15800
3585
13738
2
17303
0
0
4510
1482
22796
449
1228
6
2415
344
7879
266
3837
8132
0
14545
118445
15043
5734
152961
60875
0
0
0
0
0
0
0
0
0
0
0
0
0
0
0
0
0
0
0
0
0
0
0
0
0
0
0
0
0
0
0
0
0
0
0
0
0
0
0
0
0
0
0
0
0
0
0
0
0
0
0
0
0
0
0
0
0
0
0
0
0
0
0
0
0
0
0
0
0
0
0
0
0
0
0
0
0
0
0
0
0
60875
152961
5734
15043
118445
14545
0
8132
3837
266
7879
344
2415
6
1228
449
22796
1482
4510
0
0
17303
2
13738
3585
15800
28180
0
0
0
0
0
0
0
0
0
0
0
0
0
0
0
0
0
0
0
0
0
0
0
0
0
0
0
39599
41193
2271
19931
114804
12468
0
2602
4367
4629
11492
723
5822
0
1718
1604
3397
278
25024
86043
3549
23763
1660157
14608
49439
348207
186017
145339
165959
13935
23487
342741
15986
0
7185
5840
483
6601
1102
2738
114804
3292
833
13051
1279
3403
2
0
11188
0
8929
3617
13888
19253
0
0
0
0
0
0
0
0
0
0
0
0
0
0
0
0
0
0
0
0
0
0
0
0
0
0
0
21772
11352
2231
11043
0
9439
0
1
3667
1166
7171
565
3226
2
1714
1102
9336
283
4367
1826
0
13630
25577
9075
10630
60341
43126
0
0
0
0
0
0
0
0
0
0
0
0
0
0
0
0
0
0
0
0
0
0
0
0
0
0
0
0
0
0
0
0
0
0
0
0
0
0
0
0
0
0
0
0
0
0
0
0
0
0
0
0
0
0
0
0
0
0
0
0
0
0
0
0
0
0
0
0
0
0
0
0
0
0
0
0
0
0
0
0
0
101717
89258
11617
19908
112694
15718
4631
10751
10843
822
10773
835
3488
118445
2461
902
21741
1808
13460
13204
2803
19146
25577
13205
9350
24201
33281
0
0
0
0
0
0
0
0
0
0
0
0
0
0
0
0
0
0
0
0
0
0
0
0
0
0
0
96735
61592
12187
35809
342741
17622
8975
27410
20564
4431
15995
1488
7229
1660157
3276
3709
9770
675
67127
116105
18781
41184
1206686
25864
110238
514442
336580
86556
68684
11867
6381
116105
9142
3041
4746
6798
297
4438
1140
1275
86043
2417
452
5865
1105
6112
1376
1445
4623
7185
5573
2342
5799
10356
0
0
0
0
0
0
0
0
0
0
0
0
0
0
0
0
0
0
0
0
0
0
0
0
0
0
0
5250
3800
1555
2072
1826
2307
452
543
2401
252
1943
176
629
8132
552
227
1021
133
1997
1142
791
2823
10751
3564
2483
10285
13353
0
0
0
0
0
0
0
0
0
0
0
0
0
0
0
0
0
0
0
0
0
0
0
0
0
0
0
0
0
0
0
0
0
0
0
0
0
0
0
0
0
0
0
0
0
0
0
0
0
0
0
0
0
0
0
0
0
0
0
0
0
0
0
0
0
0
0
0
0
0
0
0
0
0
0
0
0
0
0
0
0
11050
9797
2095
1957
13204
2489
0
543
1299
80
1220
217
352
0
652
149
1427
181
1022
0
1
2199
1
2342
729
3064
5128
0
0
0
0
0
0
0
0
0
0
0
0
0
0
0
0
0
0
0
0
0
0
0
0
0
0
0
4263
2787
943
1903
2
1751
0
0
1184
399
1975
212
763
2602
625
386
902
95
2337
1376
0
3365
27410
3335
3331
22232
31629
10919
9124
5394
1017
15995
1739
1147
5865
5640
34
272
176
174
11492
330
38
272
158
2058
1975
2458
854
13051
899
1067
3180
7097
0
0
0
0
0
0
0
0
0
0
0
0
0
0
0
0
0
0
0
0
0
0
0
0
0
0
0
3105
2390
1971
623
7171
822
722
1427
3704
48
150
22
400
22796
61
36
304
13
1884
1943
2303
934
21741
584
1250
4329
7570
0
0
0
0
0
0
0
0
0
0
0
0
0
0
0
0
0
0
0
0
0
0
0
0
0
0
0
0
0
0
0
0
0
0
0
0
0
0
0
0
0
0
0
0
0
0
0
0
0
0
0
0
0
0
0
0
0
0
0
0
0
0
0
0
0
0
0
0
0
0
0
0
0
0
0
0
0
0
0
0
0
7833
5671
795
1063
10773
716
1386
1021
779
28
386
21
201
7879
87
52
304
32
3146
1220
402
1397
9336
573
1352
1888
2027
0
0
0
0
0
0
0
0
0
0
0
0
0
0
0
0
0
0
0
0
0
0
0
0
0
0
0
7293
2105
461
1094
6601
575
1784
902
758
188
272
41
479
3397
133
211
284
29
6060
4438
554
1807
9770
606
5212
7337
9814
67492
40125
8945
5656
61592
5109
11043
5799
10346
252
2105
565
1100
41193
1144
397
3180
439
14363
2787
2715
5878
13888
3933
9174
10522
14678
0
0
0
0
0
0
0
0
0
0
0
0
0
0
0
0
0
0
0
0
0
0
0
0
0
0
0
19025
7636
3154
3808
11352
3314
5262
3064
5885
554
2390
224
1160
15800
663
558
1888
102
9919
3800
2588
6465
24201
3958
8710
19330
22210
0
0
0
0
0
0
0
0
0
0
0
0
0
0
0
0
0
0
0
0
0
0
0
0
0
0
0
0
0
0
0
0
0
0
0
0
0
0
0
0
0
0
0
0
0
0
0
0
0
0
0
0
0
0
0
0
0
0
0
0
0
0
0
0
0
0
0
0
0
0
0
0
0
0
0
0
0
0
0
0
0
78074
42146
12023
8603
89258
6544
15967
10285
14036
347
5671
506
1315
152961
1424
460
4329
443
23815
9797
7167
11788
60341
6223
16838
19330
29646
0
0
0
0
0
0
0
0
0
0
0
0
0
0
0
0
0
0
0
0
0
0
0
0
0
0
0
80917
40125
14342
12395
165959
8047
22840
22232
27246
2560
9124
799
4389
348207
2194
2243
7337
435
86288
68684
25859
28530
514442
17994
97669
313890
270695
145955
97669
55236
10799
110238
25357
11120
11867
36852
538
5212
4365
2855
49439
5362
936
5394
3388
10795
3331
13032
3594
13935
4623
5778
8945
35413
0
0
0
0
0
0
0
0
0
0
0
0
0
0
0
0
0
0
0
0
0
0
0
0
0
0
0
14580
8710
10594
3816
10630
7223
3127
2095
14437
250
1250
349
562
5734
582
277
795
221
6042
2483
11161
3481
11617
3841
5274
12023
45425
0
0
0
0
0
0
0
0
0
0
0
0
0
0
0
0
0
0
0
0
0
0
0
0
0
0
0
0
0
0
0
0
0
0
0
0
0
0
0
0
0
0
0
0
0
0
0
0
0
0
0
0
0
0
0
0
0
0
0
0
0
0
0
0
0
0
0
0
0
0
0
0
0
0
0
0
0
0
0
0
0
18787
16838
10594
3712
9350
8478
1144
1555
7200
165
1352
1286
767
3585
1588
308
1971
1137
2856
729
3315
2219
2231
2646
1648
3154
15065
0
0
0
0
0
0
0
0
0
0
0
0
0
0
0
0
0
0
0
0
0
0
0
0
0
0
0
11974
9174
8544
3559
3617
7536
1073
943
9060
218
1067
345
441
2271
525
247
461
185
4285
2342
6618
2931
12187
3845
5778
14342
61733
2839
2243
4365
342
3709
1174
346
1140
4777
26
211
282
93
1604
408
40
176
190
388
386
2298
138
1102
261
247
565
5712
0
0
0
0
0
0
0
0
0
0
0
0
0
0
0
0
0
0
0
0
0
0
0
0
0
0
0
677
558
1286
177
1102
477
196
217
2507
2
36
16
35
344
19
6
21
20
348
227
1849
129
835
176
277
506
5381
0
0
0
0
0
0
0
0
0
0
0
0
0
0
0
0
0
0
0
0
0
0
0
0
0
0
0
0
0
0
0
0
0
0
0
0
0
0
0
0
0
0
0
0
0
0
0
0
0
0
0
0
0
0
0
0
0
0
0
0
0
0
0
0
0
0
0
0
0
0
0
0
0
0
0
0
0
0
0
0
0
895
460
349
93
902
154
429
176
447
5
52
16
13
449
40
4
22
6
475
149
303
69
565
106
308
224
647
0
0
0
0
0
0
0
0
0
0
0
0
0
0
0
0
0
0
0
0
0
0
0
0
0
0
0
951
397
345
109
833
118
518
212
481
11
38
24
32
723
26
40
41
3
941
452
400
201
1488
149
936
799
3494
32699
22840
13032
5989
8975
9918
0
1445
3946
281
1784
2298
1902
0
2101
518
2458
1525
1958
0
0
2608
0
2297
1073
2715
9735
0
0
0
0
0
0
0
0
0
0
0
0
0
0
0
0
0
0
0
0
0
0
0
0
0
0
0
8750
5262
3315
4488
0
5613
0
1
2023
184
722
303
539
0
306
196
402
125
2233
452
0
3006
2803
2539
3127
7167
25018
0
0
0
0
0
0
0
0
0
0
0
0
0
0
0
0
0
0
0
0
0
0
0
0
0
0
0
0
0
0
0
0
0
0
0
0
0
0
0
0
0
0
0
0
0
0
0
0
0
0
0
0
0
0
0
0
0
0
0
0
0
0
0
0
0
0
0
0
0
0
0
0
0
0
0
0
0
0
0
0
0
24392
15967
11161
6334
4631
11913
0
791
3788
215
1386
1849
991
0
1658
429
2303
1566
2270
0
0
2823
0
2537
1144
2588
11720
0
0
0
0
0
0
0
0
0
0
0
0
0
0
0
0
0
0
0
0
0
0
0
0
0
0
0
16853
11043
6618
5932
0
11229
0
0
3157
343
1147
400
671
3549
490
346
554
152
4194
3041
0
4354
18781
4241
11120
25859
117026
32872
28530
25357
3388
41184
7476
4354
9142
22039
182
1807
1174
824
23763
1664
201
1739
901
4858
3365
9918
1981
15986
2877
2931
5109
21847
0
0
0
0
0
0
0
0
0
0
0
0
0
0
0
0
0
0
0
0
0
0
0
0
0
0
0
8630
6465
8478
1973
13630
3669
3006
2489
13318
120
934
154
336
14545
327
129
716
110
5092
2823
11913
1766
15718
2036
3481
6544
27653
0
0
0
0
0
0
0
0
0
0
0
0
0
0
0
0
0
0
0
0
0
0
0
0
0
0
0
0
0
0
0
0
0
0
0
0
0
0
0
0
0
0
0
0
0
0
0
0
0
0
0
0
0
0
0
0
0
0
0
0
0
0
0
0
0
0
0
0
0
0
0
0
0
0
0
0
0
0
0
0
0
10624
11788
7223
1718
19146
3669
2823
2307
7638
78
1397
477
298
17303
728
69
822
272
3919
2199
5613
1408
9439
1565
2219
3314
13142
0
0
0
0
0
0
0
0
0
0
0
0
0
0
0
0
0
0
0
0
0
0
0
0
0
0
0
7645
5878
7536
1668
11188
2798
2608
1751
11474
141
854
118
346
12468
266
138
575
82
5566
4623
11229
1981
17622
1802
3594
8047
31518
4746
4389
5362
584
7229
1664
671
2417
5757
43
479
408
139
5822
744
32
330
344
682
763
2101
346
3292
729
441
1144
5430
0
0
0
0
0
0
0
0
0
0
0
0
0
0
0
0
0
0
0
0
0
0
0
0
0
0
0
1491
1160
1588
419
3226
728
539
652
2571
13
400
40
86
1228
53
35
87
32
715
629
1658
336
2461
354
562
1424
5368
0
0
0
0
0
0
0
0
0
0
0
0
0
0
0
0
0
0
0
0
0
0
0
0
0
0
0
0
0
0
0
0
0
0
0
0
0
0
0
0
0
0
0
0
0
0
0
0
0
0
0
0
0
0
0
0
0
0
0
0
0
0
0
0
0
0
0
0
0
0
0
0
0
0
0
0
0
0
0
0
0
2641
1315
582
268
3488
327
991
552
673
13
201
19
14
2415
53
13
61
14
1246
352
306
298
1714
205
767
663
980
0
0
0
0
0
0
0
0
0
0
0
0
0
0
0
0
0
0
0
0
0
0
0
0
0
0
0
3924
1100
525
384
2738
266
1902
625
790
79
174
26
139
1718
48
93
133
25
3320
1275
490
824
3276
368
2855
2194
4044
20457
12395
4623
2267
35809
2877
5932
5573
5929
80
1094
261
384
19931
729
109
899
268
6020
1903
2297
1668
8929
1152
3559
3933
5731
0
0
0
0
0
0
0
0
0
0
0
0
0
0
0
0
0
0
0
0
0
0
0
0
0
0
0
10384
3808
2646
1806
11043
1565
4488
2342
4391
137
623
106
419
13738
205
177
573
45
8343
2072
2537
1973
13205
1045
3816
6223
7883
0
0
0
0
0
0
0
0
0
0
0
0
0
0
0
0
0
0
0
0
0
0
0
0
0
0
0
0
0
0
0
0
0
0
0
0
0
0
0
0
0
0
0
0
0
0
0
0
0
0
0
0
0
0
0
0
0
0
0
0
0
0
0
0
0
0
0
0
0
0
0
0
0
0
0
0
0
0
0
0
0
16363
8603
3841
2280
19908
2036
6334
3564
5386
75
1063
176
268
15043
354
93
584
101
7144
1957
2539
1718
9075
1045
3712
3958
5743
0
0
0
0
0
0
0
0
0
0
0
0
0
0
0
0
0
0
0
0
0
0
0
0
0
0
0
13931
5656
3845
2267
23487
1802
5989
3335
5831
345
1017
149
584
14608
368
342
606
63
11769
6381
4241
3388
25864
1922
10799
17994
34824
108377
86288
36852
11769
67127
22039
4194
6798
16122
714
6060
4777
3320
25024
5757
941
5640
3140
7251
2337
3946
5566
5840
5929
4285
10346
24614
0
0
0
0
0
0
0
0
0
0
0
0
0
0
0
0
0
0
0
0
0
0
0
0
0
0
0
18429
9919
7200
8343
4367
7638
2233
1299
7233
347
1884
447
715
3837
673
348
779
183
6220
1997
3788
5092
10843
5386
6042
14036
43504
0
0
0
0
0
0
0
0
0
0
0
0
0
0
0
0
0
0
0
0
0
0
0
0
0
0
0
0
0
0
0
0
0
0
0
0
0
0
0
0
0
0
0
0
0
0
0
0
0
0
0
0
0
0
0
0
0
0
0
0
0
0
0
0
0
0
0
0
0
0
0
0
0
0
0
0
0
0
0
0
0
33054
23815
14437
7144
13460
13318
2270
2401
7233
344
3146
2507
1246
4510
2571
475
3704
1789
5192
1022
2023
3919
3667
4391
2856
5885
19221
0
0
0
0
0
0
0
0
0
0
0
0
0
0
0
0
0
0
0
0
0
0
0
0
0
0
0
21519
14363
9060
6020
3403
11474
1958
1184
7376
409
2058
481
682
4367
790
388
758
169
7251
6112
3157
4858
20564
5831
10795
27246
101858
2532
2560
3388
345
4431
901
343
1105
3140
22
188
190
79
4629
344
11
158
104
409
399
1525
141
1279
268
218
439
2531
0
0
0
0
0
0
0
0
0
0
0
0
0
0
0
0
0
0
0
0
0
0
0
0
0
0
0
663
554
1137
137
1166
272
184
181
1789
6
48
6
13
1482
14
2
32
3
347
252
1566
120
1808
101
250
443
2915
0
0
0
0
0
0
0
0
0
0
0
0
0
0
0
0
0
0
0
0
0
0
0
0
0
0
0
0
0
0
0
0
0
0
0
0
0
0
0
0
0
0
0
0
0
0
0
0
0
0
0
0
0
0
0
0
0
0
0
0
0
0
0
0
0
0
0
0
0
0
0
0
0
0
0
0
0
0
0
0
0
708
347
221
75
822
110
215
133
183
2
28
20
13
266
32
5
13
3
344
80
125
78
283
45
165
102
235
0
0
0
0
0
0
0
0
0
0
0
0
0
0
0
0
0
0
0
0
0
0
0
0
0
0
0
763
252
185
80
483
82
281
95
169
22
34
3
43
278
25
26
29
6
714
297
152
182
675
63
538
435
2300
108680
80917
35413
13931
96735
21847
16853
10356
24614
763
7293
5712
3924
39599
5430
951
7097
2531
21519
4263
9735
7645
19253
5731
11974
14678
33958
0
0
0
0
0
0
0
0
0
0
0
0
0
0
0
0
0
0
0
0
0
0
0
0
0
0
0
35880
19025
15065
10384
21772
13142
8750
5128
19221
663
3105
647
1491
28180
980
677
2027
235
18429
5250
11720
8630
33281
5743
14580
29646
74398
0
0
0
0
0
0
0
0
0
0
0
0
0
0
0
0
0
0
0
0
0
0
0
0
0
0
0
0
0
0
0
0
0
0
0
0
0
0
0
0
0
0
0
0
0
0
0
0
0
0
0
0
0
0
0
0
0
0
0
0
0
0
0
0
0
0
0
0
0
0
0
0
0
0
0
0
0
0
0
0
0
98576
78074
45425
16363
101717
27653
24392
13353
43504
708
7833
5381
2641
60875
5368
895
7570
2915
33054
11050
25018
10624
43126
7883
18787
22210
74398
0
0
0
0
0
0
0
0
0
0
0
0
0
0
0
0
0
0
0
0
0
0
0
0
0
0
0
108680
67492
61733
20457
145339
31518
32699
31629
101858
2532
10919
3494
4746
186017
4044
2839
9814
2300
108377
86556
117026
32872
336580
34824
145955
270695
792912
