1650626
605367
448034
109600
448680
100686
184281
238902
225503
7656
6962
4469
8796
47532
7066
13085
12262
4924
39416
13055
19688
62180
183759
52640
62104
113536
225503
109600
70002
59541
36094
264216
39793
37493
77899
52640
8796
10111
8995
12940
142058
12542
16415
11771
7066
62180
56276
25059
45610
248808
39793
89429
74112
100686
184281
50109
9594
37493
100027
25059
0
1
19688
13085
7457
4266
16415
89061
8995
18578
12777
4469
62104
14997
9594
89429
251494
59541
182782
313017
448034
605367
548052
313017
70002
365858
74112
50109
239583
113536
6962
16974
12777
10111
233195
11771
7457
13842
12262
13055
4956
1
56276
880573
77899
14997
239583
238902
448680
365858
251494
264216
3148086
248808
100027
880573
183759
47532
233195
89061
142058
36
142058
89061
233195
47532
183759
880573
100027
248808
3148086
264216
251494
365858
448680
238902
239583
14997
77899
880573
56276
1
4956
13055
12262
13842
7457
11771
233195
10111
12777
16974
6962
113536
239583
50109
74112
365858
70002
313017
548052
605367
448034
313017
182782
59541
251494
89429
9594
14997
62104
4469
12777
18578
8995
89061
16415
4266
7457
13085
19688
1
0
25059
100027
37493
9594
50109
184281
100686
74112
89429
39793
248808
45610
25059
56276
62180
7066
11771
16415
12542
142058
12940
8995
10111
8796
52640
77899
37493
39793
264216
36094
59541
70002
109600
225503
113536
62104
52640
183759
62180
19688
13055
39416
4924
12262
13085
7066
47532
8796
4469
6962
7656
225503
238902
184281
100686
448680
109600
448034
605367
1650626
