452
254
121
5
145
15
64
190
92
0
1
0
0
5
0
0
0
0
103
57
48
6
37
8
22
56
70
0
0
0
0
0
0
0
0
0
0
0
0
0
9
0
0
0
0
0
0
0
0
0
0
0
0
0
103
7
8
12
52
5
5
3
46
0
0
0
0
10
0
0
0
0
18
2
14
2
77
2
16
20
92
5
4
5
0
2
2
3
4
2
0
1
0
0
0
0
0
0
0
12
2
6
0
0
0
2
13
8
0
0
0
0
0
0
0
0
0
0
0
0
0
1
0
0
0
0
0
0
0
0
0
0
0
0
0
6
4
2
0
4
0
4
8
5
0
0
0
0
0
0
0
0
0
2
2
1
0
12
2
8
5
15
64
14
5
3
5
1
0
0
14
0
0
1
0
0
0
0
0
0
5
0
0
4
0
6
2
50
48
0
0
0
0
0
0
0
0
0
0
0
0
0
1
0
0
0
0
0
0
1
0
0
0
0
1
0
22
8
2
2
2
2
2
0
8
0
0
0
0
5
0
0
1
0
16
2
5
8
17
5
8
51
121
254
520
51
4
475
5
14
121
20
0
2
1
0
40
0
0
2
0
7
20
50
4
56
13
8
38
56
1
2
1
1
4
0
0
2
0
0
2
0
0
62
0
0
0
0
0
2
0
0
4
0
0
2
0
57
20
0
2
2
8
0
0
3
0
2
0
0
38
0
0
2
0
2
0
0
2
222
4
2
121
190
145
475
17
2
752
12
5
222
77
0
4
0
0
738
0
0
4
0
52
2
0
4
656
0
2
56
37
5
40
5
0
738
0
0
38
10
9
62
1
1
0
1
1
62
9
10
38
0
0
738
0
5
40
5
37
56
2
0
656
4
0
2
52
0
4
0
0
738
0
0
4
0
77
222
5
12
752
2
17
475
145
190
121
2
4
222
2
0
0
2
0
2
0
0
38
0
0
2
0
3
0
0
8
2
2
0
20
57
0
2
0
0
4
0
0
2
0
0
0
0
0
62
0
0
2
0
0
2
0
0
4
1
1
2
1
56
38
8
13
56
4
50
20
7
0
2
0
0
40
0
1
2
0
20
121
14
5
475
4
51
520
254
121
51
8
5
17
8
5
2
16
0
1
0
0
5
0
0
0
0
8
0
2
2
2
2
2
8
22
0
1
0
0
0
0
1
0
0
0
0
0
0
1
0
0
0
0
0
0
0
0
0
0
0
0
0
48
50
2
6
0
4
0
0
5
0
0
0
0
0
0
1
0
0
14
0
0
1
5
3
5
14
64
15
5
8
2
12
0
1
2
2
0
0
0
0
0
0
0
0
0
5
8
4
0
4
0
2
4
6
0
0
0
0
0
0
0
0
0
0
0
0
0
1
0
0
0
0
0
0
0
0
0
0
0
0
0
8
13
2
0
0
0
6
2
12
0
0
0
0
0
0
0
1
0
2
4
3
2
2
0
5
4
5
92
20
16
2
77
2
14
2
18
0
0
0
0
10
0
0
0
0
46
3
5
5
52
12
8
7
103
0
0
0
0
0
0
0
0
0
0
0
0
0
9
0
0
0
0
0
0
0
0
0
0
0
0
0
70
56
22
8
37
6
48
57
103
0
0
0
0
5
0
0
1
0
92
190
64
15
145
5
121
254
452
