914
333
188
25
412
31
86
87
90
1
8
0
2
100
2
1
7
5
50
11
12
27
129
40
32
69
120
0
0
0
0
0
0
0
0
0
0
0
0
0
0
0
0
0
0
0
0
0
0
0
0
0
0
0
28
16
13
0
61
4
5
3
20
1
4
0
1
23
1
4
3
0
18
10
20
6
103
17
25
94
120
1
1
0
0
1
0
0
1
3
0
0
0
0
0
0
0
0
0
0
0
0
0
0
0
0
0
0
0
0
0
0
0
0
0
0
0
0
0
0
0
0
0
0
0
0
0
0
0
0
0
0
0
0
0
1
0
1
0
0
0
0
0
1
0
0
0
0
1
0
0
0
0
2
0
0
1
2
1
0
1
5
50
27
15
1
14
1
1
0
5
0
1
1
2
3
0
1
1
1
0
1
0
5
9
10
11
18
20
0
0
0
0
0
0
0
0
0
0
0
0
0
0
0
0
0
0
0
0
0
0
0
0
0
0
0
18
7
5
1
13
6
1
0
5
2
0
1
1
10
3
1
5
3
4
3
1
8
47
16
4
69
90
25
14
10
2
12
3
1
1
16
0
1
0
0
8
0
0
1
1
1
1
6
0
8
0
2
0
17
0
0
0
0
0
0
0
0
0
0
0
0
0
0
0
0
0
0
0
0
0
0
0
0
0
0
0
0
5
3
0
8
1
1
0
10
0
0
0
0
11
0
0
0
0
1
2
9
0
44
0
1
5
40
2
1
2
0
1
1
0
1
3
0
0
0
2
3
0
0
0
0
2
0
0
1
0
0
0
0
1
0
0
0
0
0
0
0
0
0
0
0
0
0
0
0
0
0
0
0
0
0
0
0
0
0
0
0
1
1
0
0
2
0
0
0
0
0
0
0
0
0
0
0
0
0
1
0
0
0
1
0
2
0
2
27
2
4
0
4
0
15
2
6
0
0
0
1
1
0
0
0
0
5
1
0
0
5
1
6
2
4
0
0
0
0
0
0
0
0
0
0
0
0
0
0
0
0
0
0
0
0
0
0
0
0
0
0
0
6
3
3
0
6
0
10
1
1
1
0
0
0
5
1
0
0
0
8
1
2
2
13
3
4
9
31
86
36
13
1
6
2
0
0
1
0
0
0
0
2
0
0
2
0
1
0
0
15
0
9
3
16
20
0
0
0
0
0
0
0
0
0
0
0
0
0
0
0
0
0
0
0
0
0
0
0
0
0
0
0
5
3
1
1
0
0
0
0
0
0
0
0
0
0
0
0
0
0
1
0
0
10
2
6
2
18
12
1
0
0
0
1
0
0
0
1
0
0
1
0
3
0
0
0
0
1
0
0
0
1
0
0
0
0
0
0
0
0
0
0
0
0
0
0
0
0
0
0
0
0
0
0
0
0
0
0
0
0
0
0
0
4
1
0
0
1
0
0
0
1
0
0
1
0
2
0
0
1
0
1
0
0
0
2
0
1
0
0
32
20
4
2
3
3
3
0
5
0
0
0
0
1
0
0
1
1
11
0
1
6
1
3
0
10
13
0
0
0
0
0
0
0
0
0
0
0
0
0
0
0
0
0
0
0
0
0
0
0
0
0
0
0
25
6
4
1
5
4
2
2
15
0
2
0
2
12
2
1
3
0
4
2
13
4
114
10
16
118
188
333
214
118
14
543
9
36
82
69
1
9
0
1
169
0
0
4
1
27
16
18
2
153
5
20
30
94
0
0
0
0
0
0
0
0
0
0
0
0
0
0
0
0
0
0
0
0
0
0
0
0
0
0
0
16
20
10
5
20
2
3
0
18
0
0
0
1
42
0
1
1
0
7
6
16
3
85
0
6
30
69
8
9
3
1
29
0
0
2
5
0
0
1
0
41
0
0
2
0
1
1
0
0
16
0
0
1
3
0
0
0
0
0
0
0
0
0
0
0
0
0
0
0
0
0
0
0
0
0
0
0
0
0
0
0
4
0
1
0
11
0
0
0
1
0
0
0
0
5
0
0
2
0
0
3
2
0
14
1
2
4
7
11
16
2
1
9
1
0
1
0
0
1
0
0
6
0
0
0
0
1
0
0
1
0
0
0
0
3
0
0
0
0
0
0
0
0
0
0
0
0
0
0
0
0
0
0
0
0
0
0
0
0
0
0
0
10
6
0
2
13
2
0
1
0
0
3
0
0
64
1
0
2
1
3
2
0
1
178
1
2
82
87
412
543
114
12
748
13
6
178
47
1
29
2
1
801
1
1
14
2
14
9
2
4
525
44
3
85
103
0
0
0
0
0
0
0
0
0
0
0
0
0
0
0
0
0
0
0
0
0
0
0
0
0
0
0
61
20
1
8
0
5
0
0
9
0
11
1
2
438
0
1
16
0
13
13
0
6
525
8
5
153
129
100
169
12
8
801
5
2
64
10
0
41
2
3
0
0
3
5
1
3
6
0
1
438
11
1
42
23
0
0
0
0
0
0
0
0
0
0
0
0
0
0
0
0
0
0
0
0
0
0
0
0
0
0
0
23
42
1
11
438
1
0
6
3
1
5
3
0
0
3
2
41
0
10
64
2
5
801
8
12
169
100
129
153
5
8
525
6
0
13
13
0
16
1
0
438
2
1
11
0
9
0
0
5
0
8
1
20
61
0
0
0
0
0
0
0
0
0
0
0
0
0
0
0
0
0
0
0
0
0
0
0
0
0
0
0
103
85
3
44
525
4
2
9
14
2
14
1
1
801
1
2
29
1
47
178
6
13
748
12
114
543
412
87
82
2
1
178
1
0
2
3
1
2
0
1
64
0
0
3
0
0
1
0
2
13
2
0
6
10
0
0
0
0
0
0
0
0
0
0
0
0
0
0
0
0
0
0
0
0
0
0
0
0
0
0
0
3
0
0
0
0
1
0
0
1
0
0
0
0
6
0
0
1
0
0
1
0
1
9
1
2
16
11
7
4
2
1
14
0
2
3
0
0
2
0
0
5
0
0
0
0
1
0
0
0
11
0
1
0
4
0
0
0
0
0
0
0
0
0
0
0
0
0
0
0
0
0
0
0
0
0
0
0
0
0
0
0
3
1
0
0
16
0
0
1
1
0
2
0
0
41
0
1
0
0
5
2
0
0
29
1
3
9
8
69
30
6
0
85
3
16
6
7
0
1
1
0
42
1
0
0
0
18
0
3
2
20
5
10
20
16
0
0
0
0
0
0
0
0
0
0
0
0
0
0
0
0
0
0
0
0
0
0
0
0
0
0
0
94
30
20
5
153
2
18
16
27
1
4
0
0
169
1
0
9
1
69
82
36
9
543
14
118
214
333
188
118
16
10
114
4
13
2
4
0
3
1
2
12
2
0
2
0
15
2
2
4
5
1
4
6
25
0
0
0
0
0
0
0
0
0
0
0
0
0
0
0
0
0
0
0
0
0
0
0
0
0
0
0
13
10
0
3
1
6
1
0
11
1
1
0
0
1
0
0
0
0
5
0
3
3
3
2
4
20
32
0
0
1
0
2
0
0
0
1
0
1
0
0
2
0
1
0
0
1
0
0
0
1
0
0
1
4
0
0
0
0
0
0
0
0
0
0
0
0
0
0
0
0
0
0
0
0
0
0
0
0
0
0
0
0
0
0
0
1
0
0
0
1
0
0
0
0
3
0
1
0
0
1
0
0
0
1
0
0
0
1
12
18
2
6
2
10
0
0
1
0
0
0
0
0
0
0
0
0
0
0
0
0
0
1
1
3
5
0
0
0
0
0
0
0
0
0
0
0
0
0
0
0
0
0
0
0
0
0
0
0
0
0
0
0
20
16
3
9
0
15
0
0
1
0
2
0
0
2
0
0
0
0
1
0
0
2
6
1
13
36
86
31
9
4
3
13
2
2
1
8
0
0
0
1
5
0
0
0
1
1
1
10
0
6
0
3
3
6
0
0
0
0
0
0
0
0
0
0
0
0
0
0
0
0
0
0
0
0
0
0
0
0
0
0
0
4
2
6
1
5
0
0
1
5
0
0
0
0
1
1
0
0
0
6
2
15
0
4
0
4
2
27
2
0
2
0
1
0
0
0
1
0
0
0
0
0
0
0
0
0
0
0
0
0
2
0
0
1
1
0
0
0
0
0
0
0
0
0
0
0
0
0
0
0
0
0
0
0
0
0
0
0
0
0
0
0
1
0
0
0
0
1
0
0
2
0
0
0
0
3
2
0
0
0
3
1
0
1
1
0
2
1
2
40
5
1
0
44
0
9
2
1
0
0
0
0
11
0
0
0
0
10
0
1
1
8
0
3
5
0
0
0
0
0
0
0
0
0
0
0
0
0
0
0
0
0
0
0
0
0
0
0
0
0
0
0
0
17
0
2
0
8
0
6
1
1
1
1
0
0
8
0
0
1
0
16
1
1
3
12
2
10
14
25
90
69
4
16
47
8
1
3
4
3
5
1
3
10
1
1
0
2
5
0
1
6
13
1
5
7
18
0
0
0
0
0
0
0
0
0
0
0
0
0
0
0
0
0
0
0
0
0
0
0
0
0
0
0
20
18
11
10
9
5
0
1
0
1
1
1
0
3
2
1
1
0
5
0
1
1
14
1
15
27
50
5
1
0
1
2
1
0
0
2
0
0
0
0
1
0
0
0
0
1
0
0
0
0
0
1
0
1
0
0
0
0
0
0
0
0
0
0
0
0
0
0
0
0
0
0
0
0
0
0
0
0
0
0
0
0
0
0
0
0
0
0
0
0
0
0
0
0
0
0
0
0
0
3
1
0
0
1
0
0
1
1
120
94
25
17
103
6
20
10
18
0
3
4
1
23
1
0
4
1
20
3
5
4
61
0
13
16
28
0
0
0
0
0
0
0
0
0
0
0
0
0
0
0
0
0
0
0
0
0
0
0
0
0
0
0
120
69
32
40
129
27
12
11
50
5
7
1
2
100
2
0
8
1
90
87
86
31
412
25
188
333
914
