141908
22329
7400
5084
21803
726
9298
9585
2248
406
505
133
234
3904
104
408
740
200
7552
471
868
3439
13134
494
3532
7328
6033
0
0
0
0
0
0
0
0
0
0
0
0
0
0
0
0
0
0
0
0
0
0
0
0
0
0
0
7550
644
586
1379
2758
232
995
497
829
1670
1665
4
1462
9981
19
1488
1644
4
2576
238
946
3902
12609
320
3403
12439
5964
0
0
0
0
0
0
0
0
0
0
0
0
0
0
0
0
0
0
0
0
0
0
0
0
0
0
0
0
0
0
0
0
0
0
0
0
0
0
0
0
0
0
0
0
0
0
0
0
0
0
0
0
0
0
0
0
0
0
0
0
0
0
0
0
0
0
0
0
0
0
0
0
0
0
0
0
0
0
0
0
0
7550
943
358
751
1183
182
540
162
374
11
26
41
35
665
32
8
80
97
607
58
199
883
1531
130
540
1943
2016
0
0
0
0
0
0
0
0
0
0
0
0
0
0
0
0
0
0
0
0
0
0
0
0
0
0
0
2654
424
306
955
1609
165
371
229
542
932
1049
4
862
8937
10
947
1269
2
1124
152
569
2837
11007
153
2877
12536
6033
406
20
1
8
14
0
9
5
0
0
0
0
0
3
0
0
0
0
7
0
1
1
11
1
2
12
2
0
0
0
0
0
0
0
0
0
0
0
0
0
0
0
0
0
0
0
0
0
0
0
0
0
0
0
11
1
2
3
2
1
7
1
2
0
0
0
0
6
0
0
0
0
5
0
1
4
31
1
8
14
4
0
0
0
0
0
0
0
0
0
0
0
0
0
0
0
0
0
0
0
0
0
0
0
0
0
0
0
0
0
0
0
0
0
0
0
0
0
0
0
0
0
0
0
0
0
0
0
0
0
0
0
0
0
0
0
0
0
0
0
0
0
0
0
0
0
0
0
0
0
0
0
0
0
0
0
0
0
0
0
0
0
1670
23
22
31
50
1
269
103
12
0
0
0
1
8
0
0
1
0
414
11
13
120
283
2
246
358
97
0
0
0
0
0
0
0
0
0
0
0
0
0
0
0
0
0
0
0
0
0
0
0
0
0
0
0
932
9
22
45
106
1
134
118
7
50
34
0
37
148
0
30
24
0
714
26
50
357
647
1
659
1225
200
7552
542
155
444
548
61
10
153
8
7
6
3
12
7
7
10
30
7
22
1
2
391
7
61
129
796
542
0
0
0
0
0
0
0
0
0
0
0
0
0
0
0
0
0
0
0
0
0
0
0
0
0
0
0
607
64
13
382
2
32
3
2
10
414
454
1
301
4
2
423
321
2
83
23
6
830
462
63
695
2368
829
0
0
0
0
0
0
0
0
0
0
0
0
0
0
0
0
0
0
0
0
0
0
0
0
0
0
0
0
0
0
0
0
0
0
0
0
0
0
0
0
0
0
0
0
0
0
0
0
0
0
0
0
0
0
0
0
0
0
0
0
0
0
0
0
0
0
0
0
0
0
0
0
0
0
0
0
0
0
0
0
0
2576
210
58
320
94
19
75
39
14
5
3
6
11
1
6
7
32
12
83
3
8
306
33
31
159
828
374
0
0
0
0
0
0
0
0
0
0
0
0
0
0
0
0
0
0
0
0
0
0
0
0
0
0
0
1124
51
22
387
22
27
63
24
8
714
869
1
566
1943
4
865
912
0
472
76
32
1819
4732
62
1944
10003
2248
5084
761
145
526
2546
17
557
352
62
8
15
0
27
1250
0
11
34
1
444
41
31
304
2495
43
280
394
153
0
0
0
0
0
0
0
0
0
0
0
0
0
0
0
0
0
0
0
0
0
0
0
0
0
0
0
751
89
31
548
2288
19
160
97
63
31
34
0
93
5261
1
18
79
1
320
24
109
448
4414
70
451
1361
320
0
0
0
0
0
0
0
0
0
0
0
0
0
0
0
0
0
0
0
0
0
0
0
0
0
0
0
0
0
0
0
0
0
0
0
0
0
0
0
0
0
0
0
0
0
0
0
0
0
0
0
0
0
0
0
0
0
0
0
0
0
0
0
0
0
0
0
0
0
0
0
0
0
0
0
0
0
0
0
0
0
1379
142
48
548
2045
20
320
120
31
3
1
2
15
1200
7
1
25
2
382
16
52
357
2582
24
228
527
130
0
0
0
0
0
0
0
0
0
0
0
0
0
0
0
0
0
0
0
0
0
0
0
0
0
0
0
955
64
56
738
2547
26
190
200
61
45
59
0
101
6585
4
46
94
1
387
25
126
597
6660
43
798
2777
494
234
31
4
27
46
2
18
12
4
0
0
0
0
7
0
0
0
0
12
1
1
6
62
4
10
18
10
0
0
0
0
0
0
0
0
0
0
0
0
0
0
0
0
0
0
0
0
0
0
0
0
0
0
0
35
0
3
15
37
0
16
8
2
1
0
0
8
29
0
0
0
0
11
0
3
17
88
1
25
42
19
0
0
0
0
0
0
0
0
0
0
0
0
0
0
0
0
0
0
0
0
0
0
0
0
0
0
0
0
0
0
0
0
0
0
0
0
0
0
0
0
0
0
0
0
0
0
0
0
0
0
0
0
0
0
0
0
0
0
0
0
0
0
0
0
0
0
0
0
0
0
0
0
0
0
0
0
0
0
0
0
0
1462
19
17
93
217
1
191
107
6
0
0
0
8
25
0
1
1
0
301
1
3
138
430
7
159
426
32
0
0
0
0
0
0
0
0
0
0
0
0
0
0
0
0
0
0
0
0
0
0
0
0
0
0
0
862
5
7
101
332
2
108
182
7
37
45
0
6
237
0
27
21
0
566
15
18
276
807
0
585
1419
104
3439
149
64
304
1062
5
440
104
27
1
0
0
6
319
2
0
9
1
391
15
37
298
1449
26
226
671
165
0
0
0
0
0
0
0
0
0
0
0
0
0
0
0
0
0
0
0
0
0
0
0
0
0
0
0
883
36
46
357
866
10
170
74
32
120
155
0
138
1855
0
126
108
1
306
14
69
511
2210
19
487
1489
232
0
0
0
0
0
0
0
0
0
0
0
0
0
0
0
0
0
0
0
0
0
0
0
0
0
0
0
0
0
0
0
0
0
0
0
0
0
0
0
0
0
0
0
0
0
0
0
0
0
0
0
0
0
0
0
0
0
0
0
0
0
0
0
0
0
0
0
0
0
0
0
0
0
0
0
0
0
0
0
0
0
3902
89
73
448
941
18
566
212
19
4
3
0
17
405
1
1
13
1
830
17
56
511
1599
20
443
1119
182
0
0
0
0
0
0
0
0
0
0
0
0
0
0
0
0
0
0
0
0
0
0
0
0
0
0
0
2837
27
62
597
1528
5
336
481
61
357
432
0
276
2943
2
377
336
0
1819
99
207
1192
4354
17
2606
6141
726
9298
1412
335
557
1245
207
0
111
32
9
33
38
18
127
18
8
67
50
10
0
0
440
0
126
107
813
569
0
0
0
0
0
0
0
0
0
0
0
0
0
0
0
0
0
0
0
0
0
0
0
0
0
0
0
540
175
29
320
0
69
0
0
6
269
239
3
191
0
3
192
153
1
75
30
0
566
279
109
501
1640
946
0
0
0
0
0
0
0
0
0
0
0
0
0
0
0
0
0
0
0
0
0
0
0
0
0
0
0
0
0
0
0
0
0
0
0
0
0
0
0
0
0
0
0
0
0
0
0
0
0
0
0
0
0
0
0
0
0
0
0
0
0
0
0
0
0
0
0
0
0
0
0
0
0
0
0
0
0
0
0
0
0
995
254
74
160
48
56
0
12
8
7
8
10
16
0
3
1
23
13
3
0
0
170
0
52
55
284
199
0
0
0
0
0
0
0
0
0
0
0
0
0
0
0
0
0
0
0
0
0
0
0
0
0
0
0
371
82
22
190
0
37
0
0
2
134
165
1
108
0
1
158
135
1
63
25
0
336
451
31
470
1611
868
408
19
3
11
10
0
8
3
1
0
0
0
0
2
0
0
0
0
10
0
1
0
4
0
4
2
4
0
0
0
0
0
0
0
0
0
0
0
0
0
0
0
0
0
0
0
0
0
0
0
0
0
0
0
8
0
1
1
6
0
1
0
1
0
0
0
1
0
0
0
0
0
7
1
3
1
13
0
3
6
4
0
0
0
0
0
0
0
0
0
0
0
0
0
0
0
0
0
0
0
0
0
0
0
0
0
0
0
0
0
0
0
0
0
0
0
0
0
0
0
0
0
0
0
0
0
0
0
0
0
0
0
0
0
0
0
0
0
0
0
0
0
0
0
0
0
0
0
0
0
0
0
0
0
0
0
0
0
0
0
0
0
1488
17
17
18
29
0
192
88
6
0
0
0
0
2
0
0
0
0
423
5
10
126
222
2
187
286
41
0
0
0
0
0
0
0
0
0
0
0
0
0
0
0
0
0
0
0
0
0
0
0
0
0
0
0
947
5
14
46
96
0
158
86
3
30
16
0
27
156
0
38
25
0
865
21
38
377
720
0
554
1062
133
3532
491
128
280
446
62
107
97
22
2
14
14
10
47
7
4
30
22
129
2
22
226
295
56
136
507
306
0
0
0
0
0
0
0
0
0
0
0
0
0
0
0
0
0
0
0
0
0
0
0
0
0
0
0
540
67
56
228
147
46
55
17
13
246
278
1
159
398
3
187
167
2
159
22
29
443
772
31
388
1283
586
0
0
0
0
0
0
0
0
0
0
0
0
0
0
0
0
0
0
0
0
0
0
0
0
0
0
0
0
0
0
0
0
0
0
0
0
0
0
0
0
0
0
0
0
0
0
0
0
0
0
0
0
0
0
0
0
0
0
0
0
0
0
0
0
0
0
0
0
0
0
0
0
0
0
0
0
0
0
0
0
0
3403
311
126
451
865
73
501
165
58
8
11
17
25
529
17
3
41
22
695
18
74
487
1675
48
388
974
358
0
0
0
0
0
0
0
0
0
0
0
0
0
0
0
0
0
0
0
0
0
0
0
0
0
0
0
2877
150
128
798
1985
64
470
325
155
659
636
3
585
11116
4
554
567
1
1944
141
335
2606
15075
145
3292
12546
7400
22329
29224
12546
761
41431
6141
1412
1833
10003
20
1175
1062
31
31585
1419
19
1232
1225
542
1431
1611
149
11901
2777
491
625
12536
0
0
0
0
0
0
0
0
0
0
0
0
0
0
0
0
0
0
0
0
0
0
0
0
0
0
0
943
2700
1283
142
6714
1489
254
78
2368
23
79
6
19
3451
42
17
23
14
210
563
1640
89
5162
1361
311
856
12439
0
0
0
0
0
0
0
0
0
0
0
0
0
0
0
0
0
0
0
0
0
0
0
0
0
0
0
0
0
0
0
0
0
0
0
0
0
0
0
0
0
0
0
0
0
0
0
0
0
0
0
0
0
0
0
0
0
0
0
0
0
0
0
0
0
0
0
0
0
0
0
0
0
0
0
0
0
0
0
0
0
644
2700
974
89
3199
1119
175
37
828
1
275
286
0
1536
426
0
381
358
64
129
284
36
955
527
67
78
1943
0
0
0
0
0
0
0
0
0
0
0
0
0
0
0
0
0
0
0
0
0
0
0
0
0
0
0
424
1048
507
64
2012
671
82
26
796
9
27
2
5
329
18
5
6
12
51
184
813
27
1621
394
150
625
7328
505
1175
567
15
841
336
33
22
912
0
12
25
0
159
21
0
17
24
6
131
135
0
338
94
14
6
1269
0
0
0
0
0
0
0
0
0
0
0
0
0
0
0
0
0
0
0
0
0
0
0
0
0
0
0
26
275
167
1
327
108
8
3
321
0
2
0
0
26
0
0
0
0
3
89
153
3
244
79
11
23
1644
0
0
0
0
0
0
0
0
0
0
0
0
0
0
0
0
0
0
0
0
0
0
0
0
0
0
0
0
0
0
0
0
0
0
0
0
0
0
0
0
0
0
0
0
0
0
0
0
0
0
0
0
0
0
0
0
0
0
0
0
0
0
0
0
0
0
0
0
0
0
0
0
0
0
0
0
0
0
0
0
0
1665
79
41
34
186
13
239
117
32
0
2
0
0
26
1
0
0
1
454
11
23
155
467
25
278
381
80
0
0
0
0
0
0
0
0
0
0
0
0
0
0
0
0
0
0
0
0
0
0
0
0
0
0
0
1049
27
30
59
221
9
165
110
30
34
20
0
45
231
0
16
17
0
869
29
67
432
1028
34
636
1232
740
471
1431
325
41
955
481
0
10
24
0
131
86
1
42
182
0
110
118
1
0
0
15
0
200
2
26
229
0
0
0
0
0
0
0
0
0
0
0
0
0
0
0
0
0
0
0
0
0
0
0
0
0
0
0
58
129
17
16
0
74
0
0
2
11
11
0
1
0
8
5
3
1
3
6
0
17
40
97
18
78
497
0
0
0
0
0
0
0
0
0
0
0
0
0
0
0
0
0
0
0
0
0
0
0
0
0
0
0
0
0
0
0
0
0
0
0
0
0
0
0
0
0
0
0
0
0
0
0
0
0
0
0
0
0
0
0
0
0
0
0
0
0
0
0
0
0
0
0
0
0
0
0
0
0
0
0
0
0
0
0
0
0
238
563
165
24
247
212
30
4
39
0
89
88
0
6
107
1
117
103
23
6
12
14
55
120
22
37
162
0
0
0
0
0
0
0
0
0
0
0
0
0
0
0
0
0
0
0
0
0
0
0
0
0
0
0
152
184
97
25
131
104
25
10
153
26
29
3
15
716
12
21
22
5
76
96
111
99
2342
352
141
1833
9585
21803
41431
15075
2546
104680
4354
1245
2342
4732
14
841
720
46
149237
807
10
1028
647
548
955
451
1062
40667
6660
446
1621
11007
0
0
0
0
0
0
0
0
0
0
0
0
0
0
0
0
0
0
0
0
0
0
0
0
0
0
0
1183
3199
772
2045
4597
2210
48
40
462
50
186
13
217
5468
88
29
244
31
94
247
279
941
6824
4414
865
5162
12609
0
0
0
0
0
0
0
0
0
0
0
0
0
0
0
0
0
0
0
0
0
0
0
0
0
0
0
0
0
0
0
0
0
0
0
0
0
0
0
0
0
0
0
0
0
0
0
0
0
0
0
0
0
0
0
0
0
0
0
0
0
0
0
0
0
0
0
0
0
0
0
0
0
0
0
0
0
0
0
0
0
2758
6714
1675
2288
4597
1599
0
55
33
2
327
222
37
0
430
6
467
283
2
0
0
866
0
2582
147
955
1531
0
0
0
0
0
0
0
0
0
0
0
0
0
0
0
0
0
0
0
0
0
0
0
0
0
0
0
1609
2012
295
2547
0
1449
0
0
7
106
221
4
332
9203
62
96
338
11
22
131
0
1528
40667
2495
1985
11901
13134
3904
31585
11116
1250
149237
2943
127
716
1943
3
159
156
7
0
237
2
231
148
7
42
0
319
9203
6585
47
329
8937
0
0
0
0
0
0
0
0
0
0
0
0
0
0
0
0
0
0
0
0
0
0
0
0
0
0
0
665
1536
398
1200
0
1855
0
0
4
8
26
0
25
0
29
2
26
6
1
6
0
405
5468
5261
529
3451
9981
0
0
0
0
0
0
0
0
0
0
0
0
0
0
0
0
0
0
0
0
0
0
0
0
0
0
0
0
0
0
0
0
0
0
0
0
0
0
0
0
0
0
0
0
0
0
0
0
0
0
0
0
0
0
0
0
0
0
0
0
0
0
0
0
0
0
0
0
0
0
0
0
0
0
0
0
0
0
0
0
0
9981
3451
529
5261
5468
405
0
6
1
6
26
2
29
0
25
0
26
8
4
0
0
1855
0
1200
398
1536
665
0
0
0
0
0
0
0
0
0
0
0
0
0
0
0
0
0
0
0
0
0
0
0
0
0
0
0
8937
329
47
6585
9203
319
0
42
7
148
231
2
237
0
7
156
159
3
1943
716
127
2943
149237
1250
11116
31585
3904
13134
11901
1985
2495
40667
1528
0
131
22
11
338
96
62
9203
332
4
221
106
7
0
0
1449
0
2547
295
2012
1609
0
0
0
0
0
0
0
0
0
0
0
0
0
0
0
0
0
0
0
0
0
0
0
0
0
0
0
1531
955
147
2582
0
866
0
0
2
283
467
6
430
0
37
222
327
2
33
55
0
1599
4597
2288
1675
6714
2758
0
0
0
0
0
0
0
0
0
0
0
0
0
0
0
0
0
0
0
0
0
0
0
0
0
0
0
0
0
0
0
0
0
0
0
0
0
0
0
0
0
0
0
0
0
0
0
0
0
0
0
0
0
0
0
0
0
0
0
0
0
0
0
0
0
0
0
0
0
0
0
0
0
0
0
0
0
0
0
0
0
12609
5162
865
4414
6824
941
279
247
94
31
244
29
88
5468
217
13
186
50
462
40
48
2210
4597
2045
772
3199
1183
0
0
0
0
0
0
0
0
0
0
0
0
0
0
0
0
0
0
0
0
0
0
0
0
0
0
0
11007
1621
446
6660
40667
1062
451
955
548
647
1028
10
807
149237
46
720
841
14
4732
2342
1245
4354
104680
2546
15075
41431
21803
9585
1833
141
352
2342
99
111
96
76
5
22
21
12
716
15
3
29
26
153
10
25
104
131
25
97
184
152
0
0
0
0
0
0
0
0
0
0
0
0
0
0
0
0
0
0
0
0
0
0
0
0
0
0
0
162
37
22
120
55
14
12
6
23
103
117
1
107
6
0
88
89
0
39
4
30
212
247
24
165
563
238
0
0
0
0
0
0
0
0
0
0
0
0
0
0
0
0
0
0
0
0
0
0
0
0
0
0
0
0
0
0
0
0
0
0
0
0
0
0
0
0
0
0
0
0
0
0
0
0
0
0
0
0
0
0
0
0
0
0
0
0
0
0
0
0
0
0
0
0
0
0
0
0
0
0
0
0
0
0
0
0
0
497
78
18
97
40
17
0
6
3
1
3
5
8
0
1
0
11
11
2
0
0
74
0
16
17
129
58
0
0
0
0
0
0
0
0
0
0
0
0
0
0
0
0
0
0
0
0
0
0
0
0
0
0
0
229
26
2
200
0
15
0
0
1
118
110
0
182
42
1
86
131
0
24
10
0
481
955
41
325
1431
471
740
1232
636
34
1028
432
67
29
869
0
17
16
0
231
45
0
20
34
30
110
165
9
221
59
30
27
1049
0
0
0
0
0
0
0
0
0
0
0
0
0
0
0
0
0
0
0
0
0
0
0
0
0
0
0
80
381
278
25
467
155
23
11
454
1
0
0
1
26
0
0
2
0
32
117
239
13
186
34
41
79
1665
0
0
0
0
0
0
0
0
0
0
0
0
0
0
0
0
0
0
0
0
0
0
0
0
0
0
0
0
0
0
0
0
0
0
0
0
0
0
0
0
0
0
0
0
0
0
0
0
0
0
0
0
0
0
0
0
0
0
0
0
0
0
0
0
0
0
0
0
0
0
0
0
0
0
0
0
0
0
0
0
0
1644
23
11
79
244
3
153
89
3
0
0
0
0
26
0
0
2
0
321
3
8
108
327
1
167
275
26
0
0
0
0
0
0
0
0
0
0
0
0
0
0
0
0
0
0
0
0
0
0
0
0
0
0
0
1269
6
14
94
338
0
135
131
6
24
17
0
21
159
0
25
12
0
912
22
33
336
841
15
567
1175
505
7328
625
150
394
1621
27
813
184
51
12
6
5
18
329
5
2
27
9
796
26
82
671
2012
64
507
1048
424
0
0
0
0
0
0
0
0
0
0
0
0
0
0
0
0
0
0
0
0
0
0
0
0
0
0
0
1943
78
67
527
955
36
284
129
64
358
381
0
426
1536
0
286
275
1
828
37
175
1119
3199
89
974
2700
644
0
0
0
0
0
0
0
0
0
0
0
0
0
0
0
0
0
0
0
0
0
0
0
0
0
0
0
0
0
0
0
0
0
0
0
0
0
0
0
0
0
0
0
0
0
0
0
0
0
0
0
0
0
0
0
0
0
0
0
0
0
0
0
0
0
0
0
0
0
0
0
0
0
0
0
0
0
0
0
0
0
12439
856
311
1361
5162
89
1640
563
210
14
23
17
42
3451
19
6
79
23
2368
78
254
1489
6714
142
1283
2700
943
0
0
0
0
0
0
0
0
0
0
0
0
0
0
0
0
0
0
0
0
0
0
0
0
0
0
0
12536
625
491
2777
11901
149
1611
1431
542
1225
1232
19
1419
31585
31
1062
1175
20
10003
1833
1412
6141
41431
761
12546
29224
22329
7400
12546
3292
145
15075
2606
335
141
1944
1
567
554
4
11116
585
3
636
659
155
325
470
64
1985
798
128
150
2877
0
0
0
0
0
0
0
0
0
0
0
0
0
0
0
0
0
0
0
0
0
0
0
0
0
0
0
358
974
388
48
1675
487
74
18
695
22
41
3
17
529
25
17
11
8
58
165
501
73
865
451
126
311
3403
0
0
0
0
0
0
0
0
0
0
0
0
0
0
0
0
0
0
0
0
0
0
0
0
0
0
0
0
0
0
0
0
0
0
0
0
0
0
0
0
0
0
0
0
0
0
0
0
0
0
0
0
0
0
0
0
0
0
0
0
0
0
0
0
0
0
0
0
0
0
0
0
0
0
0
0
0
0
0
0
0
586
1283
388
31
772
443
29
22
159
2
167
187
3
398
159
1
278
246
13
17
55
46
147
228
56
67
540
0
0
0
0
0
0
0
0
0
0
0
0
0
0
0
0
0
0
0
0
0
0
0
0
0
0
0
306
507
136
56
295
226
22
2
129
22
30
4
7
47
10
14
14
2
22
97
107
62
446
280
128
491
3532
133
1062
554
0
720
377
38
21
865
0
25
38
0
156
27
0
16
30
3
86
158
0
96
46
14
5
947
0
0
0
0
0
0
0
0
0
0
0
0
0
0
0
0
0
0
0
0
0
0
0
0
0
0
0
41
286
187
2
222
126
10
5
423
0
0
0
0
2
0
0
0
0
6
88
192
0
29
18
17
17
1488
0
0
0
0
0
0
0
0
0
0
0
0
0
0
0
0
0
0
0
0
0
0
0
0
0
0
0
0
0
0
0
0
0
0
0
0
0
0
0
0
0
0
0
0
0
0
0
0
0
0
0
0
0
0
0
0
0
0
0
0
0
0
0
0
0
0
0
0
0
0
0
0
0
0
0
0
0
0
0
0
0
4
6
3
0
13
1
3
1
7
0
0
0
0
0
1
0
0
0
1
0
1
0
6
1
1
0
8
0
0
0
0
0
0
0
0
0
0
0
0
0
0
0
0
0
0
0
0
0
0
0
0
0
0
0
4
2
4
0
4
0
1
0
10
0
0
0
0
2
0
0
0
0
1
3
8
0
10
11
3
19
408
868
1611
470
31
451
336
0
25
63
1
135
158
1
0
108
1
165
134
2
0
0
37
0
190
22
82
371
0
0
0
0
0
0
0
0
0
0
0
0
0
0
0
0
0
0
0
0
0
0
0
0
0
0
0
199
284
55
52
0
170
0
0
3
13
23
1
3
0
16
10
8
7
8
12
0
56
48
160
74
254
995
0
0
0
0
0
0
0
0
0
0
0
0
0
0
0
0
0
0
0
0
0
0
0
0
0
0
0
0
0
0
0
0
0
0
0
0
0
0
0
0
0
0
0
0
0
0
0
0
0
0
0
0
0
0
0
0
0
0
0
0
0
0
0
0
0
0
0
0
0
0
0
0
0
0
0
0
0
0
0
0
0
946
1640
501
109
279
566
0
30
75
1
153
192
3
0
191
3
239
269
6
0
0
69
0
320
29
175
540
0
0
0
0
0
0
0
0
0
0
0
0
0
0
0
0
0
0
0
0
0
0
0
0
0
0
0
569
813
107
126
0
440
0
0
10
50
67
8
18
127
18
38
33
9
32
111
0
207
1245
557
335
1412
9298
726
6141
2606
17
4354
1192
207
99
1819
0
336
377
2
2943
276
0
432
357
61
481
336
5
1528
597
62
27
2837
0
0
0
0
0
0
0
0
0
0
0
0
0
0
0
0
0
0
0
0
0
0
0
0
0
0
0
182
1119
443
20
1599
511
56
17
830
1
13
1
1
405
17
0
3
4
19
212
566
18
941
448
73
89
3902
0
0
0
0
0
0
0
0
0
0
0
0
0
0
0
0
0
0
0
0
0
0
0
0
0
0
0
0
0
0
0
0
0
0
0
0
0
0
0
0
0
0
0
0
0
0
0
0
0
0
0
0
0
0
0
0
0
0
0
0
0
0
0
0
0
0
0
0
0
0
0
0
0
0
0
0
0
0
0
0
0
232
1489
487
19
2210
511
69
14
306
1
108
126
0
1855
138
0
155
120
32
74
170
10
866
357
46
36
883
0
0
0
0
0
0
0
0
0
0
0
0
0
0
0
0
0
0
0
0
0
0
0
0
0
0
0
165
671
226
26
1449
298
37
15
391
1
9
0
2
319
6
0
0
1
27
104
440
5
1062
304
64
149
3439
104
1419
585
0
807
276
18
15
566
0
21
27
0
237
6
0
45
37
7
182
108
2
332
101
7
5
862
0
0
0
0
0
0
0
0
0
0
0
0
0
0
0
0
0
0
0
0
0
0
0
0
0
0
0
32
426
159
7
430
138
3
1
301
0
1
1
0
25
8
0
0
0
6
107
191
1
217
93
17
19
1462
0
0
0
0
0
0
0
0
0
0
0
0
0
0
0
0
0
0
0
0
0
0
0
0
0
0
0
0
0
0
0
0
0
0
0
0
0
0
0
0
0
0
0
0
0
0
0
0
0
0
0
0
0
0
0
0
0
0
0
0
0
0
0
0
0
0
0
0
0
0
0
0
0
0
0
0
0
0
0
0
0
19
42
25
1
88
17
3
0
11
0
0
0
0
29
8
0
0
1
2
8
16
0
37
15
3
0
35
0
0
0
0
0
0
0
0
0
0
0
0
0
0
0
0
0
0
0
0
0
0
0
0
0
0
0
10
18
10
4
62
6
1
1
12
0
0
0
0
7
0
0
0
0
4
12
18
2
46
27
4
31
234
494
2777
798
43
6660
597
126
25
387
1
94
46
4
6585
101
0
59
45
61
200
190
26
2547
738
56
64
955
0
0
0
0
0
0
0
0
0
0
0
0
0
0
0
0
0
0
0
0
0
0
0
0
0
0
0
130
527
228
24
2582
357
52
16
382
2
25
1
7
1200
15
2
1
3
31
120
320
20
2045
548
48
142
1379
0
0
0
0
0
0
0
0
0
0
0
0
0
0
0
0
0
0
0
0
0
0
0
0
0
0
0
0
0
0
0
0
0
0
0
0
0
0
0
0
0
0
0
0
0
0
0
0
0
0
0
0
0
0
0
0
0
0
0
0
0
0
0
0
0
0
0
0
0
0
0
0
0
0
0
0
0
0
0
0
0
320
1361
451
70
4414
448
109
24
320
1
79
18
1
5261
93
0
34
31
63
97
160
19
2288
548
31
89
751
0
0
0
0
0
0
0
0
0
0
0
0
0
0
0
0
0
0
0
0
0
0
0
0
0
0
0
153
394
280
43
2495
304
31
41
444
1
34
11
0
1250
27
0
15
8
62
352
557
17
2546
526
145
761
5084
2248
10003
1944
62
4732
1819
32
76
472
0
912
865
4
1943
566
1
869
714
8
24
63
27
22
387
22
51
1124
0
0
0
0
0
0
0
0
0
0
0
0
0
0
0
0
0
0
0
0
0
0
0
0
0
0
0
374
828
159
31
33
306
8
3
83
12
32
7
6
1
11
6
3
5
14
39
75
19
94
320
58
210
2576
0
0
0
0
0
0
0
0
0
0
0
0
0
0
0
0
0
0
0
0
0
0
0
0
0
0
0
0
0
0
0
0
0
0
0
0
0
0
0
0
0
0
0
0
0
0
0
0
0
0
0
0
0
0
0
0
0
0
0
0
0
0
0
0
0
0
0
0
0
0
0
0
0
0
0
0
0
0
0
0
0
829
2368
695
63
462
830
6
23
83
2
321
423
2
4
301
1
454
414
10
2
3
32
2
382
13
64
607
0
0
0
0
0
0
0
0
0
0
0
0
0
0
0
0
0
0
0
0
0
0
0
0
0
0
0
542
796
129
61
7
391
2
1
22
7
30
10
7
7
12
3
6
7
8
153
10
61
548
444
155
542
7552
200
1225
659
1
647
357
50
26
714
0
24
30
0
148
37
0
34
50
7
118
134
1
106
45
22
9
932
0
0
0
0
0
0
0
0
0
0
0
0
0
0
0
0
0
0
0
0
0
0
0
0
0
0
0
97
358
246
2
283
120
13
11
414
0
1
0
0
8
1
0
0
0
12
103
269
1
50
31
22
23
1670
0
0
0
0
0
0
0
0
0
0
0
0
0
0
0
0
0
0
0
0
0
0
0
0
0
0
0
0
0
0
0
0
0
0
0
0
0
0
0
0
0
0
0
0
0
0
0
0
0
0
0
0
0
0
0
0
0
0
0
0
0
0
0
0
0
0
0
0
0
0
0
0
0
0
0
0
0
0
0
0
0
4
14
8
1
31
4
1
0
5
0
0
0
0
6
0
0
0
0
2
1
7
1
2
3
2
1
11
0
0
0
0
0
0
0
0
0
0
0
0
0
0
0
0
0
0
0
0
0
0
0
0
0
0
0
2
12
2
1
11
1
1
0
7
0
0
0
0
3
0
0
0
0
0
5
9
0
14
8
1
20
406
6033
12536
2877
153
11007
2837
569
152
1124
2
1269
947
10
8937
862
4
1049
932
542
229
371
165
1609
955
306
424
2654
0
0
0
0
0
0
0
0
0
0
0
0
0
0
0
0
0
0
0
0
0
0
0
0
0
0
0
2016
1943
540
130
1531
883
199
58
607
97
80
8
32
665
35
41
26
11
374
162
540
182
1183
751
358
943
7550
0
0
0
0
0
0
0
0
0
0
0
0
0
0
0
0
0
0
0
0
0
0
0
0
0
0
0
0
0
0
0
0
0
0
0
0
0
0
0
0
0
0
0
0
0
0
0
0
0
0
0
0
0
0
0
0
0
0
0
0
0
0
0
0
0
0
0
0
0
0
0
0
0
0
0
0
0
0
0
0
0
5964
12439
3403
320
12609
3902
946
238
2576
4
1644
1488
19
9981
1462
4
1665
1670
829
497
995
232
2758
1379
586
644
7550
0
0
0
0
0
0
0
0
0
0
0
0
0
0
0
0
0
0
0
0
0
0
0
0
0
0
0
6033
7328
3532
494
13134
3439
868
471
7552
200
740
408
104
3904
234
133
505
406
2248
9585
9298
726
21803
5084
7400
22329
141908
