134352
6920
31178
3249
189
2541
39644
1633
10408
9389
982
4042
395
125
5415
2789
1108
4191
7390
131
3764
350
47
479
984
10
9098
3249
189
2541
156
0
18
6276
1701
2444
52
0
105
0
0
0
40
0
6
62
0
52
0
0
0
40
0
92
39644
1633
10408
6276
1701
2444
22278
1894
9192
749
125
856
9
114
29
891
16
135
1030
3
666
3
1
2
456
1
925
3586
158
1724
320
58
393
7077
260
7446
403
21
174
0
0
0
6
0
1
228
3
257
0
0
0
17
0
263
320
58
393
44
58
252
1399
125
837
20
16
114
0
0
0
0
0
0
4
1
59
0
0
0
0
0
91
7077
260
7446
1399
125
837
3172
174
7092
556
99
1825
0
0
0
97
4
98
430
4
933
0
0
0
19
0
1038
0
46
972
41
220
381
434
526
5931
13
79
14
0
0
0
242
398
102
8
9
7
0
3
0
114
4
136
41
220
381
18
0
28
17
1396
1451
56
7
125
0
0
0
49
5
38
19
1
19
0
0
0
24
0
174
434
526
5931
17
1396
1451
608
982
18910
90
7
433
0
0
0
34
241
761
53
0
316
0
1
0
35
0
979
14931
176
1107
2065
159
544
7512
454
1552
7765
365
700
14134
1756
3316
12447
778
9629
3994
62
259
1809
92
208
9362
14
8205
533
10
44
116
0
79
464
64
246
178
7
25
699
0
36
319
0
263
68
2
10
85
0
10
140
0
133
4562
124
536
1165
96
1159
3808
216
1048
2146
26
487
12108
2098
443
8064
16
3676
677
5
82
1212
48
154
6720
1
2122
2854
77
365
525
75
121
260
21
274
3482
1429
287
2545
989
1517
984
74
1546
566
37
109
394
47
83
721
8
2463
174
14
32
69
118
258
19
62
199
220
67
36
455
1633
1819
46
113
570
35
14
1
51
69
119
26
11
290
14900
54
2070
3590
262
1713
1734
259
4031
2720
968
930
14772
4122
11217
2444
519
11498
604
19
511
1355
139
789
2976
38
5411
40
125
553
14
0
96
131
415
596
102
166
1126
30
0
720
713
1204
988
92
28
31
144
47
99
444
19
1571
0
0
36
0
0
25
4
396
90
0
0
34
0
0
173
263
33
407
0
1
1
42
0
15
112
5
152
237
31
3748
19
8
1836
362
395
6893
112
1001
1310
177
241
8565
182
402
4854
98
4
274
133
12
655
345
20
4852
9335
58
628
85
0
6
8980
77
520
3933
609
196
726
0
7
5627
230
974
7433
61
453
477
18
56
6685
84
2316
12
0
1
0
0
0
233
5
47
1
2
1
0
0
0
64
3
15
50
1
13
18
0
3
847
4
190
1781
6
259
0
0
0
38
0
51
500
12
30
147
0
0
2214
1
98
1035
2
108
142
18
3
3731
43
708
9
1
0
0
0
0
1468
11
434
59
8
16
0
0
0
829
198
339
181
16
50
69
11
13
955
12
593
0
0
0
0
0
0
45
1
11
0
0
0
0
0
0
31
19
19
3
2
0
6
11
21
28
7
29
0
0
0
0
0
0
5224
18
1110
215
29
89
0
0
0
949
93
615
303
3
106
232
25
172
2043
39
1416
14
0
55
79
0
18
541
25
594
43
2
69
394
0
133
744
99
870
111
4
37
92
0
39
1954
19
1340
0
0
0
0
0
0
1
0
20
0
0
0
0
0
0
44
3
15
0
0
0
1
0
2
138
19
26
1116
46
154
874
81
931
7530
166
2897
723
176
320
8402
2855
3078
11452
589
5391
572
18
173
1114
87
355
13142
209
6474
9389
982
4042
52
0
105
749
125
856
50
0
34
0
0
0
23
0
23
40
0
46
0
0
0
9
0
46
395
125
5415
0
0
0
9
114
29
0
0
0
0
0
0
0
0
0
0
0
0
0
0
0
0
0
0
2789
1108
4191
40
0
6
891
16
135
23
0
23
0
0
0
100
0
0
29
0
4
0
0
0
5
0
20
403
21
174
20
16
114
556
99
1825
0
0
0
0
0
0
0
0
0
0
0
0
0
0
0
0
0
0
0
0
0
0
0
0
0
0
0
0
0
0
0
0
0
0
0
0
0
0
0
0
0
0
0
0
0
6
0
1
0
0
0
97
4
98
0
0
0
0
0
0
0
0
0
0
0
0
0
0
0
0
0
0
13
79
14
56
7
125
90
7
433
0
0
0
0
0
0
0
0
0
0
0
0
0
0
0
0
0
0
0
0
0
0
0
0
0
0
0
0
0
0
0
0
0
0
0
0
0
0
0
0
0
0
0
0
0
242
398
102
49
5
38
34
241
761
0
0
0
0
0
0
0
0
0
0
0
0
0
0
0
0
0
0
369
0
84
69
0
76
327
0
107
210
0
88
288
0
243
147
0
177
26
0
5
51
0
20
138
0
191
0
0
0
0
0
0
0
0
0
0
0
0
0
0
0
0
0
0
0
0
0
0
0
0
0
0
0
258
0
3
64
0
2
464
0
18
56
0
0
235
0
0
231
0
58
6
0
0
18
0
5
283
0
16
0
0
0
0
0
0
0
0
0
0
0
0
0
0
0
0
0
0
0
0
0
0
0
0
0
0
0
0
0
0
0
0
0
0
0
0
0
0
0
0
0
0
0
0
0
0
0
0
0
0
0
0
0
0
0
0
0
0
0
0
0
0
0
0
0
0
0
0
0
0
0
0
0
0
0
0
0
0
0
0
0
0
0
0
0
0
0
0
0
0
0
0
0
0
0
0
0
0
0
0
0
0
0
0
0
0
0
0
0
0
0
0
0
0
0
0
0
0
0
0
0
0
0
0
0
0
0
0
0
0
0
0
0
0
0
0
0
0
0
0
0
0
0
0
0
0
0
0
0
0
0
0
0
0
0
0
0
0
0
0
0
0
1045
0
162
0
0
0
59
0
8
101
0
4
12
0
1
64
0
17
190
0
56
8
0
1
185
0
35
0
0
0
0
0
0
0
0
0
0
0
0
0
0
0
0
0
0
0
0
0
0
0
0
0
0
0
643
0
201
0
0
0
0
0
0
73
0
15
7
0
0
73
0
0
48
0
17
2
0
0
229
0
22
0
0
0
0
0
0
0
0
0
0
0
0
0
0
0
0
0
0
0
0
0
0
0
0
0
0
0
0
0
0
0
0
0
0
0
0
0
0
0
0
0
0
0
0
0
0
0
0
0
0
0
0
0
0
0
0
0
0
0
0
0
0
0
0
0
0
0
0
0
0
0
0
0
0
0
0
0
0
0
0
0
0
0
0
57
0
24
167
0
27
0
0
0
60
0
25
16
0
20
0
0
0
13
0
4
97
0
55
0
0
0
0
0
0
0
0
0
0
0
0
0
0
0
0
0
0
0
0
0
0
0
0
0
0
0
120
0
5
52
0
14
303
0
53
41
0
4
112
0
24
172
0
53
4
0
0
19
0
1
394
0
42
7390
131
3764
62
0
52
1030
3
666
40
0
46
0
0
0
29
0
4
168
0
150
49
0
78
67
0
77
350
47
479
0
0
0
3
1
2
0
0
0
0
0
0
0
0
0
49
0
78
0
0
0
0
0
0
984
10
9098
40
0
92
456
1
925
9
0
46
0
0
0
5
0
20
67
0
77
0
0
0
28
0
16
228
3
257
4
1
59
430
4
933
0
0
0
0
0
0
0
0
0
0
0
0
0
0
0
0
0
0
0
0
0
0
0
0
0
0
0
0
0
0
0
0
0
0
0
0
0
0
0
0
0
0
0
0
0
17
0
263
0
0
91
19
0
1038
0
0
0
0
0
0
0
0
0
0
0
0
0
0
0
0
0
0
8
9
7
19
1
19
53
0
316
0
0
0
0
0
0
0
0
0
2
0
0
0
0
0
18
0
46
0
3
0
0
0
0
0
1
0
0
0
0
0
0
0
0
0
0
0
0
0
0
0
0
0
0
0
114
4
136
24
0
174
35
0
979
0
0
0
0
0
0
0
0
0
18
0
46
0
0
0
12
0
44
515
0
306
19
0
54
208
0
93
236
0
226
212
0
233
108
0
240
221
0
74
64
0
14
295
0
70
0
0
0
0
0
0
0
0
0
0
0
0
0
0
0
0
0
0
35
0
10
0
0
0
1
0
0
58
0
141
47
0
66
98
0
145
17
0
94
78
0
220
36
0
138
123
0
43
24
0
0
301
0
38
0
0
0
0
0
0
0
0
0
0
0
0
0
0
0
0
0
0
0
0
0
0
0
0
0
0
0
0
0
0
0
0
0
0
0
0
0
0
0
0
0
0
0
0
0
0
0
0
0
0
0
0
0
0
0
0
0
0
0
0
0
0
0
0
0
0
0
0
0
0
0
0
0
0
0
0
0
0
0
0
0
0
0
0
0
0
0
0
0
0
0
0
0
0
0
0
0
0
0
22
0
0
163
0
132
58
0
255
0
0
0
0
0
0
0
0
0
0
0
0
0
0
0
0
0
0
0
0
0
0
0
0
0
0
0
0
0
0
0
0
0
0
0
0
0
0
0
0
0
0
0
0
0
2
0
10
23
0
35
73
0
129
944
0
208
0
0
0
49
0
87
35
0
9
3
0
0
48
0
76
848
0
153
9
0
3
388
0
73
0
0
0
0
0
0
0
0
0
0
0
0
0
0
0
0
0
0
35
0
5
0
0
0
6
0
2
332
0
680
0
0
0
1
0
24
19
0
18
11
0
3
18
0
20
202
0
69
7
0
0
468
0
12
0
0
0
0
0
0
0
0
0
0
0
0
0
0
0
0
0
0
0
0
0
0
0
0
0
0
0
0
0
0
0
0
0
0
0
0
0
0
0
0
0
0
0
0
0
0
0
0
0
0
0
0
0
0
0
0
0
0
0
0
0
0
0
0
0
0
0
0
0
0
0
0
0
0
0
0
0
0
0
0
0
1
0
0
12
0
6
92
0
13
2
0
0
28
0
6
24
0
4
24
0
0
56
0
6
358
0
268
0
0
0
0
0
0
0
0
0
0
0
0
0
0
0
0
0
0
0
0
0
0
0
0
0
0
0
29
0
26
39
0
45
262
0
217
15
0
9
39
0
64
72
0
92
71
0
202
19
0
12
894
0
554
14931
176
1107
533
10
44
4562
124
536
369
0
84
0
0
0
258
0
3
515
0
306
0
0
0
58
0
141
2065
159
544
116
0
79
1165
96
1159
69
0
76
0
0
0
64
0
2
19
0
54
0
0
0
47
0
66
7512
454
1552
464
64
246
3808
216
1048
327
0
107
0
0
0
464
0
18
208
0
93
0
0
0
98
0
145
2854
77
365
174
14
32
14900
54
2070
0
0
0
0
0
0
0
0
0
0
0
0
0
0
0
0
0
0
525
75
121
69
118
258
3590
262
1713
0
0
0
0
0
0
0
0
0
0
0
0
0
0
0
0
0
0
260
21
274
19
62
199
1734
259
4031
0
0
0
0
0
0
0
0
0
0
0
0
0
0
0
0
0
0
40
125
553
0
0
36
237
31
3748
0
0
0
0
0
0
0
0
0
0
0
0
0
0
0
0
0
0
14
0
96
0
0
25
19
8
1836
0
0
0
0
0
0
0
0
0
0
0
0
0
0
0
0
0
0
131
415
596
4
396
90
362
395
6893
0
0
0
0
0
0
0
0
0
0
0
0
0
0
0
0
0
0
3040
0
82
716
0
35
3199
0
118
2440
0
29
2849
0
29
3300
0
419
624
0
14
492
0
12
3119
0
711
716
0
35
130
0
30
234
0
76
505
0
10
1008
0
93
478
0
467
32
0
1
73
0
5
175
0
179
3199
0
118
234
0
76
3614
0
204
1019
0
72
2438
0
291
3328
0
907
173
0
3
203
0
26
3278
0
471
0
0
0
0
0
0
0
0
0
0
0
0
0
0
0
0
0
0
0
0
0
0
0
0
0
0
0
0
0
0
0
0
0
0
0
0
0
0
0
0
0
0
0
0
0
0
0
0
0
0
0
0
0
0
0
0
0
0
0
0
0
0
0
0
0
0
0
0
0
0
0
0
0
0
0
0
0
0
0
0
0
0
0
0
0
0
0
0
0
0
0
0
0
0
0
0
0
0
0
0
0
0
0
0
0
0
0
0
0
0
0
0
0
0
0
0
0
0
0
0
0
0
0
0
0
0
0
0
0
0
0
0
0
0
0
0
0
0
0
0
0
0
0
0
0
0
0
0
0
0
0
0
0
0
0
0
0
0
0
0
0
0
216
0
4
48
0
0
858
0
24
128
0
1
81
0
0
1328
0
19
290
0
6
83
0
0
1731
0
109
6
0
1
0
0
0
251
0
15
0
0
0
0
0
0
189
0
7
14
0
3
11
0
2
147
0
34
0
0
4
0
0
6
0
0
6
88
0
0
73
0
0
949
0
22
156
0
0
51
0
0
1757
0
63
0
0
0
0
0
0
0
0
0
0
0
0
0
0
0
0
0
0
0
0
0
0
0
0
0
0
0
0
0
0
0
0
0
0
0
0
0
0
0
0
0
0
0
0
0
0
0
0
0
0
0
0
0
0
0
0
0
0
0
0
0
0
0
0
0
0
0
0
0
0
0
0
0
0
0
0
0
0
0
0
0
19
0
1
0
0
0
0
0
0
68
0
0
60
0
0
92
0
5
51
0
1
17
0
0
493
0
4
0
0
0
0
0
0
0
0
0
0
0
0
0
0
0
0
0
0
0
0
0
0
0
0
0
0
0
533
0
42
134
0
38
3000
0
285
131
0
13
667
0
196
1057
0
267
77
0
16
80
0
20
2232
0
286
7765
365
700
178
7
25
2146
26
487
210
0
88
0
0
0
56
0
0
236
0
226
0
0
0
17
0
94
14134
1756
3316
699
0
36
12108
2098
443
288
0
243
0
0
0
235
0
0
212
0
233
0
0
0
78
0
220
12447
778
9629
319
0
263
8064
16
3676
147
0
177
0
0
0
231
0
58
108
0
240
0
0
0
36
0
138
3482
1429
287
220
67
36
2720
968
930
0
0
0
0
0
0
0
0
0
0
0
0
0
0
0
0
0
0
2545
989
1517
455
1633
1819
14772
4122
11217
0
0
0
0
0
0
0
0
0
0
0
0
0
0
0
0
0
0
984
74
1546
46
113
570
2444
519
11498
0
0
0
0
0
0
0
0
0
0
0
0
0
0
0
0
0
0
102
166
1126
0
0
34
112
1001
1310
0
0
0
0
0
0
0
0
0
0
0
0
0
0
0
0
0
0
30
0
720
0
0
173
177
241
8565
0
0
0
0
0
0
0
0
0
0
0
0
0
0
0
0
0
0
713
1204
988
263
33
407
182
402
4854
0
0
0
0
0
0
0
0
0
0
0
0
0
0
0
0
0
0
2440
0
29
505
0
10
1019
0
72
1640
0
22
2132
0
41
1330
0
380
248
0
3
251
0
9
980
0
555
2849
0
29
1008
0
93
2438
0
291
2132
0
41
4188
0
0
1410
0
988
152
0
2
343
0
32
1121
0
626
3300
0
419
478
0
467
3328
0
907
1330
0
380
1410
0
988
894
0
662
133
0
16
143
0
82
774
0
690
0
0
0
0
0
0
0
0
0
0
0
0
0
0
0
0
0
0
0
0
0
0
0
0
0
0
0
0
0
0
0
0
0
0
0
0
0
0
0
0
0
0
0
0
0
0
0
0
0
0
0
0
0
0
0
0
0
0
0
0
0
0
0
0
0
0
0
0
0
0
0
0
0
0
0
0
0
0
0
0
0
0
0
0
0
0
0
0
0
0
0
0
0
0
0
0
0
0
0
0
0
0
0
0
0
0
0
0
0
0
0
0
0
0
0
0
0
0
0
0
0
0
0
0
0
0
0
0
0
0
0
0
0
0
0
0
0
0
0
0
0
0
0
0
0
0
0
0
0
0
0
0
0
0
0
0
0
0
0
0
0
0
349
0
4
0
0
0
756
0
44
106
0
0
0
0
0
732
0
52
193
0
2
48
0
0
873
0
65
0
0
0
0
0
0
985
0
43
0
0
0
0
0
0
884
0
36
173
0
6
111
0
21
1274
0
51
0
0
0
0
0
0
0
0
0
86
0
0
182
0
0
329
0
12
87
0
0
28
0
1
557
0
10
0
0
0
0
0
0
0
0
0
0
0
0
0
0
0
0
0
0
0
0
0
0
0
0
0
0
0
0
0
0
0
0
0
0
0
0
0
0
0
0
0
0
0
0
0
0
0
0
0
0
0
0
0
0
0
0
0
0
0
0
0
0
0
0
0
0
0
0
0
0
0
0
0
0
0
0
0
0
0
0
0
49
0
1
0
0
0
0
0
0
31
0
2
0
0
0
0
0
0
8
0
1
0
0
0
0
0
7
0
0
0
0
0
0
0
0
0
0
0
0
0
0
0
0
0
0
0
0
0
0
0
0
0
0
0
690
0
90
260
0
149
2433
0
400
176
0
27
462
0
443
406
0
285
70
0
15
81
0
31
1059
0
332
3994
62
259
68
2
10
677
5
82
26
0
5
0
0
0
6
0
0
221
0
74
35
0
10
123
0
43
1809
92
208
85
0
10
1212
48
154
51
0
20
0
0
0
18
0
5
64
0
14
0
0
0
24
0
0
9362
14
8205
140
0
133
6720
1
2122
138
0
191
0
0
0
283
0
16
295
0
70
1
0
0
301
0
38
566
37
109
35
14
1
604
19
511
0
0
0
0
0
0
0
0
0
0
0
0
0
0
0
0
0
0
394
47
83
51
69
119
1355
139
789
0
0
0
0
0
0
0
0
0
0
0
0
0
0
0
0
0
0
721
8
2463
26
11
290
2976
38
5411
0
0
0
0
0
0
0
0
0
0
0
0
0
0
0
0
0
0
92
28
31
0
1
1
98
4
274
0
0
0
0
0
0
0
0
0
22
0
0
0
0
0
2
0
10
144
47
99
42
0
15
133
12
655
0
0
0
0
0
0
0
0
0
163
0
132
0
0
0
23
0
35
444
19
1571
112
5
152
345
20
4852
0
0
0
0
0
0
0
0
0
58
0
255
0
0
0
73
0
129
624
0
14
32
0
1
173
0
3
248
0
3
152
0
2
133
0
16
372
0
0
249
0
1
601
0
18
492
0
12
73
0
5
203
0
26
251
0
9
343
0
32
143
0
82
249
0
1
152
0
0
252
0
25
3119
0
711
175
0
179
3278
0
471
980
0
555
1121
0
626
774
0
690
601
0
18
252
0
25
3872
0
146
0
0
0
0
0
0
0
0
0
0
0
0
0
0
0
0
0
0
0
0
0
0
0
0
0
0
0
0
0
0
0
0
0
0
0
0
0
0
0
0
0
0
0
0
0
0
0
0
0
0
0
0
0
0
0
0
0
0
0
0
0
0
0
0
0
0
0
0
0
0
0
0
0
0
0
0
0
0
0
0
0
0
0
0
0
0
0
0
0
0
0
0
0
0
0
0
0
0
0
74
0
0
59
0
5
90
0
106
0
0
0
0
0
0
0
0
0
0
0
0
0
0
0
0
0
0
59
0
5
160
0
14
350
0
166
0
0
0
0
0
0
0
0
0
0
0
0
0
0
0
0
0
0
90
0
106
350
0
166
288
0
606
59
0
1
0
0
0
96
0
4
40
0
1
0
0
0
43
0
5
316
0
35
9
0
1
574
0
80
11
0
0
0
0
0
166
0
5
0
0
0
0
0
0
67
0
3
1078
0
0
49
0
0
834
0
23
1
0
233
0
0
0
1
0
137
172
0
30
119
0
3
866
0
127
607
0
2
140
0
0
4497
0
95
0
0
0
0
0
0
0
0
0
0
0
0
0
0
0
0
0
0
0
0
0
0
0
0
0
0
0
0
0
0
0
0
0
0
0
0
0
0
0
0
0
0
0
0
0
0
0
0
0
0
0
0
0
0
0
0
0
0
0
0
0
0
0
0
0
0
0
0
0
0
0
0
0
0
0
0
0
0
0
0
0
25
0
0
0
0
0
1
0
0
2
0
0
0
0
0
0
0
0
30
0
0
4
0
0
130
0
67
0
0
0
0
0
0
0
0
0
0
0
0
0
0
0
0
0
0
35
0
2
15
0
2
397
0
20
525
0
153
106
0
39
1930
0
263
54
0
22
144
0
64
214
0
90
142
0
39
158
0
24
2733
0
802
9335
58
628
12
0
1
1781
6
259
1045
0
162
0
0
0
643
0
201
944
0
208
0
0
0
332
0
680
85
0
6
0
0
0
0
0
0
0
0
0
0
0
0
0
0
0
0
0
0
0
0
0
0
0
0
8980
77
520
233
5
47
38
0
51
59
0
8
0
0
0
0
0
0
49
0
87
0
0
0
1
0
24
9
1
0
0
0
0
0
0
0
0
0
0
0
0
0
0
0
0
0
0
0
0
0
0
0
0
0
0
0
0
0
0
0
0
0
0
0
0
0
0
0
0
0
0
0
0
0
0
0
0
0
0
0
0
1468
11
434
45
1
11
5224
18
1110
0
0
0
0
0
0
0
0
0
0
0
0
0
0
0
0
0
0
14
0
55
0
0
0
1116
46
154
0
0
0
0
0
0
120
0
5
1
0
0
0
0
0
29
0
26
79
0
18
0
0
0
874
81
931
57
0
24
0
0
0
52
0
14
12
0
6
0
0
0
39
0
45
541
25
594
1
0
20
7530
166
2897
167
0
27
0
0
0
303
0
53
92
0
13
0
0
0
262
0
217
216
0
4
6
0
1
0
0
4
349
0
4
0
0
0
0
0
0
59
0
1
11
0
0
1
0
233
48
0
0
0
0
0
0
0
6
0
0
0
0
0
0
0
0
0
0
0
0
0
0
0
0
0
0
858
0
24
251
0
15
0
0
6
756
0
44
985
0
43
0
0
0
96
0
4
166
0
5
1
0
137
0
0
0
0
0
0
0
0
0
0
0
0
0
0
0
0
0
0
0
0
0
0
0
0
0
0
0
0
0
0
0
0
0
0
0
0
0
0
0
0
0
0
0
0
0
0
0
0
0
0
0
0
0
0
0
0
0
0
0
0
0
0
0
0
0
0
0
0
0
0
0
0
0
0
0
0
0
0
0
0
0
19
0
1
0
0
0
533
0
42
49
0
1
0
0
0
690
0
90
25
0
0
0
0
0
525
0
153
0
0
0
0
0
0
134
0
38
0
0
0
0
0
0
260
0
149
0
0
0
0
0
0
106
0
39
0
0
0
0
0
0
3000
0
285
0
0
0
0
0
0
2433
0
400
1
0
0
0
0
0
1930
0
263
22
0
0
0
0
0
121
0
3
2
0
0
0
0
0
74
0
5
18
0
0
1
0
0
59
0
6
0
0
0
0
0
0
16
0
0
0
0
0
0
0
0
0
0
0
1
0
0
0
0
0
3
0
0
121
0
3
16
0
0
0
0
0
17
0
0
4
0
0
0
0
0
34
0
3
6
0
0
0
0
3
0
0
0
0
0
0
0
0
0
0
0
0
0
0
0
0
0
0
0
0
0
0
0
0
0
0
0
0
0
0
0
0
0
0
0
0
0
0
0
0
0
0
0
0
0
0
0
0
0
0
0
0
0
0
0
0
0
0
0
0
0
0
0
0
0
0
0
0
0
0
0
0
0
0
0
0
0
0
0
0
0
36
0
2
0
0
0
127
0
3
27
0
0
0
0
0
284
0
29
21
0
1
0
0
0
361
0
51
0
0
0
0
0
0
65
0
6
0
0
0
0
0
0
61
0
1
0
0
0
0
0
0
58
0
13
127
0
3
65
0
6
604
0
94
48
0
3
147
0
21
961
0
88
36
0
4
37
0
4
1345
0
191
3933
609
196
1
2
1
500
12
30
101
0
4
0
0
0
73
0
15
35
0
9
0
0
0
19
0
18
726
0
7
0
0
0
147
0
0
12
0
1
0
0
0
7
0
0
3
0
0
0
0
0
11
0
3
5627
230
974
64
3
15
2214
1
98
64
0
17
0
0
0
73
0
0
48
0
76
0
0
0
18
0
20
59
8
16
0
0
0
215
29
89
0
0
0
0
0
0
0
0
0
0
0
0
0
0
0
0
0
0
0
0
0
0
0
0
0
0
0
0
0
0
0
0
0
0
0
0
0
0
0
0
0
0
0
0
0
829
198
339
31
19
19
949
93
615
0
0
0
0
0
0
0
0
0
0
0
0
0
0
0
0
0
0
43
2
69
0
0
0
723
176
320
0
0
0
0
0
0
41
0
4
2
0
0
0
0
0
15
0
9
394
0
133
0
0
0
8402
2855
3078
60
0
25
0
0
0
112
0
24
28
0
6
0
0
0
39
0
64
744
99
870
44
3
15
11452
589
5391
16
0
20
0
0
0
172
0
53
24
0
4
0
0
0
72
0
92
128
0
1
0
0
0
88
0
0
106
0
0
0
0
0
86
0
0
40
0
1
0
0
0
172
0
30
81
0
0
0
0
0
73
0
0
0
0
0
0
0
0
182
0
0
0
0
0
0
0
0
119
0
3
1328
0
19
189
0
7
949
0
22
732
0
52
884
0
36
329
0
12
43
0
5
67
0
3
866
0
127
0
0
0
0
0
0
0
0
0
0
0
0
0
0
0
0
0
0
0
0
0
0
0
0
0
0
0
0
0
0
0
0
0
0
0
0
0
0
0
0
0
0
0
0
0
0
0
0
0
0
0
0
0
0
0
0
0
0
0
0
0
0
0
0
0
0
0
0
0
0
0
0
0
0
0
0
0
0
0
0
0
68
0
0
0
0
0
131
0
13
31
0
2
0
0
0
176
0
27
2
0
0
0
0
0
54
0
22
60
0
0
0
0
0
667
0
196
0
0
0
0
0
0
462
0
443
0
0
0
0
0
0
144
0
64
92
0
5
0
0
0
1057
0
267
0
0
0
0
0
0
406
0
285
0
0
0
0
0
0
214
0
90
2
0
0
0
0
0
17
0
0
12
0
0
0
0
0
31
0
0
31
0
0
0
0
0
551
0
6
0
0
0
0
0
0
4
0
0
0
0
0
0
0
0
16
0
0
1
0
0
0
0
0
3183
0
0
74
0
5
0
0
0
0
0
0
31
0
0
16
0
0
154
0
0
37
0
1
9
0
0
325
0
12
0
0
0
0
0
0
0
0
0
0
0
0
0
0
0
0
0
0
0
0
0
0
0
0
0
0
0
0
0
0
0
0
0
0
0
0
0
0
0
0
0
0
0
0
0
0
0
0
0
0
0
0
0
0
0
0
0
0
0
0
0
0
0
0
0
0
0
0
0
0
0
0
0
0
0
0
0
0
0
0
0
27
0
0
0
0
0
48
0
3
2
0
0
0
0
0
47
0
1
3
0
0
0
0
0
45
0
9
0
0
0
0
0
0
147
0
21
0
0
0
0
0
0
115
0
4
2
0
0
0
0
0
176
0
15
284
0
29
61
0
1
961
0
88
47
0
1
115
0
4
478
0
48
31
0
3
13
0
2
996
0
392
7433
61
453
50
1
13
1035
2
108
190
0
56
0
0
0
48
0
17
848
0
153
35
0
5
202
0
69
477
18
56
18
0
3
142
18
3
8
0
1
0
0
0
2
0
0
9
0
3
0
0
0
7
0
0
6685
84
2316
847
4
190
3731
43
708
185
0
35
0
0
0
229
0
22
388
0
73
6
0
2
468
0
12
181
16
50
3
2
0
303
3
106
0
0
0
0
0
0
0
0
0
0
0
0
0
0
0
0
0
0
69
11
13
6
11
21
232
25
172
0
0
0
0
0
0
0
0
0
0
0
0
0
0
0
0
0
0
955
12
593
28
7
29
2043
39
1416
0
0
0
0
0
0
0
0
0
0
0
0
0
0
0
0
0
0
111
4
37
0
0
0
572
18
173
0
0
0
0
0
0
4
0
0
24
0
0
0
0
0
71
0
202
92
0
39
1
0
2
1114
87
355
13
0
4
0
0
0
19
0
1
56
0
6
0
0
0
19
0
12
1954
19
1340
138
19
26
13142
209
6474
97
0
55
0
0
0
394
0
42
358
0
268
0
0
0
894
0
554
290
0
6
14
0
3
156
0
0
193
0
2
173
0
6
87
0
0
316
0
35
1078
0
0
607
0
2
83
0
0
11
0
2
51
0
0
48
0
0
111
0
21
28
0
1
9
0
1
49
0
0
140
0
0
1731
0
109
147
0
34
1757
0
63
873
0
65
1274
0
51
557
0
10
574
0
80
834
0
23
4497
0
95
0
0
0
0
0
0
0
0
0
0
0
0
0
0
0
0
0
0
0
0
0
0
0
0
0
0
0
0
0
0
0
0
0
0
0
0
0
0
0
0
0
0
0
0
0
0
0
0
0
0
0
0
0
0
0
0
0
0
0
0
0
0
0
0
0
0
0
0
0
0
0
0
0
0
0
0
0
0
0
0
0
51
0
1
0
0
0
77
0
16
8
0
1
0
0
0
70
0
15
30
0
0
35
0
2
142
0
39
17
0
0
0
0
0
80
0
20
0
0
0
0
0
0
81
0
31
4
0
0
15
0
2
158
0
24
493
0
4
0
0
0
2232
0
286
0
0
7
0
0
0
1059
0
332
130
0
67
397
0
20
2733
0
802
18
0
0
1
0
0
34
0
3
31
0
0
1
0
0
37
0
1
24
0
0
10
0
0
522
0
9
1
0
0
0
0
0
6
0
0
0
0
0
0
0
0
9
0
0
10
0
0
0
0
0
1605
0
1
59
0
6
3
0
0
0
0
3
551
0
6
3183
0
0
325
0
12
522
0
9
1605
0
1
10192
0
0
0
0
0
0
0
0
0
0
0
0
0
0
0
0
0
0
0
0
0
0
0
0
0
0
0
0
0
0
0
0
0
0
0
0
0
0
0
0
0
0
0
0
0
0
0
0
0
0
0
0
0
0
0
0
0
0
0
0
0
0
0
0
0
0
0
0
0
0
0
0
0
0
0
0
0
0
0
0
0
0
0
21
0
1
0
0
0
36
0
4
3
0
0
2
0
0
31
0
3
16
0
0
7
0
0
478
0
64
0
0
0
0
0
0
37
0
4
0
0
0
0
0
0
13
0
2
7
0
0
0
0
0
3145
0
90
361
0
51
58
0
13
1345
0
191
45
0
9
176
0
15
996
0
392
478
0
64
3145
0
90
12614
0
10382
12582
328
9810
285
164
1650
383
73
620
1459
210
538
521
608
3355
225
67
590
1009
51
891
39
26
94
245
18
769
285
164
1650
28
0
0
7
1
14
26
9
18
0
0
0
0
0
0
14
6
9
0
0
0
4
0
12
383
73
620
7
1
14
24
2
46
41
0
45
1
0
2
15
1
6
96
0
127
0
0
0
38
1
83
4826
132
6636
516
115
1206
818
29
2380
973
74
1051
0
0
0
141
7
241
311
8
726
0
0
0
151
0
1069
516
115
1206
298
120
326
108
19
402
57
35
155
0
0
0
0
0
0
25
15
27
0
0
0
0
0
107
818
29
2380
108
19
402
194
20
560
96
10
332
0
0
0
7
3
26
51
5
145
0
0
0
9
2
243
84
0
980
28
14
209
462
39
5723
11
0
49
0
0
0
187
12
422
6
0
0
0
12
2
30
36
167
28
14
209
10
0
102
20
33
714
3
2
19
0
0
0
2
2
28
1
20
2
0
0
0
0
4
19
462
39
5723
20
33
714
266
26
8376
19
11
409
0
0
0
15
6
423
2
1
103
0
0
0
24
7
522
7959
255
4195
714
163
839
556
68
397
2591
337
734
4475
288
454
1237
62
2117
4270
65
1926
334
18
65
2497
10
1426
225
126
163
50
0
49
1
16
22
122
59
52
283
0
6
48
0
54
134
60
74
25
0
0
73
0
72
914
157
519
168
1690
1802
30
84
172
176
88
119
209
0
72
48
10
139
188
18
203
36
0
7
128
5
289
12169
131
5886
1408
552
3701
1982
243
4387
8945
787
2882
8971
8084
27716
2439
623
12671
1798
123
1046
1267
301
1538
3354
63
12375
3173
126
583
720
469
1134
133
243
893
1457
313
214
5512
6969
5366
330
376
2361
316
111
41
627
336
389
288
54
1810
1790
15
2244
260
104
1369
293
75
1367
318
25
449
1014
1112
3773
233
228
2178
25
2
138
174
56
499
310
24
1842
260
6
1431
191
21
787
960
26
5384
112
15
1402
1258
752
8930
1111
133
7066
158
6
140
492
56
801
946
27
5427
3
0
235
3
0
149
45
21
399
0
0
68
41
0
903
22
51
279
5
0
6
20
0
63
11
31
177
378
14
2423
43
164
1877
416
74
6517
72
244
785
176
3231
17732
359
226
7881
57
2
317
494
82
1079
475
25
6962
2871
249
308
9
9
4
1848
106
121
493
60
182
0
0
0
351
18
34
4988
82
1658
114
19
14
3616
37
1407
35
13
7
0
0
0
28
96
22
10
6
2
0
0
0
20
11
13
207
38
48
22
0
0
149
35
88
323
514
35
16
16
2
1
88
41
19
6
44
0
0
0
5
2
1
288
13
383
6
0
2
235
1
159
1491
3
150
0
0
0
4124
38
1998
136
8
189
0
0
0
1896
144
2153
914
21
324
255
86
417
3800
116
3800
169
0
0
0
0
0
648
57
266
0
0
0
0
0
0
266
57
138
171
12
18
161
72
161
417
86
255
297
0
169
0
0
0
628
8
999
5
0
52
0
0
0
126
8
231
46
0
46
18
12
171
324
21
914
158
0
261
183
18
26
731
22
1321
82
1
163
115
179
134
595
92
1467
159
1
235
88
35
149
1407
37
3616
0
0
20
0
0
0
8
0
61
0
0
0
0
0
0
0
0
41
2
0
6
0
0
22
14
19
114
696
144
417
166
1642
770
1111
229
1698
125
146
145
137
73
27
343
100
1825
383
13
288
48
38
207
1658
82
4988
1459
210
538
26
9
18
41
0
45
328
60
120
25
116
38
76
28
46
367
106
300
3
7
8
82
39
307
521
608
3355
0
0
0
1
0
2
25
116
38
0
0
0
0
0
0
3
155
28
0
0
0
0
0
17
225
67
590
0
0
0
15
1
6
76
28
46
0
0
0
38
6
4
123
61
104
0
0
0
19
9
67
973
74
1051
57
35
155
96
10
332
354
68
686
0
0
0
136
23
311
361
53
622
0
0
0
44
34
411
0
0
0
0
0
0
0
0
0
0
0
0
0
0
0
0
0
0
0
0
0
0
0
0
0
0
0
141
7
241
0
0
0
7
3
26
136
23
311
0
0
0
8
0
8
66
37
227
0
0
0
3
0
152
11
0
49
3
2
19
19
11
409
0
0
10
0
0
0
5
11
19
0
0
1
0
0
0
1
103
25
0
0
0
0
0
0
0
0
0
0
0
0
0
0
0
0
0
0
0
0
0
0
0
0
0
0
0
187
12
422
2
2
28
15
6
423
5
11
19
0
0
0
6
2
124
0
8
4
0
0
0
0
9
22
2021
340
627
80
0
24
134
2
46
659
198
290
1253
0
293
394
56
529
1729
182
497
331
0
75
1702
13
1130
245
316
152
0
0
0
0
0
0
61
255
263
0
0
0
0
0
0
62
584
105
0
0
0
0
0
112
265
325
83
0
0
0
31
11
26
85
187
111
0
0
0
185
11
102
160
92
36
0
0
0
283
137
197
3051
44
2825
283
176
714
844
121
1500
4517
101
2286
2676
2773
11861
1258
459
3051
642
70
195
527
214
1135
2335
247
7125
0
0
0
0
0
0
0
0
0
0
0
0
0
0
0
0
0
0
0
0
0
0
0
0
0
0
0
1047
0
0
0
0
0
3
13
140
0
0
0
0
0
0
104
185
1501
0
0
0
0
0
0
54
18
287
51
0
96
52
21
113
70
13
571
0
0
75
66
252
545
36
20
174
2
0
12
15
15
71
16
42
291
0
0
0
0
0
0
0
0
0
0
0
0
0
0
0
0
0
0
0
0
0
0
0
0
0
0
0
195
5
322
27
32
99
30
26
708
22
20
79
88
384
442
77
165
292
2
1
22
6
18
28
23
16
527
386
401
47
0
0
0
7
132
6
108
37
32
0
0
0
43
7
13
1825
100
343
41
0
0
1467
92
595
42
0
7
0
0
0
7
208
12
0
0
4
0
0
0
2
4
17
27
73
137
0
0
0
134
179
115
139
862
15
0
0
0
0
2
0
10
101
55
0
0
0
6
0
1
145
146
125
0
0
0
163
1
82
890
0
32
0
0
0
287
9
196
0
0
2
0
0
0
1067
30
1067
231
8
126
138
57
266
2153
144
1896
0
0
0
0
0
0
0
0
0
0
0
0
0
0
0
0
0
0
0
0
0
0
0
0
0
0
0
21
0
0
0
0
0
72
0
62
0
0
0
0
0
0
2
0
0
52
0
5
0
0
0
189
8
136
27
0
13
6
0
0
20
1
49
1
0
6
17
4
2
13
7
43
1
2
5
13
11
20
34
18
351
0
0
0
0
0
0
0
0
0
0
0
0
0
0
0
0
0
0
0
0
0
0
0
0
0
0
0
417
178
53
1
0
0
77
256
134
55
101
10
4
0
0
32
37
108
44
6
19
2
6
10
182
60
493
1009
51
891
14
6
9
96
0
127
367
106
300
3
155
28
123
61
104
530
380
436
2
20
4
172
35
231
39
26
94
0
0
0
0
0
0
3
7
8
0
0
0
0
0
0
2
20
4
0
0
0
0
0
3
245
18
769
4
0
12
38
1
83
82
39
307
0
0
17
19
9
67
172
35
231
0
0
3
74
14
74
311
8
726
25
15
27
51
5
145
361
53
622
0
0
0
66
37
227
166
14
792
0
0
0
69
4
764
0
0
0
0
0
0
0
0
0
0
0
0
0
0
0
0
0
0
0
0
0
0
0
0
0
0
0
151
0
1069
0
0
107
9
2
243
44
34
411
0
0
0
3
0
152
69
4
764
0
0
0
2
0
150
6
0
0
1
20
2
2
1
103
0
0
1
0
0
0
0
8
4
2
120
0
1
42
1
7
120
264
0
12
2
0
0
0
0
0
0
0
0
0
0
0
0
0
0
0
1
42
1
0
0
0
0
0
3
30
36
167
0
4
19
24
7
522
1
103
25
0
0
0
0
9
22
7
120
264
0
0
3
4
0
210
1347
19
1088
122
0
65
391
2
161
1401
428
1145
3499
0
1004
356
246
1210
1867
437
1248
307
0
114
2066
6
1417
27
1
38
0
0
0
0
0
0
9
54
95
0
0
0
0
0
0
118
446
76
0
0
0
0
0
9
572
16
1127
15
0
64
24
7
158
617
1439
796
304
0
544
259
1
799
332
238
377
52
0
0
275
9
203
1763
2
2036
137
74
377
425
11
557
4711
159
2194
7693
4714
14098
597
1359
2328
1401
70
1394
544
191
2623
1530
83
13207
0
0
0
0
0
0
0
0
0
0
0
0
0
0
0
0
0
0
0
0
0
0
0
0
0
0
0
479
0
2214
0
0
348
50
3
831
387
0
1422
0
0
4810
39
236
1322
78
0
586
3
0
455
60
14
2867
7
0
0
0
75
7
7
1
120
1
0
6
13
3944
107
11
19
38
37
186
1
31
148
82
27
108
546
0
0
0
0
0
0
0
0
0
0
0
0
0
0
0
0
0
0
6
125
18
0
0
0
1
0
33
54
2
82
3
13
101
20
15
397
5
90
96
20
1416
661
11
2039
140
24
729
324
4
40
108
56
167
1154
49
11
7
0
0
0
2
0
2
134
256
77
0
0
0
49
1
20
1698
229
1111
61
0
8
1321
22
731
2
0
3
0
0
0
0
1
0
0
0
1
0
0
0
0
0
6
770
1642
166
0
0
0
26
18
183
26
0
119
0
0
0
0
2
9
53
178
417
0
0
0
13
0
27
417
144
696
20
0
0
261
0
158
88
0
5
0
0
0
10
0
10
62
0
72
0
0
0
196
9
287
999
8
628
266
57
648
1998
38
4124
0
0
0
0
0
0
0
0
0
0
0
0
0
0
0
0
0
0
0
0
0
0
0
0
0
0
0
71
0
71
0
0
0
5
0
88
0
0
21
0
0
0
32
0
890
169
0
297
0
0
169
150
3
1491
9
2
0
0
1
0
2
0
2
0
2
0
12
208
7
6
132
7
41
88
1
22
96
28
121
106
1848
0
0
0
0
0
0
0
0
0
0
0
0
0
0
0
0
0
0
2
16
16
0
0
0
4
9
9
119
0
26
3
0
2
7
11
49
15
862
139
7
0
42
47
401
386
35
514
323
7
13
35
308
249
2871
7959
255
4195
225
126
163
914
157
519
2021
340
627
245
316
152
265
325
83
1347
19
1088
27
1
38
572
16
1127
714
163
839
50
0
49
168
1690
1802
80
0
24
0
0
0
0
0
0
122
0
65
0
0
0
15
0
64
556
68
397
1
16
22
30
84
172
134
2
46
0
0
0
31
11
26
391
2
161
0
0
0
24
7
158
12169
131
5886
3173
126
583
1790
15
2244
3051
44
2825
0
0
0
1047
0
0
1763
2
2036
0
0
0
479
0
2214
1408
552
3701
720
469
1134
260
104
1369
283
176
714
0
0
0
0
0
0
137
74
377
0
0
0
0
0
348
1982
243
4387
133
243
893
293
75
1367
844
121
1500
0
0
0
3
13
140
425
11
557
0
0
0
50
3
831
260
6
1431
3
0
235
378
14
2423
51
0
96
0
0
0
195
5
322
7
0
0
0
0
0
54
2
82
191
21
787
3
0
149
43
164
1877
52
21
113
0
0
0
27
32
99
0
75
7
0
0
0
3
13
101
960
26
5384
45
21
399
416
74
6517
70
13
571
0
0
0
30
26
708
7
1
120
0
0
0
20
15
397
7432
262
538
754
230
208
1323
583
411
2507
135
164
4386
5416
193
2627
586
741
7022
32
624
978
150
53
5735
20
1514
754
230
208
180
0
188
111
503
529
408
112
64
1208
0
62
315
0
190
575
58
168
174
0
15
672
0
435
1323
583
411
111
503
529
42
150
452
238
21
81
261
0
229
317
33
223
422
8
106
42
0
42
475
6
660
61534
332
2694
17144
487
2808
9527
109
7021
30308
3192
1330
111861
12742
17358
20965
516
41176
5619
117
605
11314
310
1020
20836
50
20836
17144
487
2808
4406
2230
4470
462
961
3907
9737
1123
2605
35295
39861
36706
2184
1927
16356
1212
453
312
2102
1374
2102
1020
310
11314
9527
109
7021
462
961
3907
248
584
4030
2065
206
2815
5110
17343
23010
1474
1637
10683
171
38
171
312
453
1212
605
117
5619
1296
20
9558
86
0
1839
807
63
6733
5590
264
2310
2153
0
13899
1410
99
5740
660
6
475
435
0
672
1514
20
5735
86
0
1839
0
0
328
117
56
978
712
0
831
17
0
4070
81
231
1411
42
0
42
15
0
174
53
150
978
807
63
6733
117
56
978
648
46
9174
685
1205
1772
860
1843
10795
399
243
7591
106
8
422
168
58
575
624
32
7022
1154
167
56
33
0
1
546
108
27
527
16
23
0
0
0
291
42
16
6962
25
475
177
31
11
5427
27
946
108
40
4
0
0
0
82
148
31
28
18
6
0
0
0
71
15
15
1079
82
494
63
0
20
801
56
492
324
729
24
18
125
6
1
186
37
22
1
2
0
0
0
12
0
2
317
2
57
6
0
5
140
6
158
2867
14
60
0
0
0
13207
83
1530
287
18
54
0
0
0
7125
247
2335
1842
24
310
1810
54
288
12375
63
3354
455
0
3
0
0
0
2623
191
544
0
0
0
0
0
0
1135
214
527
499
56
174
389
336
627
1538
301
1267
586
0
78
0
0
0
1394
70
1401
0
0
0
0
0
0
195
70
642
138
2
25
41
111
316
1046
123
1798
203
9
275
9
0
0
1417
6
2066
197
137
283
112
0
0
1130
13
1702
289
5
128
72
0
73
1426
10
2497
0
0
52
0
0
0
114
0
307
0
0
0
0
0
0
75
0
331
7
0
36
0
0
25
65
18
334
377
238
332
76
446
118
1248
437
1867
36
92
160
105
584
62
497
182
1729
203
18
188
74
60
134
1926
65
4270
2591
337
734
122
59
52
176
88
119
659
198
290
61
255
263
85
187
111
1401
428
1145
9
54
95
617
1439
796
4475
288
454
283
0
6
209
0
72
1253
0
293
0
0
0
0
0
0
3499
0
1004
0
0
0
304
0
544
1237
62
2117
48
0
54
48
10
139
394
56
529
0
0
0
185
11
102
356
246
1210
0
0
0
259
1
799
8945
787
2882
1457
313
214
318
25
449
4517
101
2286
0
0
0
0
0
0
4711
159
2194
0
0
0
387
0
1422
8971
8084
27716
5512
6969
5366
1014
1112
3773
2676
2773
11861
0
0
0
0
0
0
7693
4714
14098
0
0
0
0
0
4810
2439
623
12671
330
376
2361
233
228
2178
1258
459
3051
0
0
0
104
185
1501
597
1359
2328
0
0
0
39
236
1322
112
15
1402
0
0
68
72
244
785
0
0
75
0
0
0
22
20
79
1
0
6
0
0
0
5
90
96
1258
752
8930
41
0
903
176
3231
17732
66
252
545
0
0
0
88
384
442
13
3944
107
0
0
0
20
1416
661
1111
133
7066
22
51
279
359
226
7881
36
20
174
0
0
0
77
165
292
11
19
38
0
0
0
11
2039
140
2507
135
164
408
112
64
238
21
81
2408
136
140
4756
1830
317
2014
260
927
7591
243
399
1411
231
81
5740
99
1410
4386
5416
193
1208
0
62
261
0
229
4756
1830
317
16484
0
0
5977
0
2587
10795
1843
860
4070
0
17
13899
0
2153
2627
586
741
315
0
190
317
33
223
2014
260
927
5977
0
2587
914
532
3566
1772
1205
685
831
0
712
2310
264
5590
30308
3192
1330
9737
1123
2605
2065
206
2815
19808
3656
2262
156277
36055
41573
38106
848
38106
10683
1637
1474
16356
1927
2184
41176
516
20965
111861
12742
17358
35295
39861
36706
5110
17343
23010
156277
36055
41573
504436
0
504436
41573
36055
156277
23010
17343
5110
36706
39861
35295
17358
12742
111861
20965
516
41176
2184
1927
16356
1474
1637
10683
38106
848
38106
41573
36055
156277
2262
3656
19808
2815
206
2065
2605
1123
9737
1330
3192
30308
5590
264
2310
712
0
831
685
1205
1772
3566
532
914
2587
0
5977
927
260
2014
223
33
317
190
0
315
741
586
2627
2153
0
13899
17
0
4070
860
1843
10795
2587
0
5977
0
0
16484
317
1830
4756
229
0
261
62
0
1208
193
5416
4386
1410
99
5740
81
231
1411
399
243
7591
927
260
2014
317
1830
4756
140
136
2408
81
21
238
64
112
408
164
135
2507
140
2039
11
0
0
0
38
19
11
292
165
77
0
0
0
174
20
36
7881
226
359
279
51
22
7066
133
1111
661
1416
20
0
0
0
107
3944
13
442
384
88
0
0
0
545
252
66
17732
3231
176
903
0
41
8930
752
1258
96
90
5
0
0
0
6
0
1
79
20
22
0
0
0
75
0
0
785
244
72
68
0
0
1402
15
112
1322
236
39
0
0
0
2328
1359
597
1501
185
104
0
0
0
3051
459
1258
2178
228
233
2361
376
330
12671
623
2439
4810
0
0
0
0
0
14098
4714
7693
0
0
0
0
0
0
11861
2773
2676
3773
1112
1014
5366
6969
5512
27716
8084
8971
1422
0
387
0
0
0
2194
159
4711
0
0
0
0
0
0
2286
101
4517
449
25
318
214
313
1457
2882
787
8945
799
1
259
0
0
0
1210
246
356
102
11
185
0
0
0
529
56
394
139
10
48
54
0
48
2117
62
1237
544
0
304
0
0
0
1004
0
3499
0
0
0
0
0
0
293
0
1253
72
0
209
6
0
283
454
288
4475
796
1439
617
95
54
9
1145
428
1401
111
187
85
263
255
61
290
198
659
119
88
176
52
59
122
734
337
2591
4270
65
1926
134
60
74
188
18
203
1729
182
497
62
584
105
160
92
36
1867
437
1248
118
446
76
332
238
377
334
18
65
25
0
0
36
0
7
331
0
75
0
0
0
0
0
0
307
0
114
0
0
0
52
0
0
2497
10
1426
73
0
72
128
5
289
1702
13
1130
0
0
112
283
137
197
2066
6
1417
0
0
9
275
9
203
1798
123
1046
316
111
41
25
2
138
642
70
195
0
0
0
0
0
0
1401
70
1394
0
0
0
78
0
586
1267
301
1538
627
336
389
174
56
499
527
214
1135
0
0
0
0
0
0
544
191
2623
0
0
0
3
0
455
3354
63
12375
288
54
1810
310
24
1842
2335
247
7125
0
0
0
54
18
287
1530
83
13207
0
0
0
60
14
2867
158
6
140
5
0
6
57
2
317
2
0
12
0
0
0
2
1
22
37
186
1
6
125
18
24
729
324
492
56
801
20
0
63
494
82
1079
15
15
71
0
0
0
6
18
28
31
148
82
0
0
0
4
40
108
946
27
5427
11
31
177
475
25
6962
16
42
291
0
0
0
23
16
527
27
108
546
1
0
33
56
167
1154
7022
32
624
575
58
168
422
8
106
7591
243
399
10795
1843
860
1772
1205
685
9174
46
648
978
56
117
6733
63
807
978
150
53
174
0
15
42
0
42
1411
231
81
4070
0
17
831
0
712
978
56
117
328
0
0
1839
0
86
5735
20
1514
672
0
435
475
6
660
5740
99
1410
13899
0
2153
2310
264
5590
6733
63
807
1839
0
86
9558
20
1296
5619
117
605
1212
453
312
171
38
171
10683
1637
1474
23010
17343
5110
2815
206
2065
4030
584
248
3907
961
462
7021
109
9527
11314
310
1020
2102
1374
2102
312
453
1212
16356
1927
2184
36706
39861
35295
2605
1123
9737
3907
961
462
4470
2230
4406
2808
487
17144
20836
50
20836
1020
310
11314
605
117
5619
41176
516
20965
17358
12742
111861
1330
3192
30308
7021
109
9527
2808
487
17144
2694
332
61534
660
6
475
42
0
42
106
8
422
223
33
317
229
0
261
81
21
238
452
150
42
529
503
111
411
583
1323
435
0
672
15
0
174
168
58
575
190
0
315
62
0
1208
64
112
408
529
503
111
188
0
180
208
230
754
1514
20
5735
53
150
978
624
32
7022
741
586
2627
193
5416
4386
164
135
2507
411
583
1323
208
230
754
538
262
7432
397
15
20
0
0
0
120
1
7
708
26
30
0
0
0
571
13
70
6517
74
416
399
21
45
5384
26
960
101
13
3
0
0
0
7
75
0
99
32
27
0
0
0
113
21
52
1877
164
43
149
0
3
787
21
191
82
2
54
0
0
0
0
0
7
322
5
195
0
0
0
96
0
51
2423
14
378
235
0
3
1431
6
260
831
3
50
0
0
0
557
11
425
140
13
3
0
0
0
1500
121
844
1367
75
293
893
243
133
4387
243
1982
348
0
0
0
0
0
377
74
137
0
0
0
0
0
0
714
176
283
1369
104
260
1134
469
720
3701
552
1408
2214
0
479
0
0
0
2036
2
1763
0
0
1047
0
0
0
2825
44
3051
2244
15
1790
583
126
3173
5886
131
12169
158
7
24
0
0
0
161
2
391
26
11
31
0
0
0
46
2
134
172
84
30
22
16
1
397
68
556
64
0
15
0
0
0
65
0
122
0
0
0
0
0
0
24
0
80
1802
1690
168
49
0
50
839
163
714
1127
16
572
38
1
27
1088
19
1347
83
325
265
152
316
245
627
340
2021
519
157
914
163
126
225
4195
255
7959
2871
249
308
35
13
7
323
514
35
386
401
47
42
0
7
139
862
15
49
11
7
2
0
3
26
0
119
9
9
4
0
0
0
16
16
2
0
0
0
0
0
0
0
0
0
0
0
0
0
0
0
0
0
0
1848
106
121
28
96
22
1
88
41
7
132
6
7
208
12
0
2
0
2
0
2
0
1
0
0
2
9
1491
3
150
169
0
0
297
0
169
890
0
32
0
0
0
21
0
0
88
0
5
0
0
0
71
0
71
0
0
0
0
0
0
0
0
0
0
0
0
0
0
0
0
0
0
0
0
0
0
0
0
0
0
0
4124
38
1998
648
57
266
628
8
999
287
9
196
0
0
0
72
0
62
10
0
10
0
0
0
5
0
88
158
0
261
0
0
20
696
144
417
27
0
13
0
0
0
417
178
53
9
2
0
0
0
0
119
0
26
183
18
26
0
0
0
166
1642
770
6
0
0
0
0
0
1
0
0
0
1
0
0
0
0
3
0
2
731
22
1321
8
0
61
1111
229
1698
20
1
49
0
0
0
77
256
134
2
0
2
0
0
0
7
11
49
1154
167
56
108
40
4
324
729
24
140
2039
11
661
1416
20
96
90
5
397
15
20
101
13
3
82
2
54
33
0
1
0
0
0
18
125
6
0
0
0
0
0
0
0
0
0
0
0
0
0
0
0
0
0
0
546
108
27
82
148
31
1
186
37
38
19
11
107
3944
13
6
0
1
120
1
7
7
75
0
0
0
7
2867
14
60
455
0
3
586
0
78
1322
236
39
4810
0
0
1422
0
387
831
3
50
348
0
0
2214
0
479
0
0
0
0
0
0
0
0
0
0
0
0
0
0
0
0
0
0
0
0
0
0
0
0
0
0
0
13207
83
1530
2623
191
544
1394
70
1401
2328
1359
597
14098
4714
7693
2194
159
4711
557
11
425
377
74
137
2036
2
1763
203
9
275
0
0
52
377
238
332
799
1
259
544
0
304
796
1439
617
158
7
24
64
0
15
1127
16
572
9
0
0
0
0
0
76
446
118
0
0
0
0
0
0
95
54
9
0
0
0
0
0
0
38
1
27
1417
6
2066
114
0
307
1248
437
1867
1210
246
356
1004
0
3499
1145
428
1401
161
2
391
65
0
122
1088
19
1347
210
0
4
3
0
0
264
120
7
22
9
0
0
0
0
25
103
1
522
7
24
19
4
0
167
36
30
3
0
0
0
0
0
1
42
1
0
0
0
0
0
0
0
0
0
0
0
0
0
0
0
2
12
0
264
120
7
1
42
1
0
120
2
4
8
0
0
0
0
1
0
0
103
1
2
2
20
1
0
0
6
150
0
2
0
0
0
764
4
69
152
0
3
0
0
0
411
34
44
243
2
9
107
0
0
1069
0
151
0
0
0
0
0
0
0
0
0
0
0
0
0
0
0
0
0
0
0
0
0
0
0
0
0
0
0
764
4
69
0
0
0
792
14
166
227
37
66
0
0
0
622
53
361
145
5
51
27
15
25
726
8
311
74
14
74
3
0
0
231
35
172
67
9
19
17
0
0
307
39
82
83
1
38
12
0
4
769
18
245
3
0
0
0
0
0
4
20
2
0
0
0
0
0
0
8
7
3
0
0
0
0
0
0
94
26
39
231
35
172
4
20
2
436
380
530
104
61
123
28
155
3
300
106
367
127
0
96
9
6
14
891
51
1009
493
60
182
10
6
2
19
6
44
108
37
32
0
0
4
10
101
55
134
256
77
0
0
1
53
178
417
0
0
0
0
0
0
0
0
0
0
0
0
0
0
0
0
0
0
0
0
0
0
0
0
0
0
0
351
18
34
20
11
13
5
2
1
43
7
13
2
4
17
6
0
1
49
1
20
0
0
6
13
0
27
136
8
189
0
0
0
5
0
52
0
0
2
0
0
0
0
0
0
62
0
72
0
0
0
0
0
21
0
0
0
0
0
0
0
0
0
0
0
0
0
0
0
0
0
0
0
0
0
0
0
0
0
0
0
1896
144
2153
266
57
138
126
8
231
1067
30
1067
0
0
0
2
0
0
196
9
287
0
0
0
32
0
890
82
1
163
0
0
0
125
146
145
1
0
6
0
0
0
55
101
10
0
2
0
0
0
0
15
862
139
115
179
134
0
0
0
137
73
27
17
4
2
0
0
0
4
0
0
12
208
7
0
0
0
7
0
42
595
92
1467
0
0
41
343
100
1825
13
7
43
0
0
0
32
37
108
6
132
7
0
0
0
47
401
386
527
16
23
28
18
6
22
1
2
292
165
77
442
384
88
79
20
22
708
26
30
99
32
27
322
5
195
0
0
0
0
0
0
0
0
0
0
0
0
0
0
0
0
0
0
0
0
0
0
0
0
0
0
0
291
42
16
71
15
15
12
0
2
174
20
36
545
252
66
75
0
0
571
13
70
113
21
52
96
0
51
287
18
54
0
0
0
0
0
0
1501
185
104
0
0
0
0
0
0
140
13
3
0
0
0
0
0
1047
0
0
0
0
0
0
0
0
0
0
0
0
0
0
0
0
0
0
0
0
0
0
0
0
0
0
0
7125
247
2335
1135
214
527
195
70
642
3051
459
1258
11861
2773
2676
2286
101
4517
1500
121
844
714
176
283
2825
44
3051
197
137
283
0
0
0
36
92
160
102
11
185
0
0
0
111
187
85
26
11
31
0
0
0
83
325
265
112
0
0
0
0
0
105
584
62
0
0
0
0
0
0
263
255
61
0
0
0
0
0
0
152
316
245
1130
13
1702
75
0
331
497
182
1729
529
56
394
293
0
1253
290
198
659
46
2
134
24
0
80
627
340
2021
22
9
0
0
0
0
4
8
0
124
2
6
0
0
0
19
11
5
423
6
15
28
2
2
422
12
187
0
0
0
0
0
0
0
0
0
0
0
0
0
0
0
0
0
0
0
0
0
0
0
0
0
0
0
25
103
1
0
0
0
1
0
0
19
11
5
0
0
0
10
0
0
409
11
19
19
2
3
49
0
11
152
0
3
0
0
0
227
37
66
8
0
8
0
0
0
311
23
136
26
3
7
0
0
0
241
7
141
0
0
0
0
0
0
0
0
0
0
0
0
0
0
0
0
0
0
0
0
0
0
0
0
0
0
0
411
34
44
0
0
0
622
53
361
311
23
136
0
0
0
686
68
354
332
10
96
155
35
57
1051
74
973
67
9
19
0
0
0
104
61
123
4
6
38
0
0
0
46
28
76
6
1
15
0
0
0
590
67
225
17
0
0
0
0
0
28
155
3
0
0
0
0
0
0
38
116
25
2
0
1
0
0
0
3355
608
521
307
39
82
8
7
3
300
106
367
46
28
76
38
116
25
120
60
328
45
0
41
18
9
26
538
210
1459
4988
82
1658
207
38
48
288
13
383
1825
100
343
27
73
137
145
146
125
1698
229
1111
770
1642
166
417
144
696
114
19
14
22
0
0
6
0
2
41
0
0
0
0
0
0
0
0
61
0
8
0
0
0
20
0
0
3616
37
1407
149
35
88
235
1
159
1467
92
595
134
179
115
163
1
82
1321
22
731
26
18
183
261
0
158
914
21
324
171
12
18
46
0
46
231
8
126
0
0
0
52
0
5
999
8
628
0
0
0
169
0
297
255
86
417
161
72
161
18
12
171
138
57
266
0
0
0
0
0
0
266
57
648
0
0
0
0
0
169
3800
116
3800
417
86
255
324
21
914
2153
144
1896
0
0
0
189
8
136
1998
38
4124
0
0
0
150
3
1491
159
1
235
2
0
6
383
13
288
1
2
5
0
0
0
44
6
19
41
88
1
2
16
16
35
514
323
88
35
149
0
0
22
48
38
207
13
11
20
0
0
0
2
6
10
22
96
28
0
0
0
7
13
35
1407
37
3616
14
19
114
1658
82
4988
34
18
351
0
0
0
182
60
493
121
106
1848
4
9
9
308
249
2871
6962
25
475
1079
82
494
317
2
57
7881
226
359
17732
3231
176
785
244
72
6517
74
416
1877
164
43
2423
14
378
177
31
11
63
0
20
6
0
5
279
51
22
903
0
41
68
0
0
399
21
45
149
0
3
235
0
3
5427
27
946
801
56
492
140
6
158
7066
133
1111
8930
752
1258
1402
15
112
5384
26
960
787
21
191
1431
6
260
1842
24
310
499
56
174
138
2
25
2178
228
233
3773
1112
1014
449
25
318
1367
75
293
1369
104
260
2244
15
1790
1810
54
288
389
336
627
41
111
316
2361
376
330
5366
6969
5512
214
313
1457
893
243
133
1134
469
720
583
126
3173
12375
63
3354
1538
301
1267
1046
123
1798
12671
623
2439
27716
8084
8971
2882
787
8945
4387
243
1982
3701
552
1408
5886
131
12169
289
5
128
7
0
36
203
18
188
139
10
48
72
0
209
119
88
176
172
84
30
1802
1690
168
519
157
914
72
0
73
0
0
25
74
60
134
54
0
48
6
0
283
52
59
122
22
16
1
49
0
50
163
126
225
1426
10
2497
65
18
334
1926
65
4270
2117
62
1237
454
288
4475
734
337
2591
397
68
556
839
163
714
4195
255
7959
522
7
24
0
0
0
103
1
2
423
6
15
0
0
0
409
11
19
8376
26
266
714
33
20
5723
39
462
19
4
0
0
0
0
2
20
1
28
2
2
0
0
0
19
2
3
714
33
20
102
0
10
209
14
28
167
36
30
2
12
0
0
0
6
422
12
187
0
0
0
49
0
11
5723
39
462
209
14
28
980
0
84
243
2
9
0
0
0
145
5
51
26
3
7
0
0
0
332
10
96
560
20
194
402
19
108
2380
29
818
107
0
0
0
0
0
27
15
25
0
0
0
0
0
0
155
35
57
402
19
108
326
120
298
1206
115
516
1069
0
151
0
0
0
726
8
311
241
7
141
0
0
0
1051
74
973
2380
29
818
1206
115
516
6636
132
4826
83
1
38
0
0
0
127
0
96
6
1
15
2
0
1
45
0
41
46
2
24
14
1
7
620
73
383
12
0
4
0
0
0
9
6
14
0
0
0
0
0
0
18
9
26
14
1
7
0
0
28
1650
164
285
769
18
245
94
26
39
891
51
1009
590
67
225
3355
608
521
538
210
1459
620
73
383
1650
164
285
9810
328
12582
10382
0
12614
90
0
3145
64
0
478
392
0
996
15
0
176
9
0
45
191
0
1345
13
0
58
51
0
361
90
0
3145
0
0
0
0
0
7
2
0
13
0
0
0
0
0
0
4
0
37
0
0
0
0
0
0
64
0
478
0
0
7
0
0
16
3
0
31
0
0
2
0
0
3
4
0
36
0
0
0
1
0
21
0
0
0
0
0
0
0
0
0
0
0
0
0
0
0
0
0
0
0
0
0
0
0
0
0
0
0
0
0
0
0
0
0
0
0
0
0
0
0
0
0
0
0
0
0
0
0
0
0
0
0
0
0
0
0
0
0
0
0
0
0
0
0
0
0
0
0
0
0
0
0
0
0
0
0
0
0
0
0
0
0
0
0
10192
1
0
1605
9
0
522
12
0
325
0
0
3183
6
0
551
3
0
0
0
0
3
6
0
59
1
0
1605
0
0
0
0
0
10
0
0
9
0
0
0
0
0
0
0
0
6
0
0
0
0
0
1
9
0
522
0
0
10
0
0
24
1
0
37
0
0
1
0
0
31
3
0
34
0
0
1
0
0
18
802
0
2733
20
0
397
67
0
130
332
0
1059
0
0
0
7
0
0
286
0
2232
0
0
0
4
0
493
24
0
158
2
0
15
0
0
4
31
0
81
0
0
0
0
0
0
20
0
80
0
0
0
0
0
17
39
0
142
2
0
35
0
0
30
15
0
70
0
0
0
1
0
8
16
0
77
0
0
0
1
0
51
0
0
0
0
0
0
0
0
0
0
0
0
0
0
0
0
0
0
0
0
0
0
0
0
0
0
0
0
0
0
0
0
0
0
0
0
0
0
0
0
0
0
0
0
0
0
0
0
0
0
0
0
0
0
0
0
0
0
0
0
0
0
0
0
0
0
0
0
0
0
0
0
0
0
0
0
0
0
0
0
0
95
0
4497
23
0
834
80
0
574
10
0
557
51
0
1274
65
0
873
63
0
1757
34
0
147
109
0
1731
0
0
140
0
0
49
1
0
9
1
0
28
21
0
111
0
0
48
0
0
51
2
0
11
0
0
83
2
0
607
0
0
1078
35
0
316
0
0
87
6
0
173
2
0
193
0
0
156
3
0
14
6
0
290
554
0
894
0
0
0
268
0
358
42
0
394
0
0
0
55
0
97
6474
209
13142
26
19
138
1340
19
1954
12
0
19
0
0
0
6
0
56
1
0
19
0
0
0
4
0
13
355
87
1114
2
0
1
39
0
92
202
0
71
0
0
0
0
0
24
0
0
4
0
0
0
0
0
0
173
18
572
0
0
0
37
4
111
0
0
0
0
0
0
0
0
0
0
0
0
0
0
0
0
0
0
1416
39
2043
29
7
28
593
12
955
0
0
0
0
0
0
0
0
0
0
0
0
0
0
0
0
0
0
172
25
232
21
11
6
13
11
69
0
0
0
0
0
0
0
0
0
0
0
0
0
0
0
0
0
0
106
3
303
0
2
3
50
16
181
12
0
468
2
0
6
73
0
388
22
0
229
0
0
0
35
0
185
708
43
3731
190
4
847
2316
84
6685
0
0
7
0
0
0
3
0
9
0
0
2
0
0
0
1
0
8
3
18
142
3
0
18
56
18
477
69
0
202
5
0
35
153
0
848
17
0
48
0
0
0
56
0
190
108
2
1035
13
1
50
453
61
7433
392
0
996
2
0
13
3
0
31
48
0
478
4
0
115
1
0
47
88
0
961
1
0
61
29
0
284
15
0
176
0
0
0
0
0
2
4
0
115
0
0
0
0
0
0
21
0
147
0
0
0
0
0
0
9
0
45
0
0
0
0
0
3
1
0
47
0
0
0
0
0
2
3
0
48
0
0
0
0
0
27
0
0
0
0
0
0
0
0
0
0
0
0
0
0
0
0
0
0
0
0
0
0
0
0
0
0
0
0
0
0
0
0
0
0
0
0
0
0
0
0
0
0
0
0
0
0
0
0
0
0
0
0
0
0
0
0
0
0
0
0
0
0
0
0
0
0
0
0
0
0
0
0
0
0
0
0
0
0
0
0
0
12
0
325
0
0
9
1
0
37
0
0
154
0
0
16
0
0
31
0
0
0
0
0
0
5
0
74
0
0
3183
0
0
0
0
0
1
0
0
16
0
0
0
0
0
0
0
0
4
0
0
0
0
0
0
6
0
551
0
0
0
0
0
31
0
0
31
0
0
0
0
0
12
0
0
17
0
0
0
0
0
2
90
0
214
0
0
0
0
0
0
285
0
406
0
0
0
0
0
0
267
0
1057
0
0
0
5
0
92
64
0
144
0
0
0
0
0
0
443
0
462
0
0
0
0
0
0
196
0
667
0
0
0
0
0
60
22
0
54
0
0
0
0
0
2
27
0
176
0
0
0
2
0
31
13
0
131
0
0
0
0
0
68
0
0
0
0
0
0
0
0
0
0
0
0
0
0
0
0
0
0
0
0
0
0
0
0
0
0
0
0
0
0
0
0
0
0
0
0
0
0
0
0
0
0
0
0
0
0
0
0
0
0
0
0
0
0
0
0
0
0
0
0
0
0
0
0
0
0
0
0
0
0
0
0
0
0
0
0
0
0
0
0
0
127
0
866
3
0
67
5
0
43
12
0
329
36
0
884
52
0
732
22
0
949
7
0
189
19
0
1328
3
0
119
0
0
0
0
0
0
0
0
182
0
0
0
0
0
0
0
0
73
0
0
0
0
0
81
30
0
172
0
0
0
1
0
40
0
0
86
0
0
0
0
0
106
0
0
88
0
0
0
1
0
128
92
0
72
0
0
0
4
0
24
53
0
172
0
0
0
20
0
16
5391
589
11452
15
3
44
870
99
744
64
0
39
0
0
0
6
0
28
24
0
112
0
0
0
25
0
60
3078
2855
8402
0
0
0
133
0
394
9
0
15
0
0
0
0
0
2
4
0
41
0
0
0
0
0
0
320
176
723
0
0
0
69
2
43
0
0
0
0
0
0
0
0
0
0
0
0
0
0
0
0
0
0
615
93
949
19
19
31
339
198
829
0
0
0
0
0
0
0
0
0
0
0
0
0
0
0
0
0
0
0
0
0
0
0
0
0
0
0
0
0
0
0
0
0
0
0
0
0
0
0
0
0
0
0
0
0
89
29
215
0
0
0
16
8
59
20
0
18
0
0
0
76
0
48
0
0
73
0
0
0
17
0
64
98
1
2214
15
3
64
974
230
5627
3
0
11
0
0
0
0
0
3
0
0
7
0
0
0
1
0
12
0
0
147
0
0
0
7
0
726
18
0
19
0
0
0
9
0
35
15
0
73
0
0
0
4
0
101
30
12
500
1
2
1
196
609
3933
191
0
1345
4
0
37
4
0
36
88
0
961
21
0
147
3
0
48
94
0
604
6
0
65
3
0
127
13
0
58
0
0
0
0
0
0
1
0
61
0
0
0
0
0
0
6
0
65
0
0
0
0
0
0
51
0
361
0
0
0
1
0
21
29
0
284
0
0
0
0
0
27
3
0
127
0
0
0
2
0
36
0
0
0
0
0
0
0
0
0
0
0
0
0
0
0
0
0
0
0
0
0
0
0
0
0
0
0
0
0
0
0
0
0
0
0
0
0
0
0
0
0
0
0
0
0
0
0
0
0
0
0
0
0
0
0
0
0
0
0
0
0
0
0
0
0
0
0
0
0
0
0
0
0
0
0
0
0
0
0
0
0
3
0
0
0
0
6
3
0
34
0
0
0
0
0
4
0
0
17
0
0
0
0
0
16
3
0
121
0
0
3
0
0
0
0
0
1
0
0
0
0
0
0
0
0
0
0
0
16
0
0
0
0
0
0
6
0
59
0
0
1
0
0
18
5
0
74
0
0
0
0
0
2
3
0
121
0
0
0
0
0
22
263
0
1930
0
0
0
0
0
1
400
0
2433
0
0
0
0
0
0
285
0
3000
0
0
0
0
0
0
39
0
106
0
0
0
0
0
0
149
0
260
0
0
0
0
0
0
38
0
134
0
0
0
0
0
0
153
0
525
0
0
0
0
0
25
90
0
690
0
0
0
1
0
49
42
0
533
0
0
0
1
0
19
0
0
0
0
0
0
0
0
0
0
0
0
0
0
0
0
0
0
0
0
0
0
0
0
0
0
0
0
0
0
0
0
0
0
0
0
0
0
0
0
0
0
0
0
0
0
0
0
0
0
0
0
0
0
0
0
0
0
0
0
0
0
0
0
0
0
0
0
0
0
0
0
0
0
0
0
0
0
0
0
0
137
0
1
5
0
166
4
0
96
0
0
0
43
0
985
44
0
756
6
0
0
15
0
251
24
0
858
0
0
0
0
0
0
0
0
0
0
0
0
0
0
0
0
0
0
6
0
0
0
0
0
0
0
48
233
0
1
0
0
11
1
0
59
0
0
0
0
0
0
4
0
349
4
0
0
1
0
6
4
0
216
217
0
262
0
0
0
13
0
92
53
0
303
0
0
0
27
0
167
2897
166
7530
20
0
1
594
25
541
45
0
39
0
0
0
6
0
12
14
0
52
0
0
0
24
0
57
931
81
874
0
0
0
18
0
79
26
0
29
0
0
0
0
0
1
5
0
120
0
0
0
0
0
0
154
46
1116
0
0
0
55
0
14
0
0
0
0
0
0
0
0
0
0
0
0
0
0
0
0
0
0
1110
18
5224
11
1
45
434
11
1468
0
0
0
0
0
0
0
0
0
0
0
0
0
0
0
0
0
0
0
0
0
0
0
0
0
0
0
0
0
0
0
0
0
0
0
0
0
0
0
0
0
0
0
0
0
0
0
0
0
0
0
0
1
9
24
0
1
0
0
0
87
0
49
0
0
0
0
0
0
8
0
59
51
0
38
47
5
233
520
77
8980
0
0
0
0
0
0
0
0
0
0
0
0
0
0
0
0
0
0
0
0
0
0
0
0
6
0
85
680
0
332
0
0
0
208
0
944
201
0
643
0
0
0
162
0
1045
259
6
1781
1
0
12
628
58
9335
802
0
2733
24
0
158
39
0
142
90
0
214
64
0
144
22
0
54
263
0
1930
39
0
106
153
0
525
20
0
397
2
0
15
2
0
35
0
0
0
0
0
0
0
0
0
0
0
0
0
0
0
0
0
0
67
0
130
0
0
4
0
0
30
0
0
0
0
0
0
0
0
2
0
0
1
0
0
0
0
0
25
0
0
0
0
0
0
0
0
0
0
0
0
0
0
0
0
0
0
0
0
0
0
0
0
0
0
0
0
0
0
0
0
0
0
0
0
0
0
0
0
0
0
0
0
0
0
0
0
0
0
0
0
0
0
0
0
0
0
0
0
0
0
0
0
0
0
0
0
0
0
0
0
0
0
0
0
0
0
0
0
0
95
0
4497
0
0
140
2
0
607
127
0
866
3
0
119
30
0
172
137
0
1
0
0
0
233
0
1
23
0
834
0
0
49
0
0
1078
3
0
67
0
0
0
0
0
0
5
0
166
0
0
0
0
0
11
80
0
574
1
0
9
35
0
316
5
0
43
0
0
0
1
0
40
4
0
96
0
0
0
1
0
59
606
0
288
166
0
350
106
0
90
0
0
0
0
0
0
0
0
0
0
0
0
0
0
0
0
0
0
166
0
350
14
0
160
5
0
59
0
0
0
0
0
0
0
0
0
0
0
0
0
0
0
0
0
0
106
0
90
5
0
59
0
0
74
0
0
0
0
0
0
0
0
0
0
0
0
0
0
0
0
0
0
0
0
0
0
0
0
0
0
0
0
0
0
0
0
0
0
0
0
0
0
0
0
0
0
0
0
0
0
0
0
0
0
0
0
0
0
0
0
0
0
0
0
0
0
0
0
0
0
0
0
0
0
0
0
0
0
0
0
0
0
0
0
0
0
0
0
0
0
0
0
0
0
0
0
0
0
0
0
0
0
0
146
0
3872
25
0
252
18
0
601
690
0
774
626
0
1121
555
0
980
471
0
3278
179
0
175
711
0
3119
25
0
252
0
0
152
1
0
249
82
0
143
32
0
343
9
0
251
26
0
203
5
0
73
12
0
492
18
0
601
1
0
249
0
0
372
16
0
133
2
0
152
3
0
248
3
0
173
1
0
32
14
0
624
129
0
73
0
0
0
255
0
58
0
0
0
0
0
0
0
0
0
4852
20
345
152
5
112
1571
19
444
35
0
23
0
0
0
132
0
163
0
0
0
0
0
0
0
0
0
655
12
133
15
0
42
99
47
144
10
0
2
0
0
0
0
0
22
0
0
0
0
0
0
0
0
0
274
4
98
1
1
0
31
28
92
0
0
0
0
0
0
0
0
0
0
0
0
0
0
0
0
0
0
5411
38
2976
290
11
26
2463
8
721
0
0
0
0
0
0
0
0
0
0
0
0
0
0
0
0
0
0
789
139
1355
119
69
51
83
47
394
0
0
0
0
0
0
0
0
0
0
0
0
0
0
0
0
0
0
511
19
604
1
14
35
109
37
566
38
0
301
0
0
1
70
0
295
16
0
283
0
0
0
191
0
138
2122
1
6720
133
0
140
8205
14
9362
0
0
24
0
0
0
14
0
64
5
0
18
0
0
0
20
0
51
154
48
1212
10
0
85
208
92
1809
43
0
123
10
0
35
74
0
221
0
0
6
0
0
0
5
0
26
82
5
677
10
2
68
259
62
3994
332
0
1059
31
0
81
15
0
70
285
0
406
443
0
462
27
0
176
400
0
2433
149
0
260
90
0
690
0
0
0
0
0
0
0
0
0
0
0
0
0
0
0
0
0
0
0
0
0
0
0
0
0
0
0
7
0
0
0
0
0
1
0
8
0
0
0
0
0
0
2
0
31
0
0
0
0
0
0
1
0
49
0
0
0
0
0
0
0
0
0
0
0
0
0
0
0
0
0
0
0
0
0
0
0
0
0
0
0
0
0
0
0
0
0
0
0
0
0
0
0
0
0
0
0
0
0
0
0
0
0
0
0
0
0
0
0
0
0
0
0
0
0
0
0
0
0
0
0
0
0
0
0
0
0
0
0
0
0
0
0
0
0
10
0
557
1
0
28
0
0
87
12
0
329
0
0
182
0
0
86
0
0
0
0
0
0
0
0
0
51
0
1274
21
0
111
6
0
173
36
0
884
0
0
0
0
0
0
43
0
985
0
0
0
0
0
0
65
0
873
0
0
48
2
0
193
52
0
732
0
0
0
0
0
106
44
0
756
0
0
0
4
0
349
0
0
0
0
0
0
0
0
0
0
0
0
0
0
0
0
0
0
0
0
0
0
0
0
0
0
0
0
0
0
0
0
0
0
0
0
0
0
0
0
0
0
0
0
0
0
0
0
0
0
0
0
0
0
0
0
0
0
0
0
0
0
0
0
0
0
0
0
0
0
0
0
0
0
0
0
0
0
0
0
0
0
0
0
0
0
0
0
0
0
0
0
0
0
0
0
0
0
0
0
0
0
0
0
0
0
0
0
0
0
0
0
0
0
0
0
0
0
0
0
0
0
0
0
0
0
0
0
0
0
0
0
0
0
0
0
0
0
0
0
0
0
0
0
0
0
0
0
0
0
0
0
0
0
0
0
0
0
0
0
0
0
690
0
774
82
0
143
16
0
133
662
0
894
988
0
1410
380
0
1330
907
0
3328
467
0
478
419
0
3300
626
0
1121
32
0
343
2
0
152
988
0
1410
0
0
4188
41
0
2132
291
0
2438
93
0
1008
29
0
2849
555
0
980
9
0
251
3
0
248
380
0
1330
41
0
2132
22
0
1640
72
0
1019
10
0
505
29
0
2440
0
0
0
0
0
0
0
0
0
0
0
0
0
0
0
0
0
0
4854
402
182
407
33
263
988
1204
713
0
0
0
0
0
0
0
0
0
0
0
0
0
0
0
0
0
0
8565
241
177
173
0
0
720
0
30
0
0
0
0
0
0
0
0
0
0
0
0
0
0
0
0
0
0
1310
1001
112
34
0
0
1126
166
102
0
0
0
0
0
0
0
0
0
0
0
0
0
0
0
0
0
0
11498
519
2444
570
113
46
1546
74
984
0
0
0
0
0
0
0
0
0
0
0
0
0
0
0
0
0
0
11217
4122
14772
1819
1633
455
1517
989
2545
0
0
0
0
0
0
0
0
0
0
0
0
0
0
0
0
0
0
930
968
2720
36
67
220
287
1429
3482
138
0
36
0
0
0
240
0
108
58
0
231
0
0
0
177
0
147
3676
16
8064
263
0
319
9629
778
12447
220
0
78
0
0
0
233
0
212
0
0
235
0
0
0
243
0
288
443
2098
12108
36
0
699
3316
1756
14134
94
0
17
0
0
0
226
0
236
0
0
56
0
0
0
88
0
210
487
26
2146
25
7
178
700
365
7765
286
0
2232
20
0
80
16
0
77
267
0
1057
196
0
667
13
0
131
285
0
3000
38
0
134
42
0
533
0
0
0
0
0
0
0
0
0
0
0
0
0
0
0
0
0
0
0
0
0
0
0
0
0
0
0
4
0
493
0
0
17
1
0
51
5
0
92
0
0
60
0
0
68
0
0
0
0
0
0
1
0
19
0
0
0
0
0
0
0
0
0
0
0
0
0
0
0
0
0
0
0
0
0
0
0
0
0
0
0
0
0
0
0
0
0
0
0
0
0
0
0
0
0
0
0
0
0
0
0
0
0
0
0
0
0
0
0
0
0
0
0
0
0
0
0
0
0
0
0
0
0
0
0
0
0
0
0
0
0
0
0
0
0
63
0
1757
0
0
51
0
0
156
22
0
949
0
0
73
0
0
88
6
0
0
6
0
0
4
0
0
34
0
147
2
0
11
3
0
14
7
0
189
0
0
0
0
0
0
15
0
251
0
0
0
1
0
6
109
0
1731
0
0
83
6
0
290
19
0
1328
0
0
81
1
0
128
24
0
858
0
0
48
4
0
216
0
0
0
0
0
0
0
0
0
0
0
0
0
0
0
0
0
0
0
0
0
0
0
0
0
0
0
0
0
0
0
0
0
0
0
0
0
0
0
0
0
0
0
0
0
0
0
0
0
0
0
0
0
0
0
0
0
0
0
0
0
0
0
0
0
0
0
0
0
0
0
0
0
0
0
0
0
0
0
0
0
0
0
0
0
0
0
0
0
0
0
0
0
0
0
0
0
0
0
0
0
0
0
0
0
0
0
0
0
0
0
0
0
0
0
0
0
0
0
0
0
0
0
0
0
0
0
0
0
0
0
0
0
0
0
0
0
0
0
0
0
0
0
0
0
0
0
0
0
0
0
0
0
0
0
0
0
0
0
0
0
0
471
0
3278
26
0
203
3
0
173
907
0
3328
291
0
2438
72
0
1019
204
0
3614
76
0
234
118
0
3199
179
0
175
5
0
73
1
0
32
467
0
478
93
0
1008
10
0
505
76
0
234
30
0
130
35
0
716
711
0
3119
12
0
492
14
0
624
419
0
3300
29
0
2849
29
0
2440
118
0
3199
35
0
716
82
0
3040
0
0
0
0
0
0
0
0
0
0
0
0
0
0
0
0
0
0
6893
395
362
90
396
4
596
415
131
0
0
0
0
0
0
0
0
0
0
0
0
0
0
0
0
0
0
1836
8
19
25
0
0
96
0
14
0
0
0
0
0
0
0
0
0
0
0
0
0
0
0
0
0
0
3748
31
237
36
0
0
553
125
40
0
0
0
0
0
0
0
0
0
0
0
0
0
0
0
0
0
0
4031
259
1734
199
62
19
274
21
260
0
0
0
0
0
0
0
0
0
0
0
0
0
0
0
0
0
0
1713
262
3590
258
118
69
121
75
525
0
0
0
0
0
0
0
0
0
0
0
0
0
0
0
0
0
0
2070
54
14900
32
14
174
365
77
2854
145
0
98
0
0
0
93
0
208
18
0
464
0
0
0
107
0
327
1048
216
3808
246
64
464
1552
454
7512
66
0
47
0
0
0
54
0
19
2
0
64
0
0
0
76
0
69
1159
96
1165
79
0
116
544
159
2065
141
0
58
0
0
0
306
0
515
3
0
258
0
0
0
84
0
369
536
124
4562
44
10
533
1107
176
14931
554
0
894
12
0
19
202
0
71
92
0
72
64
0
39
9
0
15
217
0
262
45
0
39
26
0
29
0
0
0
0
0
0
0
0
0
0
0
0
0
0
0
0
0
0
0
0
0
0
0
0
0
0
0
268
0
358
6
0
56
0
0
24
4
0
24
6
0
28
0
0
2
13
0
92
6
0
12
0
0
1
0
0
0
0
0
0
0
0
0
0
0
0
0
0
0
0
0
0
0
0
0
0
0
0
0
0
0
0
0
0
0
0
0
0
0
0
0
0
0
0
0
0
0
0
0
0
0
0
0
0
0
0
0
0
0
0
0
0
0
0
0
0
0
0
0
0
0
0
0
0
0
0
0
0
0
0
0
0
0
0
0
12
0
468
0
0
7
69
0
202
20
0
18
3
0
11
18
0
19
24
0
1
0
0
0
680
0
332
2
0
6
0
0
0
5
0
35
0
0
0
0
0
0
0
0
0
0
0
0
0
0
0
0
0
0
73
0
388
3
0
9
153
0
848
76
0
48
0
0
3
9
0
35
87
0
49
0
0
0
208
0
944
129
0
73
35
0
23
10
0
2
0
0
0
0
0
0
0
0
0
0
0
0
0
0
0
0
0
0
0
0
0
0
0
0
0
0
0
0
0
0
0
0
0
0
0
0
0
0
0
0
0
0
0
0
0
255
0
58
132
0
163
0
0
22
0
0
0
0
0
0
0
0
0
0
0
0
0
0
0
0
0
0
0
0
0
0
0
0
0
0
0
0
0
0
0
0
0
0
0
0
0
0
0
0
0
0
0
0
0
0
0
0
0
0
0
0
0
0
0
0
0
0
0
0
0
0
0
0
0
0
0
0
0
0
0
0
0
0
0
0
0
0
0
0
0
0
0
0
0
0
0
0
0
0
0
0
0
0
0
0
0
0
0
38
0
301
0
0
24
43
0
123
138
0
36
220
0
78
94
0
17
145
0
98
66
0
47
141
0
58
0
0
1
0
0
0
10
0
35
0
0
0
0
0
0
0
0
0
0
0
0
0
0
0
0
0
0
70
0
295
14
0
64
74
0
221
240
0
108
233
0
212
226
0
236
93
0
208
54
0
19
306
0
515
44
0
12
0
0
0
46
0
18
0
0
0
0
0
0
0
0
0
979
0
35
174
0
24
136
4
114
0
0
0
0
0
0
0
0
0
0
0
0
0
0
0
0
0
0
0
1
0
0
0
0
0
3
0
46
0
18
0
0
0
0
0
2
0
0
0
0
0
0
0
0
0
316
0
53
19
1
19
7
9
8
0
0
0
0
0
0
0
0
0
0
0
0
0
0
0
0
0
0
1038
0
19
91
0
0
263
0
17
0
0
0
0
0
0
0
0
0
0
0
0
0
0
0
0
0
0
0
0
0
0
0
0
0
0
0
0
0
0
0
0
0
0
0
0
0
0
0
0
0
0
0
0
0
933
4
430
59
1
4
257
3
228
16
0
28
0
0
0
77
0
67
20
0
5
0
0
0
46
0
9
925
1
456
92
0
40
9098
10
984
0
0
0
0
0
0
78
0
49
0
0
0
0
0
0
0
0
0
2
1
3
0
0
0
479
47
350
77
0
67
78
0
49
150
0
168
4
0
29
0
0
0
46
0
40
666
3
1030
52
0
62
3764
131
7390
42
0
394
1
0
19
0
0
4
53
0
172
24
0
112
4
0
41
53
0
303
14
0
52
5
0
120
0
0
0
0
0
0
0
0
0
0
0
0
0
0
0
0
0
0
0
0
0
0
0
0
0
0
0
55
0
97
4
0
13
0
0
0
20
0
16
25
0
60
0
0
0
27
0
167
24
0
57
0
0
0
0
0
0
0
0
0
0
0
0
0
0
0
0
0
0
0
0
0
0
0
0
0
0
0
0
0
0
0
0
0
0
0
0
0
0
0
0
0
0
0
0
0
0
0
0
0
0
0
0
0
0
0
0
0
0
0
0
0
0
0
0
0
0
0
0
0
0
0
0
0
0
0
0
0
0
0
0
0
0
0
0
22
0
229
0
0
2
17
0
48
0
0
73
0
0
7
15
0
73
0
0
0
0
0
0
201
0
643
0
0
0
0
0
0
0
0
0
0
0
0
0
0
0
0
0
0
0
0
0
0
0
0
0
0
0
35
0
185
1
0
8
56
0
190
17
0
64
1
0
12
4
0
101
8
0
59
0
0
0
162
0
1045
0
0
0
0
0
0
0
0
0
0
0
0
0
0
0
0
0
0
0
0
0
0
0
0
0
0
0
0
0
0
0
0
0
0
0
0
0
0
0
0
0
0
0
0
0
0
0
0
0
0
0
0
0
0
0
0
0
0
0
0
0
0
0
0
0
0
0
0
0
0
0
0
0
0
0
0
0
0
0
0
0
0
0
0
0
0
0
0
0
0
0
0
0
0
0
0
0
0
0
0
0
0
0
0
0
0
0
0
0
0
0
0
0
0
0
0
0
0
0
0
0
0
0
0
0
0
0
0
0
0
0
0
0
0
0
0
0
0
0
0
0
0
0
0
0
0
0
0
0
0
0
0
0
0
0
0
0
0
0
0
0
0
16
0
283
5
0
18
0
0
6
58
0
231
0
0
235
0
0
56
18
0
464
2
0
64
3
0
258
0
0
0
0
0
0
0
0
0
0
0
0
0
0
0
0
0
0
0
0
0
0
0
0
0
0
0
191
0
138
20
0
51
5
0
26
177
0
147
243
0
288
88
0
210
107
0
327
76
0
69
84
0
369
0
0
0
0
0
0
0
0
0
0
0
0
0
0
0
0
0
0
761
241
34
38
5
49
102
398
242
0
0
0
0
0
0
0
0
0
0
0
0
0
0
0
0
0
0
0
0
0
0
0
0
0
0
0
0
0
0
0
0
0
0
0
0
0
0
0
0
0
0
0
0
0
433
7
90
125
7
56
14
79
13
0
0
0
0
0
0
0
0
0
0
0
0
0
0
0
0
0
0
98
4
97
0
0
0
1
0
6
0
0
0
0
0
0
0
0
0
0
0
0
0
0
0
0
0
0
0
0
0
0
0
0
0
0
0
0
0
0
0
0
0
0
0
0
0
0
0
0
0
0
0
0
0
1825
99
556
114
16
20
174
21
403
20
0
5
0
0
0
4
0
29
0
0
100
0
0
0
23
0
23
135
16
891
6
0
40
4191
1108
2789
0
0
0
0
0
0
0
0
0
0
0
0
0
0
0
0
0
0
29
114
9
0
0
0
5415
125
395
46
0
9
0
0
0
46
0
40
23
0
23
0
0
0
34
0
50
856
125
749
105
0
52
4042
982
9389
6474
209
13142
355
87
1114
173
18
572
5391
589
11452
3078
2855
8402
320
176
723
2897
166
7530
931
81
874
154
46
1116
26
19
138
2
0
1
0
0
0
15
3
44
0
0
0
0
0
0
20
0
1
0
0
0
0
0
0
1340
19
1954
39
0
92
37
4
111
870
99
744
133
0
394
69
2
43
594
25
541
18
0
79
55
0
14
1416
39
2043
172
25
232
106
3
303
615
93
949
0
0
0
89
29
215
1110
18
5224
0
0
0
0
0
0
29
7
28
21
11
6
0
2
3
19
19
31
0
0
0
0
0
0
11
1
45
0
0
0
0
0
0
593
12
955
13
11
69
50
16
181
339
198
829
0
0
0
16
8
59
434
11
1468
0
0
0
0
1
9
708
43
3731
3
18
142
108
2
1035
98
1
2214
0
0
147
30
12
500
51
0
38
0
0
0
259
6
1781
190
4
847
3
0
18
13
1
50
15
3
64
0
0
0
1
2
1
47
5
233
0
0
0
1
0
12
2316
84
6685
56
18
477
453
61
7433
974
230
5627
7
0
726
196
609
3933
520
77
8980
6
0
85
628
58
9335
4852
20
345
655
12
133
274
4
98
4854
402
182
8565
241
177
1310
1001
112
6893
395
362
1836
8
19
3748
31
237
152
5
112
15
0
42
1
1
0
407
33
263
173
0
0
34
0
0
90
396
4
25
0
0
36
0
0
1571
19
444
99
47
144
31
28
92
988
1204
713
720
0
30
1126
166
102
596
415
131
96
0
14
553
125
40
5411
38
2976
789
139
1355
511
19
604
11498
519
2444
11217
4122
14772
930
968
2720
4031
259
1734
1713
262
3590
2070
54
14900
290
11
26
119
69
51
1
14
35
570
113
46
1819
1633
455
36
67
220
199
62
19
258
118
69
32
14
174
2463
8
721
83
47
394
109
37
566
1546
74
984
1517
989
2545
287
1429
3482
274
21
260
121
75
525
365
77
2854
2122
1
6720
154
48
1212
82
5
677
3676
16
8064
443
2098
12108
487
26
2146
1048
216
3808
1159
96
1165
536
124
4562
133
0
140
10
0
85
10
2
68
263
0
319
36
0
699
25
7
178
246
64
464
79
0
116
44
10
533
8205
14
9362
208
92
1809
259
62
3994
9629
778
12447
3316
1756
14134
700
365
7765
1552
454
7512
544
159
2065
1107
176
14931
979
0
35
0
1
0
316
0
53
761
241
34
0
0
0
433
7
90
18910
982
608
1451
1396
17
5931
526
434
174
0
24
0
0
0
19
1
19
38
5
49
0
0
0
125
7
56
1451
1396
17
28
0
18
381
220
41
136
4
114
0
3
0
7
9
8
102
398
242
0
0
0
14
79
13
5931
526
434
381
220
41
972
46
0
1038
0
19
0
0
0
933
4
430
98
4
97
0
0
0
1825
99
556
7092
174
3172
837
125
1399
7446
260
7077
91
0
0
0
0
0
59
1
4
0
0
0
0
0
0
114
16
20
837
125
1399
252
58
44
393
58
320
263
0
17
0
0
0
257
3
228
1
0
6
0
0
0
174
21
403
7446
260
7077
393
58
320
1724
158
3586
925
1
456
2
1
3
666
3
1030
135
16
891
29
114
9
856
125
749
9192
1894
22278
2444
1701
6276
10408
1633
39644
92
0
40
0
0
0
52
0
62
6
0
40
0
0
0
105
0
52
2444
1701
6276
18
0
156
2541
189
3249
9098
10
984
479
47
350
3764
131
7390
4191
1108
2789
5415
125
395
4042
982
9389
10408
1633
39644
2541
189
3249
31178
6920
134352
