1044142
72795
230854
19695
9456
21027
107987
20186
226216
76646
9692
39356
3139
808
12628
69269
11841
53265
57583
10002
8986
4398
1261
5083
33292
6040
95958
263371
10501
68298
4528
1147
9808
81978
6166
158972
41390
6021
8924
7172
1069
15868
181755
27498
82599
30606
4274
2467
3631
1580
1748
55074
5705
58699
179272
5692
46386
2259
436
1707
15518
2463
37923
17080
2098
4189
674
41
745
38888
3733
19188
23868
2221
11046
1245
1204
203
89357
7281
264865
63557
37719
45345
8920
19590
9459
3945
23244
23286
2552
1199
3377
22
20
94
6852
22412
10670
787
1001
515
676
4999
925
2106
14975
10814
13247
6150
11519
541
1183
455
5393
12812
9353
3644
1840
1806
226
56
785
33655
70123
22527
1773
2358
318
1021
3841
805
11595
18526
8195
7869
2686
4281
689
1791
250
643
4823
4205
766
297
309
5
4
31
3911
9310
3683
1755
1154
1011
203
603
124
6543
11434
15866
75709
9969
64537
2688
1968
9098
5694
15687
37613
5746
1211
7358
164
81
1191
6753
3557
14323
3977
917
2092
539
468
1415
6435
4246
25801
9790
2823
12845
205
180
566
613
1791
8154
3248
502
2748
453
131
1160
11166
4340
22298
2469
632
427
538
666
798
11973
4703
18852
6021
909
6251
1217
162
588
421
972
5463
937
140
845
15
2
51
1417
493
2872
2549
370
1909
127
27
90
3535
2034
26378
13426
6790
17260
2740
1752
2189
1388
1071
6225
3067
919
3326
0
0
0
28
1
55
1245
294
1067
0
0
0
217
0
2006
2706
1180
2778
0
0
0
283
4
1403
0
0
0
0
0
0
0
0
0
0
0
0
0
0
0
0
0
0
2048
479
3049
0
0
0
387
115
1179
0
0
0
0
0
0
0
0
0
987
92
858
0
0
0
510
6
2004
5599
19373
30658
1696
8459
5334
1170
5595
7382
1471
4493
5681
0
0
0
0
0
0
356
1313
1162
0
0
0
1
35
2428
2148
5215
6756
0
0
0
54
0
1053
0
0
0
0
0
0
0
0
0
0
0
0
0
0
0
0
0
0
959
1144
2621
0
0
0
320
931
1276
0
0
0
0
0
0
0
0
0
464
546
896
0
0
0
37
0
3334
4267
4298
19825
666
3103
3504
1367
4367
15370
1054
1119
6523
0
0
0
381
953
1850
282
419
871
0
0
0
163
418
4183
916
1345
3977
0
0
0
293
531
5548
0
0
0
0
0
0
0
0
0
0
0
0
0
0
0
0
0
0
934
473
2969
0
0
0
210
273
2597
0
0
0
0
0
0
0
0
0
181
104
767
0
0
0
210
134
4028
9252
984
9016
34
69
875
1924
2316
9180
212
126
491
0
0
0
1437
314
2411
55
27
105
0
1
2
326
151
1173
613
390
1358
7
19
25
598
243
1711
0
0
0
0
0
0
0
0
0
87
37
74
0
0
0
115
29
320
628
141
1505
3
14
15
368
120
1349
0
0
0
0
0
0
0
0
0
117
42
357
0
0
0
800
87
2590
7823
10091
26605
114
987
1320
1263
10967
22553
799
1697
3352
0
0
0
291
1171
1750
296
618
467
0
7
2
105
657
2927
1808
5474
5373
25
121
69
277
1609
2359
0
0
0
0
0
0
0
0
0
161
637
486
0
0
0
39
72
402
1557
1907
3201
8
80
34
356
716
2069
0
0
0
0
0
0
0
0
0
364
505
507
0
0
0
214
419
3869
10633
2853
31816
172
382
1196
1779
5235
26127
1118
489
5013
0
0
0
496
1002
4919
253
160
1288
0
0
0
163
404
6640
1764
1201
7130
8
12
41
305
1305
5727
0
0
0
0
0
0
0
0
0
96
174
456
0
0
0
81
167
1007
2314
381
8273
12
16
56
358
494
7051
0
0
0
0
0
0
0
0
0
414
205
2643
0
0
0
393
516
11873
63687
9291
11009
14210
2349
5637
17457
4997
50573
58669
8863
10985
19442
4482
5572
17097
4716
15509
11000
962
858
5215
708
1245
9252
1931
21474
57136
7266
8919
17445
2299
2911
37900
2319
66664
0
0
0
0
0
0
0
0
0
0
0
0
0
0
0
0
0
0
14744
1378
1218
3018
459
548
2217
477
10473
0
0
0
0
0
0
0
0
0
3705
86
336
0
0
0
17579
806
36296
13890
24218
9073
4422
1590
1280
1652
948
13027
12515
19781
8683
6975
90
1508
1921
19
3215
2184
5361
59
1153
4
165
440
26
5426
22808
37922
8324
8883
0
539
3990
0
22727
0
0
0
0
0
0
0
0
0
0
0
0
0
0
0
0
0
0
4959
6287
306
1202
0
70
265
51
1814
0
0
0
0
0
0
0
0
0
389
146
105
0
0
0
1044
0
9069
6439
2502
8287
2050
696
2956
2466
3899
13689
3832
1202
4297
2380
178
3841
3640
4759
10704
2533
1781
180
1960
159
801
2452
1369
8678
4282
1788
7548
1347
32
4080
3899
5350
17470
0
0
0
0
0
0
0
0
0
0
0
0
0
0
0
0
0
0
1360
396
514
326
1
350
366
844
4059
0
0
0
0
0
0
0
0
0
547
74
127
0
0
0
1368
909
7668
32153
17401
7689
16405
21191
17520
11319
11440
33496
12853
9333
3978
16113
27859
12225
9007
6793
10379
4419
2996
1383
4000
3603
2421
2500
1254
5629
20828
11644
4468
17245
18408
10481
15075
5672
20048
0
0
0
0
0
0
0
0
0
0
0
0
0
0
0
0
0
0
4524
2457
329
2905
2919
1590
725
469
1386
0
0
0
0
0
0
0
0
0
1178
451
104
0
0
0
7797
2065
12841
8755
19083
12999
9350
80347
45361
6617
58753
43507
3129
14961
5776
7240
82435
28522
6069
37800
18254
1439
5530
64
2527
17471
6295
1659
7842
10447
9919
38250
11132
10400
66357
25706
9587
28894
25181
0
0
0
0
0
0
0
0
0
0
0
0
0
0
0
0
0
0
2378
8348
587
1942
12613
4935
481
2082
1339
0
0
0
0
0
0
0
0
0
0
0
0
0
0
0
3529
10230
11996
5524
1527
5494
1695
6477
16725
4644
14563
36118
1188
918
2380
1550
11387
13048
3355
13265
18438
594
1349
67
1530
5745
3544
1649
3341
7502
1848
1526
3945
1088
3388
7942
5831
6821
17431
0
0
0
0
0
0
0
0
0
0
0
0
0
0
0
0
0
0
693
451
271
350
835
1531
295
883
2573
0
0
0
0
0
0
0
0
0
0
0
0
0
0
0
2479
2051
8452
11781
1302
4514
1412
131
6895
9372
8843
34943
6669
1171
2153
1333
60
6000
6722
3888
10551
1698
625
487
885
324
1380
3072
1111
7489
5014
437
2224
1259
95
5991
10465
2995
24687
0
0
0
0
0
0
0
0
0
326
80
159
371
476
523
897
280
1409
1355
172
337
768
522
847
3438
463
8167
0
0
0
0
0
0
0
0
0
664
111
219
107
240
143
5120
680
9824
4491
260
2383
373
182
6626
5300
14563
31189
583
6
703
273
31
2656
4705
7284
13356
126
32
122
378
1446
1675
1704
3746
7264
1529
23
1093
559
238
3525
10178
14829
18660
0
0
0
0
0
0
0
0
0
104
283
96
215
1397
532
263
654
863
725
96
211
827
1981
849
1324
2542
3219
0
0
0
0
0
0
0
0
0
42
54
52
79
564
201
3888
4031
7418
10936
457
5100
695
643
4308
9505
4869
59597
1712
320
1563
559
1073
3412
4445
2943
26657
814
102
140
478
560
1734
4103
1501
18431
3177
331
2336
546
489
2780
9888
2769
39345
0
0
0
0
0
0
0
0
0
93
37
90
59
198
435
236
317
1217
1636
201
1066
1290
1635
2486
2914
792
26472
0
0
0
0
0
0
0
0
0
103
16
206
42
209
350
3953
1002
18161
94459
8360
2836
30
8
31
13447
6582
4326
740
392
166
0
0
0
27401
2786
5643
17171
2685
1141
6604
1032
2699
28602
4421
27196
2569
1355
273
4
0
0
7162
1661
1207
0
0
0
0
0
0
0
0
0
11497
584
527
4759
413
801
29515
2135
17686
1575
446
1
32
2
5
609
107
45
0
0
0
0
0
0
0
0
0
4150
332
391
961
108
172
11165
1092
6467
14245
1167
903
1
0
0
2180
16878
5423
0
0
0
0
0
0
4750
5980
3509
1065
869
369
1320
1158
723
5001
8056
11490
2851
0
3
0
0
0
2581
9977
1912
0
0
0
0
0
0
0
0
0
1125
1072
293
1018
0
184
5902
4805
6974
224
16
0
10
0
0
159
425
40
0
0
0
0
0
0
0
0
0
515
411
24
243
0
20
2630
2970
2037
1251
58
174
1
0
5
212
194
183
0
0
6
0
0
0
664
276
473
117
34
44
265
320
248
1407
509
1266
11
0
2
0
0
1
24
4
44
0
0
0
0
0
0
0
0
0
136
7
22
219
25
106
364
39
362
7
2
0
0
0
0
3
1
3
0
0
0
0
0
0
0
0
0
21
1
10
10
0
6
107
7
116
10649
3431
2391
319
377
219
10231
6361
12201
1128
743
243
0
0
0
5928
2326
2399
7074
4192
708
6364
7590
7397
15289
6704
24648
1657
702
332
239
300
95
10008
2578
4999
0
0
0
0
0
0
0
0
0
1604
377
167
2146
1496
1304
4053
907
2863
1064
351
103
2438
1746
366
844
248
501
0
0
0
0
0
0
0
0
0
601
191
61
572
438
177
5113
1110
3991
7829
4911
5788
117
684
612
1958
7220
5893
1
14
3
0
0
0
1095
2568
1685
404
1284
759
2708
28527
20538
4104
22385
21641
431
74
48
191
950
179
3536
9018
3244
0
0
0
0
0
0
0
0
0
502
762
306
928
6122
3443
1775
3395
3824
183
214
77
1931
3121
252
595
875
390
0
0
0
0
0
0
0
0
0
186
429
145
292
1837
760
2370
4353
2367
3538
298
3656
35
30
208
2328
994
5331
25
5
12
0
0
0
583
386
1095
466
162
242
760
2254
8385
4409
5145
25786
120
10
99
92
62
146
1124
451
2203
0
0
0
0
0
0
0
0
0
330
35
100
303
860
1524
1360
614
3121
554
157
299
2674
1948
2202
122
320
374
0
0
0
0
0
0
0
0
0
92
21
43
103
78
234
1092
635
2904
21273
186
2879
225
73
258
5132
1651
9509
268
46
101
234
12
146
4108
790
3193
1086
34
482
666
38
1782
7554
2776
16742
962
49
274
308
31
226
3354
281
5730
0
0
0
0
0
0
0
0
0
451
38
156
247
22
357
4679
279
7693
321
43
49
720
111
187
2896
83
7434
0
0
0
0
0
0
0
0
0
620
44
412
986
1040
1292
6352
665
12684
2867
10
2575
5
11
74
2354
1421
7441
2
2
2
7
1
33
466
2
636
306
31
257
155
44
2493
3235
3965
17939
193
0
42
15
0
14
2091
510
2849
0
0
0
0
0
0
0
0
0
73
3
78
100
57
416
1241
1044
3865
94
0
6
296
0
47
1368
111
919
0
0
0
0
0
0
0
0
0
140
6
33
130
1066
692
1210
1191
4270
54269
1303
10744
1169
423
1490
22767
12493
51905
2688
189
875
1748
122
1424
10550
3291
13439
2707
245
960
1709
830
3203
26378
7778
71982
8531
554
3814
1616
122
1576
23021
4276
41397
0
0
0
0
0
0
0
0
0
1202
137
344
584
90
1060
9492
2527
24024
2212
440
530
5892
1016
3398
25117
811
73405
0
0
0
0
0
0
0
0
0
1431
180
514
2407
2578
4936
26219
5745
93899
141423
2522
48519
3759
1267
6754
973
582
5311
59235
5109
55089
2420
1308
13142
7754
2058
17366
32808
1941
16021
895
576
3732
5748
1179
89321
96822
4172
56651
2625
635
3465
1510
1245
9916
209091
24131
298549
35241
10048
108322
17530
9631
69517
78966
3812
42987
2827
679
5675
13363
895
260360
62308
3396
36655
2188
1075
1809
517
316
5137
64211
4641
53718
5022
739
7672
5569
2446
11602
28492
1494
22579
632
118
628
8731
844
85261
2758
269
2464
230
13
352
32
0
143
2361
3
4443
41
16
47
3
1
19
274
4
1197
13
4
14
6
2
3376
5687
904
4868
114
15
57
36
4
127
16297
63
25918
1156
267
1531
62
18
403
1747
0
7632
15
2
15
125
0
11647
2730
484
1574
77
19
54
109
21
486
2848
9
3622
54
23
70
1
0
20
360
2
949
3
5
0
152
9
3761
10407
278
7593
237
119
1029
170
44
1617
6054
795
10206
108
109
1353
604
368
3776
2760
200
2309
85
45
626
858
215
15892
7957
527
9681
96
7
174
374
43
2490
26276
2855
48582
1005
300
6549
1419
855
12164
5839
212
5476
261
40
962
1425
124
32191
4571
561
6393
61
17
92
325
43
2225
5861
1142
9297
57
19
498
379
442
3721
1991
170
3212
65
9
91
658
27
10351
2494
652
1380
1662
2199
3008
268
219
632
1606
374
1709
0
0
0
25
7
83
595
43
283
0
0
0
17
0
690
3845
1130
4197
442
370
236
58
98
694
12150
3220
10477
0
0
0
9
1
5
1369
162
736
0
0
0
505
0
2005
2256
915
1983
161
131
74
24
316
337
3963
550
2223
0
0
0
21
9
100
791
91
476
0
0
0
267
19
2450
1785
2474
2206
573
4827
2275
108
442
243
2375
2435
4111
0
0
0
5
18
4
329
731
1374
0
0
0
0
3
1117
3928
10000
6728
618
3453
522
73
385
327
34150
31857
28331
0
0
0
11
0
3
1714
1102
1742
0
0
0
0
0
3095
3157
4051
2139
315
1410
228
59
1291
1131
3573
4257
6161
0
0
0
1
1
1
356
441
333
0
0
0
41
128
2432
3645
954
4497
526
2005
2832
281
599
2334
3114
1872
13138
0
0
0
725
928
3692
294
164
824
0
0
0
137
209
5128
7080
2344
20143
266
676
481
108
2428
4043
18206
15285
103857
0
0
0
2180
4152
5015
1339
571
2022
0
0
0
323
94
10559
6733
1583
4930
175
225
236
195
1494
2545
8518
2471
15788
0
0
0
691
1742
2929
589
272
531
0
0
0
260
473
5198
1143
50
784
6
0
95
80
99
438
160
65
503
0
0
0
407
76
922
5
52
14
3
4
1
237
18
339
2958
715
2849
10
5
48
118
297
1265
2779
1439
7337
0
0
0
1735
755
4645
39
2
44
6
40
13
405
86
758
1636
123
1278
54
205
12
21
104
428
922
575
1835
0
0
0
593
132
1500
69
11
118
2
17
9
230
76
721
602
885
1501
21
9
195
31
357
707
1171
2216
2587
0
0
0
263
746
2570
147
303
84
7
80
16
67
333
942
3175
11493
9632
113
789
158
139
1892
2497
17156
74683
32317
0
0
0
3163
7695
15379
236
1296
1200
13
158
44
236
534
1749
1417
2363
1444
270
4666
325
89
418
652
4451
9492
3586
0
0
0
402
767
2330
319
2951
382
10
63
54
79
292
1366
7193
710
14641
83
97
404
553
447
8927
2749
1217
15626
0
0
0
724
839
12003
202
187
1773
3
26
16
113
220
6781
17516
3967
46979
278
347
974
556
1710
20167
25478
23432
152155
0
0
0
4903
4847
58915
378
668
13771
11
71
60
324
672
16137
8225
1315
16543
449
832
1021
172
817
9409
6814
3363
26730
0
0
0
4061
1127
11779
368
1499
5627
11
41
61
391
734
24523
72361
3564
8919
3322
1718
1346
828
600
2689
101416
12182
18427
26045
7115
9737
24332
5824
22715
25247
2000
961
11438
2382
5680
13929
5011
54271
95805
4652
19477
7460
1674
2778
2251
2401
5680
558152
145480
100265
263374
87162
42838
136012
15791
140159
126452
14426
3044
28245
4039
4346
54285
8016
151618
51175
2209
9434
5538
1431
1478
87
301
1140
132218
13471
22747
23343
5635
5660
18593
3969
14934
31246
1973
4009
3461
506
703
13862
3174
49189
12226
8367
5563
1655
6979
771
283
129
599
41361
45502
26005
18511
120
3567
7291
13
6105
6804
8980
31
2605
27
1924
720
3
15642
27703
19254
22949
4414
1409
1568
954
112
2485
350567
646225
258182
482095
2744
952
102049
239
52823
63860
98788
1878
20686
27
1045
5831
0
53682
16616
6049
3783
4377
226
362
316
1041
431
41554
46706
26175
15151
148
2469
4223
19
4421
10075
9988
586
1411
0
153
1021
57
10712
17240
854
7682
884
740
1111
722
648
5415
17870
4502
19887
6284
713
10805
8368
5041
29284
3470
1221
439
1290
289
2516
2981
2016
19210
30536
2206
13899
4371
142
2713
1446
3014
13334
141844
41352
181343
144827
4908
177673
46251
65454
151691
22940
9834
9858
7721
376
6072
11170
6391
55642
13187
1565
5321
3982
32
1310
437
1110
6159
18473
3854
13109
10480
145
5112
5901
8274
23852
4692
930
1123
729
53
482
2421
1463
15957
12548
2485
2795
2769
4496
1594
578
1919
1920
40111
20162
10341
38566
38867
16067
15935
7240
14598
7750
3958
431
14633
12985
9609
5768
2356
13437
33391
9341
13327
17410
32114
9734
3393
9697
6923
326881
240295
98079
480198
811498
265124
212575
127841
106305
31864
14120
1721
26449
16769
8993
19466
4466
28166
25100
6322
4046
15276
15968
3837
123
1260
1019
41718
19423
9310
34844
54602
11238
17859
7737
10619
5470
3546
1511
3337
2506
1481
3987
2500
7744
13913
14736
3592
5370
21739
3924
754
12485
3905
24626
62083
23116
44468
263406
52732
17616
63025
27482
3124
4988
0
16106
88307
25391
6194
25891
19950
37243
32019
21679
40429
194471
27985
3625
88819
23395
386020
1386091
309744
1232470
22
1232470
309744
1386091
386020
23395
88819
3625
27985
194471
40429
21679
32019
37243
19950
25891
6194
25391
88307
16106
0
4988
3124
27482
63025
17616
52732
263406
44468
23116
62083
24626
3905
12485
754
3924
21739
5370
3592
14736
13913
7744
2500
3987
1481
2506
3337
1511
3546
5470
10619
7737
17859
11238
54602
34844
9310
19423
41718
1019
1260
123
3837
15968
15276
4046
6322
25100
28166
4466
19466
8993
16769
26449
1721
14120
31864
106305
127841
212575
265124
811498
480198
98079
240295
326881
6923
9697
3393
9734
32114
17410
13327
9341
33391
13437
2356
5768
9609
12985
14633
431
3958
7750
14598
7240
15935
16067
38867
38566
10341
20162
40111
1920
1919
578
1594
4496
2769
2795
2485
12548
15957
1463
2421
482
53
729
1123
930
4692
23852
8274
5901
5112
145
10480
13109
3854
18473
6159
1110
437
1310
32
3982
5321
1565
13187
55642
6391
11170
6072
376
7721
9858
9834
22940
151691
65454
46251
177673
4908
144827
181343
41352
141844
13334
3014
1446
2713
142
4371
13899
2206
30536
19210
2016
2981
2516
289
1290
439
1221
3470
29284
5041
8368
10805
713
6284
19887
4502
17870
5415
648
722
1111
740
884
7682
854
17240
10712
57
1021
153
0
1411
586
9988
10075
4421
19
4223
2469
148
15151
26175
46706
41554
431
1041
316
362
226
4377
3783
6049
16616
53682
0
5831
1045
27
20686
1878
98788
63860
52823
239
102049
952
2744
482095
258182
646225
350567
2485
112
954
1568
1409
4414
22949
19254
27703
15642
3
720
1924
27
2605
31
8980
6804
6105
13
7291
3567
120
18511
26005
45502
41361
599
129
283
771
6979
1655
5563
8367
12226
49189
3174
13862
703
506
3461
4009
1973
31246
14934
3969
18593
5660
5635
23343
22747
13471
132218
1140
301
87
1478
1431
5538
9434
2209
51175
151618
8016
54285
4346
4039
28245
3044
14426
126452
140159
15791
136012
42838
87162
263374
100265
145480
558152
5680
2401
2251
2778
1674
7460
19477
4652
95805
54271
5011
13929
5680
2382
11438
961
2000
25247
22715
5824
24332
9737
7115
26045
18427
12182
101416
2689
600
828
1346
1718
3322
8919
3564
72361
24523
734
391
61
41
11
5627
1499
368
11779
1127
4061
0
0
0
26730
3363
6814
9409
817
172
1021
832
449
16543
1315
8225
16137
672
324
60
71
11
13771
668
378
58915
4847
4903
0
0
0
152155
23432
25478
20167
1710
556
974
347
278
46979
3967
17516
6781
220
113
16
26
3
1773
187
202
12003
839
724
0
0
0
15626
1217
2749
8927
447
553
404
97
83
14641
710
7193
1366
292
79
54
63
10
382
2951
319
2330
767
402
0
0
0
3586
9492
4451
652
418
89
325
4666
270
1444
2363
1417
1749
534
236
44
158
13
1200
1296
236
15379
7695
3163
0
0
0
32317
74683
17156
2497
1892
139
158
789
113
9632
11493
3175
942
333
67
16
80
7
84
303
147
2570
746
263
0
0
0
2587
2216
1171
707
357
31
195
9
21
1501
885
602
721
76
230
9
17
2
118
11
69
1500
132
593
0
0
0
1835
575
922
428
104
21
12
205
54
1278
123
1636
758
86
405
13
40
6
44
2
39
4645
755
1735
0
0
0
7337
1439
2779
1265
297
118
48
5
10
2849
715
2958
339
18
237
1
4
3
14
52
5
922
76
407
0
0
0
503
65
160
438
99
80
95
0
6
784
50
1143
5198
473
260
0
0
0
531
272
589
2929
1742
691
0
0
0
15788
2471
8518
2545
1494
195
236
225
175
4930
1583
6733
10559
94
323
0
0
0
2022
571
1339
5015
4152
2180
0
0
0
103857
15285
18206
4043
2428
108
481
676
266
20143
2344
7080
5128
209
137
0
0
0
824
164
294
3692
928
725
0
0
0
13138
1872
3114
2334
599
281
2832
2005
526
4497
954
3645
2432
128
41
0
0
0
333
441
356
1
1
1
0
0
0
6161
4257
3573
1131
1291
59
228
1410
315
2139
4051
3157
3095
0
0
0
0
0
1742
1102
1714
3
0
11
0
0
0
28331
31857
34150
327
385
73
522
3453
618
6728
10000
3928
1117
3
0
0
0
0
1374
731
329
4
18
5
0
0
0
4111
2435
2375
243
442
108
2275
4827
573
2206
2474
1785
2450
19
267
0
0
0
476
91
791
100
9
21
0
0
0
2223
550
3963
337
316
24
74
131
161
1983
915
2256
2005
0
505
0
0
0
736
162
1369
5
1
9
0
0
0
10477
3220
12150
694
98
58
236
370
442
4197
1130
3845
690
0
17
0
0
0
283
43
595
83
7
25
0
0
0
1709
374
1606
632
219
268
3008
2199
1662
1380
652
2494
10351
27
658
91
9
65
3212
170
1991
3721
442
379
498
19
57
9297
1142
5861
2225
43
325
92
17
61
6393
561
4571
32191
124
1425
962
40
261
5476
212
5839
12164
855
1419
6549
300
1005
48582
2855
26276
2490
43
374
174
7
96
9681
527
7957
15892
215
858
626
45
85
2309
200
2760
3776
368
604
1353
109
108
10206
795
6054
1617
44
170
1029
119
237
7593
278
10407
3761
9
152
0
5
3
949
2
360
20
0
1
70
23
54
3622
9
2848
486
21
109
54
19
77
1574
484
2730
11647
0
125
15
2
15
7632
0
1747
403
18
62
1531
267
1156
25918
63
16297
127
4
36
57
15
114
4868
904
5687
3376
2
6
14
4
13
1197
4
274
19
1
3
47
16
41
4443
3
2361
143
0
32
352
13
230
2464
269
2758
85261
844
8731
628
118
632
22579
1494
28492
11602
2446
5569
7672
739
5022
53718
4641
64211
5137
316
517
1809
1075
2188
36655
3396
62308
260360
895
13363
5675
679
2827
42987
3812
78966
69517
9631
17530
108322
10048
35241
298549
24131
209091
9916
1245
1510
3465
635
2625
56651
4172
96822
89321
1179
5748
3732
576
895
16021
1941
32808
17366
2058
7754
13142
1308
2420
55089
5109
59235
5311
582
973
6754
1267
3759
48519
2522
141423
93899
5745
26219
4936
2578
2407
514
180
1431
0
0
0
0
0
0
0
0
0
73405
811
25117
3398
1016
5892
530
440
2212
24024
2527
9492
1060
90
584
344
137
1202
0
0
0
0
0
0
0
0
0
41397
4276
23021
1576
122
1616
3814
554
8531
71982
7778
26378
3203
830
1709
960
245
2707
13439
3291
10550
1424
122
1748
875
189
2688
51905
12493
22767
1490
423
1169
10744
1303
54269
4270
1191
1210
692
1066
130
33
6
140
0
0
0
0
0
0
0
0
0
919
111
1368
47
0
296
6
0
94
3865
1044
1241
416
57
100
78
3
73
0
0
0
0
0
0
0
0
0
2849
510
2091
14
0
15
42
0
193
17939
3965
3235
2493
44
155
257
31
306
636
2
466
33
1
7
2
2
2
7441
1421
2354
74
11
5
2575
10
2867
12684
665
6352
1292
1040
986
412
44
620
0
0
0
0
0
0
0
0
0
7434
83
2896
187
111
720
49
43
321
7693
279
4679
357
22
247
156
38
451
0
0
0
0
0
0
0
0
0
5730
281
3354
226
31
308
274
49
962
16742
2776
7554
1782
38
666
482
34
1086
3193
790
4108
146
12
234
101
46
268
9509
1651
5132
258
73
225
2879
186
21273
2904
635
1092
234
78
103
43
21
92
0
0
0
0
0
0
0
0
0
374
320
122
2202
1948
2674
299
157
554
3121
614
1360
1524
860
303
100
35
330
0
0
0
0
0
0
0
0
0
2203
451
1124
146
62
92
99
10
120
25786
5145
4409
8385
2254
760
242
162
466
1095
386
583
0
0
0
12
5
25
5331
994
2328
208
30
35
3656
298
3538
2367
4353
2370
760
1837
292
145
429
186
0
0
0
0
0
0
0
0
0
390
875
595
252
3121
1931
77
214
183
3824
3395
1775
3443
6122
928
306
762
502
0
0
0
0
0
0
0
0
0
3244
9018
3536
179
950
191
48
74
431
21641
22385
4104
20538
28527
2708
759
1284
404
1685
2568
1095
0
0
0
3
14
1
5893
7220
1958
612
684
117
5788
4911
7829
3991
1110
5113
177
438
572
61
191
601
0
0
0
0
0
0
0
0
0
501
248
844
366
1746
2438
103
351
1064
2863
907
4053
1304
1496
2146
167
377
1604
0
0
0
0
0
0
0
0
0
4999
2578
10008
95
300
239
332
702
1657
24648
6704
15289
7397
7590
6364
708
4192
7074
2399
2326
5928
0
0
0
243
743
1128
12201
6361
10231
219
377
319
2391
3431
10649
116
7
107
6
0
10
10
1
21
0
0
0
0
0
0
0
0
0
3
1
3
0
0
0
0
2
7
362
39
364
106
25
219
22
7
136
0
0
0
0
0
0
0
0
0
44
4
24
1
0
0
2
0
11
1266
509
1407
248
320
265
44
34
117
473
276
664
0
0
0
6
0
0
183
194
212
5
0
1
174
58
1251
2037
2970
2630
20
0
243
24
411
515
0
0
0
0
0
0
0
0
0
40
425
159
0
0
10
0
16
224
6974
4805
5902
184
0
1018
293
1072
1125
0
0
0
0
0
0
0
0
0
1912
9977
2581
0
0
0
3
0
2851
11490
8056
5001
723
1158
1320
369
869
1065
3509
5980
4750
0
0
0
0
0
0
5423
16878
2180
0
0
1
903
1167
14245
6467
1092
11165
172
108
961
391
332
4150
0
0
0
0
0
0
0
0
0
45
107
609
5
2
32
1
446
1575
17686
2135
29515
801
413
4759
527
584
11497
0
0
0
0
0
0
0
0
0
1207
1661
7162
0
0
4
273
1355
2569
27196
4421
28602
2699
1032
6604
1141
2685
17171
5643
2786
27401
0
0
0
166
392
740
4326
6582
13447
31
8
30
2836
8360
94459
18161
1002
3953
350
209
42
206
16
103
0
0
0
0
0
0
0
0
0
26472
792
2914
2486
1635
1290
1066
201
1636
1217
317
236
435
198
59
90
37
93
0
0
0
0
0
0
0
0
0
39345
2769
9888
2780
489
546
2336
331
3177
18431
1501
4103
1734
560
478
140
102
814
26657
2943
4445
3412
1073
559
1563
320
1712
59597
4869
9505
4308
643
695
5100
457
10936
7418
4031
3888
201
564
79
52
54
42
0
0
0
0
0
0
0
0
0
3219
2542
1324
849
1981
827
211
96
725
863
654
263
532
1397
215
96
283
104
0
0
0
0
0
0
0
0
0
18660
14829
10178
3525
238
559
1093
23
1529
7264
3746
1704
1675
1446
378
122
32
126
13356
7284
4705
2656
31
273
703
6
583
31189
14563
5300
6626
182
373
2383
260
4491
9824
680
5120
143
240
107
219
111
664
0
0
0
0
0
0
0
0
0
8167
463
3438
847
522
768
337
172
1355
1409
280
897
523
476
371
159
80
326
0
0
0
0
0
0
0
0
0
24687
2995
10465
5991
95
1259
2224
437
5014
7489
1111
3072
1380
324
885
487
625
1698
10551
3888
6722
6000
60
1333
2153
1171
6669
34943
8843
9372
6895
131
1412
4514
1302
11781
8452
2051
2479
0
0
0
0
0
0
0
0
0
0
0
0
0
0
0
2573
883
295
1531
835
350
271
451
693
0
0
0
0
0
0
0
0
0
0
0
0
0
0
0
0
0
0
17431
6821
5831
7942
3388
1088
3945
1526
1848
7502
3341
1649
3544
5745
1530
67
1349
594
18438
13265
3355
13048
11387
1550
2380
918
1188
36118
14563
4644
16725
6477
1695
5494
1527
5524
11996
10230
3529
0
0
0
0
0
0
0
0
0
0
0
0
0
0
0
1339
2082
481
4935
12613
1942
587
8348
2378
0
0
0
0
0
0
0
0
0
0
0
0
0
0
0
0
0
0
25181
28894
9587
25706
66357
10400
11132
38250
9919
10447
7842
1659
6295
17471
2527
64
5530
1439
18254
37800
6069
28522
82435
7240
5776
14961
3129
43507
58753
6617
45361
80347
9350
12999
19083
8755
12841
2065
7797
0
0
0
104
451
1178
0
0
0
0
0
0
0
0
0
1386
469
725
1590
2919
2905
329
2457
4524
0
0
0
0
0
0
0
0
0
0
0
0
0
0
0
0
0
0
20048
5672
15075
10481
18408
17245
4468
11644
20828
5629
1254
2500
2421
3603
4000
1383
2996
4419
10379
6793
9007
12225
27859
16113
3978
9333
12853
33496
11440
11319
17520
21191
16405
7689
17401
32153
7668
909
1368
0
0
0
127
74
547
0
0
0
0
0
0
0
0
0
4059
844
366
350
1
326
514
396
1360
0
0
0
0
0
0
0
0
0
0
0
0
0
0
0
0
0
0
17470
5350
3899
4080
32
1347
7548
1788
4282
8678
1369
2452
801
159
1960
180
1781
2533
10704
4759
3640
3841
178
2380
4297
1202
3832
13689
3899
2466
2956
696
2050
8287
2502
6439
9069
0
1044
0
0
0
105
146
389
0
0
0
0
0
0
0
0
0
1814
51
265
70
0
1202
306
6287
4959
0
0
0
0
0
0
0
0
0
0
0
0
0
0
0
0
0
0
22727
0
3990
539
0
8883
8324
37922
22808
5426
26
440
165
4
1153
59
5361
2184
3215
19
1921
1508
90
6975
8683
19781
12515
13027
948
1652
1280
1590
4422
9073
24218
13890
36296
806
17579
0
0
0
336
86
3705
0
0
0
0
0
0
0
0
0
10473
477
2217
548
459
3018
1218
1378
14744
0
0
0
0
0
0
0
0
0
0
0
0
0
0
0
0
0
0
66664
2319
37900
2911
2299
17445
8919
7266
57136
21474
1931
9252
1245
708
5215
858
962
11000
15509
4716
17097
5572
4482
19442
10985
8863
58669
50573
4997
17457
5637
2349
14210
11009
9291
63687
11873
516
393
0
0
0
2643
205
414
0
0
0
0
0
0
0
0
0
7051
494
358
56
16
12
8273
381
2314
1007
167
81
0
0
0
456
174
96
0
0
0
0
0
0
0
0
0
5727
1305
305
41
12
8
7130
1201
1764
6640
404
163
0
0
0
1288
160
253
4919
1002
496
0
0
0
5013
489
1118
26127
5235
1779
1196
382
172
31816
2853
10633
3869
419
214
0
0
0
507
505
364
0
0
0
0
0
0
0
0
0
2069
716
356
34
80
8
3201
1907
1557
402
72
39
0
0
0
486
637
161
0
0
0
0
0
0
0
0
0
2359
1609
277
69
121
25
5373
5474
1808
2927
657
105
2
7
0
467
618
296
1750
1171
291
0
0
0
3352
1697
799
22553
10967
1263
1320
987
114
26605
10091
7823
2590
87
800
0
0
0
357
42
117
0
0
0
0
0
0
0
0
0
1349
120
368
15
14
3
1505
141
628
320
29
115
0
0
0
74
37
87
0
0
0
0
0
0
0
0
0
1711
243
598
25
19
7
1358
390
613
1173
151
326
2
1
0
105
27
55
2411
314
1437
0
0
0
491
126
212
9180
2316
1924
875
69
34
9016
984
9252
4028
134
210
0
0
0
767
104
181
0
0
0
0
0
0
0
0
0
2597
273
210
0
0
0
2969
473
934
0
0
0
0
0
0
0
0
0
0
0
0
0
0
0
0
0
0
5548
531
293
0
0
0
3977
1345
916
4183
418
163
0
0
0
871
419
282
1850
953
381
0
0
0
6523
1119
1054
15370
4367
1367
3504
3103
666
19825
4298
4267
3334
0
37
0
0
0
896
546
464
0
0
0
0
0
0
0
0
0
1276
931
320
0
0
0
2621
1144
959
0
0
0
0
0
0
0
0
0
0
0
0
0
0
0
0
0
0
1053
0
54
0
0
0
6756
5215
2148
2428
35
1
0
0
0
1162
1313
356
0
0
0
0
0
0
5681
4493
1471
7382
5595
1170
5334
8459
1696
30658
19373
5599
2004
6
510
0
0
0
858
92
987
0
0
0
0
0
0
0
0
0
1179
115
387
0
0
0
3049
479
2048
0
0
0
0
0
0
0
0
0
0
0
0
0
0
0
0
0
0
1403
4
283
0
0
0
2778
1180
2706
2006
0
217
0
0
0
1067
294
1245
55
1
28
0
0
0
3326
919
3067
6225
1071
1388
2189
1752
2740
17260
6790
13426
26378
2034
3535
90
27
127
1909
370
2549
2872
493
1417
51
2
15
845
140
937
5463
972
421
588
162
1217
6251
909
6021
18852
4703
11973
798
666
538
427
632
2469
22298
4340
11166
1160
131
453
2748
502
3248
8154
1791
613
566
180
205
12845
2823
9790
25801
4246
6435
1415
468
539
2092
917
3977
14323
3557
6753
1191
81
164
7358
1211
5746
37613
15687
5694
9098
1968
2688
64537
9969
75709
15866
11434
6543
124
603
203
1011
1154
1755
3683
9310
3911
31
4
5
309
297
766
4205
4823
643
250
1791
689
4281
2686
7869
8195
18526
11595
805
3841
1021
318
2358
1773
22527
70123
33655
785
56
226
1806
1840
3644
9353
12812
5393
455
1183
541
11519
6150
13247
10814
14975
2106
925
4999
676
515
1001
787
10670
22412
6852
94
20
22
3377
1199
2552
23286
23244
3945
9459
19590
8920
45345
37719
63557
264865
7281
89357
203
1204
1245
11046
2221
23868
19188
3733
38888
745
41
674
4189
2098
17080
37923
2463
15518
1707
436
2259
46386
5692
179272
58699
5705
55074
1748
1580
3631
2467
4274
30606
82599
27498
181755
15868
1069
7172
8924
6021
41390
158972
6166
81978
9808
1147
4528
68298
10501
263371
95958
6040
33292
5083
1261
4398
8986
10002
57583
53265
11841
69269
12628
808
3139
39356
9692
76646
226216
20186
107987
21027
9456
19695
230854
72795
1044142
