800618
0
0
0
0
0
0
0
0
0
0
0
0
0
0
0
0
0
0
0
0
0
0
0
0
0
0
0
0
0
0
0
0
0
0
0
0
0
0
0
0
0
0
0
0
0
0
0
0
0
0
0
0
0
0
0
0
0
0
0
443370
447454
0
0
0
0
0
0
0
0
0
0
0
0
0
0
0
0
0
0
0
0
0
0
0
0
0
0
0
0
0
0
0
0
0
0
0
0
0
0
0
0
0
0
0
0
0
0
0
0
0
0
0
0
0
0
0
0
0
0
287832
243122
380020
0
0
0
0
0
0
0
0
0
0
0
0
0
0
0
0
0
0
0
0
0
0
0
0
0
0
0
0
0
0
0
0
0
0
0
0
0
0
0
0
0
0
0
0
0
0
0
0
0
0
0
0
0
0
0
0
0
219682
212385
193574
294331
0
0
0
0
0
0
0
0
0
0
0
0
0
0
0
0
0
0
0
0
0
0
0
0
0
0
0
0
0
0
0
0
0
0
0
0
0
0
0
0
0
0
0
0
0
0
0
0
0
0
0
0
0
0
0
0
176386
176531
154710
184564
232991
0
0
0
0
0
0
0
0
0
0
0
0
0
0
0
0
0
0
0
0
0
0
0
0
0
0
0
0
0
0
0
0
0
0
0
0
0
0
0
0
0
0
0
0
0
0
0
0
0
0
0
0
0
0
0
144450
162170
135283
140835
177058
168820
0
0
0
0
0
0
0
0
0
0
0
0
0
0
0
0
0
0
0
0
0
0
0
0
0
0
0
0
0
0
0
0
0
0
0
0
0
0
0
0
0
0
0
0
0
0
0
0
0
0
0
0
0
0
127606
142591
119135
109359
141416
166234
125857
0
0
0
0
0
0
0
0
0
0
0
0
0
0
0
0
0
0
0
0
0
0
0
0
0
0
0
0
0
0
0
0
0
0
0
0
0
0
0
0
0
0
0
0
0
0
0
0
0
0
0
0
0
107208
129051
114175
103527
116377
144745
137219
83262
0
0
0
0
0
0
0
0
0
0
0
0
0
0
0
0
0
0
0
0
0
0
0
0
0
0
0
0
0
0
0
0
0
0
0
0
0
0
0
0
0
0
0
0
0
0
0
0
0
0
0
0
102517
118400
101825
88563
91941
118244
141958
116413
59479
0
0
0
0
0
0
0
0
0
0
0
0
0
0
0
0
0
0
0
0
0
0
0
0
0
0
0
0
0
0
0
0
0
0
0
0
0
0
0
0
0
0
0
0
0
0
0
0
0
0
0
93017
105179
95223
88952
88122
103548
125864
124668
82308
36339
0
0
0
0
0
0
0
0
0
0
0
0
0
0
0
0
0
0
0
0
0
0
0
0
0
0
0
0
0
0
0
0
0
0
0
0
0
0
0
0
0
0
0
0
0
0
0
0
0
0
98174
103518
82655
73995
74963
83854
107251
126327
107685
65212
23496
0
0
0
0
0
0
0
0
0
0
0
0
0
0
0
0
0
0
0
0
0
0
0
0
0
0
0
0
0
0
0
0
0
0
0
0
0
0
0
0
0
0
0
0
0
0
0
0
0
82915
95594
78855
74256
71951
82583
96516
120024
114304
81424
40351
11815
0
0
0
0
0
0
0
0
0
0
0
0
0
0
0
0
0
0
0
0
0
0
0
0
0
0
0
0
0
0
0
0
0
0
0
0
0
0
0
0
0
0
0
0
0
0
0
0
86595
89741
72640
66133
64987
68779
84117
102894
117922
101028
65120
27376
6548
0
0
0
0
0
0
0
0
0
0
0
0
0
0
0
0
0
0
0
0
0
0
0
0
0
0
0
0
0
0
0
0
0
0
0
0
0
0
0
0
0
0
0
0
0
0
0
72800
84050
68947
65156
63930
69058
81074
97493
109864
108857
78304
39849
14648
2876
0
0
0
0
0
0
0
0
0
0
0
0
0
0
0
0
0
0
0
0
0
0
0
0
0
0
0
0
0
0
0
0
0
0
0
0
0
0
0
0
0
0
0
0
0
0
76053
79407
63702
59050
59074
61068
71520
85877
99000
110897
95710
61146
27117
8672
1505
0
0
0
0
0
0
0
0
0
0
0
0
0
0
0
0
0
0
0
0
0
0
0
0
0
0
0
0
0
0
0
0
0
0
0
0
0
0
0
0
0
0
0
0
0
63173
74119
60419
58302
58815
60994
67708
85428
96032
106380
100688
74123
37321
14332
3900
566
0
0
0
0
0
0
0
0
0
0
0
0
0
0
0
0
0
0
0
0
0
0
0
0
0
0
0
0
0
0
0
0
0
0
0
0
0
0
0
0
0
0
0
0
66476
69792
56368
54360
54051
57510
60377
71776
87601
103480
101918
88108
56691
24925
8649
2098
232
0
0
0
0
0
0
0
0
0
0
0
0
0
0
0
0
0
0
0
0
0
0
0
0
0
0
0
0
0
0
0
0
0
0
0
0
0
0
0
0
0
0
0
55118
63778
53845
52713
53229
57515
62898
71849
84051
99176
103187
90361
65903
34437
13285
3927
842
74
0
0
0
0
0
0
0
0
0
0
0
0
0
0
0
0
0
0
0
0
0
0
0
0
0
0
0
0
0
0
0
0
0
0
0
0
0
0
0
0
0
0
57776
60170
49681
49059
50686
53992
55843
62644
77254
89890
102940
100506
76324
48513
22191
7748
1981
371
29
0
0
0
0
0
0
0
0
0
0
0
0
0
0
0
0
0
0
0
0
0
0
0
0
0
0
0
0
0
0
0
0
0
0
0
0
0
0
0
0
0
47605
54057
47476
47579
50055
52630
56496
67026
76899
88918
98772
99986
81269
55436
28900
11307
3424
829
130
8
0
0
0
0
0
0
0
0
0
0
0
0
0
0
0
0
0
0
0
0
0
0
0
0
0
0
0
0
0
0
0
0
0
0
0
0
0
0
0
0
49648
51260
44311
44472
46988
49079
53356
60639
67571
82705
94077
100932
90362
67172
40028
18603
6513
1714
337
68
3
0
0
0
0
0
0
0
0
0
0
0
0
0
0
0
0
0
0
0
0
0
0
0
0
0
0
0
0
0
0
0
0
0
0
0
0
0
0
0
39424
46427
41004
44039
45932
49740
54382
59803
69441
87002
91842
96700
93935
69885
44738
23384
9424
2702
777
116
27
0
0
0
0
0
0
0
0
0
0
0
0
0
0
0
0
0
0
0
0
0
0
0
0
0
0
0
0
0
0
0
0
0
0
0
0
0
0
0
41296
43618
39090
40194
43524
47682
50344
54417
67224
75758
87470
97948
92816
84051
54041
31678
13847
4900
1246
269
43
2
0
0
0
0
0
0
0
0
0
0
0
0
0
0
0
0
0
0
0
0
0
0
0
0
0
0
0
0
0
0
0
0
0
0
0
0
0
0
32329
38288
35868
38246
43572
47300
52689
58565
65794
77576
91107
94724
93615
85306
57019
34102
16716
6450
2224
444
84
10
2
0
0
0
0
0
0
0
0
0
0
0
0
0
0
0
0
0
0
0
0
0
0
0
0
0
0
0
0
0
0
0
0
0
0
0
0
0
34096
36237
33181
36039
40207
45251
49660
53867
61703
71179
87584
96175
93927
85924
68404
42728
22795
8950
3559
876
165
31
4
0
0
0
0
0
0
0
0
0
0
0
0
0
0
0
0
0
0
0
0
0
0
0
0
0
0
0
0
0
0
0
0
0
0
0
0
0
25882
31598
30272
35400
39313
44616
50455
57042
64756
73559
85686
102383
91221
89394
65124
45148
24108
10914
4433
1280
301
70
7
0
0
0
0
0
0
0
0
0
0
0
0
0
0
0
0
0
0
0
0
0
0
0
0
0
0
0
0
0
0
0
0
0
0
0
0
0
27685
29997
27881
30764
38221
42277
48112
54629
60228
71234
83424
94264
94405
88888
74267
51038
31502
15898
5536
2208
578
106
22
2
0
0
0
0
0
0
0
0
0
0
0
0
0
0
0
0
0
0
0
0
0
0
0
0
0
0
0
0
0
0
0
0
0
0
0
0
19692
25226
25958
29771
37309
41600
48514
56610
64234
73611
86415
95123
96215
89402
73932
48497
32539
18507
6877
2347
678
231
41
10
1
0
0
0
0
0
0
0
0
0
0
0
0
0
0
0
0
0
0
0
0
0
0
0
0
0
0
0
0
0
0
0
0
0
0
0
21641
23281
23481
26624
33004
42072
46444
54608
61797
71243
85099
92859
98822
89598
73398
55865
34257
24864
9867
3278
1141
213
70
11
3
0
0
0
0
0
0
0
0
0
0
0
0
0
0
0
0
0
0
0
0
0
0
0
0
0
0
0
0
0
0
0
0
0
0
0
14202
20049
20406
26438
32477
39546
47119
56420
66091
74239
88042
91828
99710
88545
72171
54424
40623
20777
13679
5091
1257
410
86
11
4
3
0
0
0
0
0
0
0
0
0
0
0
0
0
0
0
0
0
0
0
0
0
0
0
0
0
0
0
0
0
0
0
0
0
0
16101
17509
18862
24497
29956
37092
46311
56422
62507
71533
81567
89803
94473
99533
82391
60528
38743
22319
11927
9391
1665
425
109
27
7
0
0
0
0
0
0
0
0
0
0
0
0
0
0
0
0
0
0
0
0
0
0
0
0
0
0
0
0
0
0
0
0
0
0
0
9529
14549
16079
21791
29323
37801
45346
57312
65364
80418
90868
93178
100782
92121
71275
59482
38402
25112
12212
5094
7021
523
171
27
4
0
0
0
0
0
0
0
0
0
0
0
0
0
0
0
0
0
0
0
0
0
0
0
0
0
0
0
0
0
0
0
0
0
0
0
11500
13176
14489
19546
26893
35928
44887
55590
64595
75284
83745
93097
101069
88710
86923
59782
44175
30492
14124
6520
2294
733
207
38
3
0
0
0
0
0
0
0
0
0
0
0
0
0
0
0
0
0
0
0
0
0
0
0
0
0
0
0
0
0
0
0
0
0
0
0
6184
9905
12629
18743
25820
33972
44774
56330
70328
80574
90263
97987
93867
87127
80942
69241
40398
32630
13760
5414
2003
860
217
68
10
0
0
0
0
0
0
0
0
0
0
0
0
0
0
0
0
0
0
0
0
0
0
0
0
0
0
0
0
0
0
0
0
0
0
0
6921
8864
11353
17113
24044
33545
44684
53373
67270
80264
88622
94802
98736
86805
88227
69194
41755
35622
13897
5631
2221
864
190
63
13
0
0
1
0
0
0
0
0
0
0
0
0
0
0
0
0
0
0
0
0
0
0
0
0
0
0
0
0
0
0
0
0
0
0
0
3875
6533
8709
14743
22017
30301
42714
58772
70619
83962
98959
101267
105889
85996
72172
60256
48836
34613
14956
5770
2215
725
178
62
29
4
0
0
0
0
0
0
0
0
0
0
0
0
0
0
0
0
0
0
0
0
0
0
0
0
0
0
0
0
0
0
0
0
0
0
4171
5868
8277
12066
19989
30580
43343
57093
69200
86316
93849
101320
96961
92042
85440
66300
44475
31255
15758
6507
2484
624
220
39
6
3
0
0
0
0
0
0
0
0
0
0
0
0
0
0
0
0
0
0
0
0
0
0
0
0
0
0
0
0
0
0
0
0
0
0
1986
4067
6478
11428
19557
30069
43061
55809
74633
93045
100172
105492
97847
86099
81846
61152
47355
33842
12286
5305
2064
587
139
26
4
1
0
0
0
0
0
0
0
0
0
0
0
0
0
0
0
0
0
0
0
0
0
0
0
0
0
0
0
0
0
0
0
0
0
0
2465
3526
5862
10386
16204
27065
42247
59207
76108
90335
101984
105442
99529
87948
100533
56282
45969
24194
11444
5118
1788
551
159
18
3
1
0
0
0
0
0
0
0
0
0
0
0
0
0
0
0
0
0
0
0
0
0
0
0
0
0
0
0
0
0
0
0
0
0
0
997
2415
4059
8268
15271
24440
42291
64221
80021
99228
108090
109334
100584
103603
67390
70806
36592
19754
9895
5379
1356
350
97
17
3
1
0
0
0
0
0
0
0
0
0
0
0
0
0
0
0
0
0
0
0
0
0
0
0
0
0
0
0
0
0
0
0
0
0
0
1348
2165
3985
6904
14211
25267
42539
58372
82145
99992
110450
113366
102355
103896
73087
51126
48570
18098
11144
3906
1059
457
48
1
3
0
0
0
0
0
0
0
0
0
0
0
0
0
0
0
0
0
0
0
0
0
0
0
0
0
0
0
0
0
0
0
0
0
0
0
554
1347
2741
6858
12476
24758
39996
65171
82966
111795
116925
113976
100706
86049
63980
64702
47493
17643
8347
4943
762
380
32
4
0
0
0
0
0
0
0
0
0
0
0
0
0
0
0
0
0
0
0
0
0
0
0
0
0
0
0
0
0
0
0
0
0
0
0
0
651
1498
2639
5874
10746
24874
41499
68873
86561
107278
117867
114556
107314
99118
79890
48897
32631
14103
6411
2493
733
99
15
2
0
0
0
0
0
0
0
0
0
0
0
0
0
0
0
0
0
0
0
0
0
0
0
0
0
0
0
0
0
0
0
0
0
0
0
0
293
1109
2044
5081
13329
21314
46541
64967
94659
117486
138928
122338
102422
85965
76685
37124
25396
9546
7185
1093
787
422
4
0
0
0
0
0
0
0
0
0
0
0
0
0
0
0
0
0
0
0
0
0
0
0
0
0
0
0
0
0
0
0
0
0
0
0
0
0
323
1043
1679
4691
10308
24467
44075
67221
103214
123342
127044
139879
100783
79569
71908
41241
18914
9880
3640
1366
172
7
4
0
0
0
0
0
0
0
0
0
0
0
0
0
0
0
0
0
0
0
0
0
0
0
0
0
0
0
0
0
0
0
0
0
0
0
0
0
121
338
1025
6033
8227
19446
53569
75551
102663
158377
127698
125838
105710
85057
51810
29443
12468
9409
1628
315
65
1
2
0
0
0
0
0
0
0
0
0
0
0
0
0
0
0
0
0
0
0
0
0
0
0
0
0
0
0
0
0
0
0
0
0
0
0
0
0
134
350
884
3682
9414
20571
47231
86819
116148
133100
153068
122426
118530
64697
47087
26489
17485
5198
1389
84
8
2
0
0
0
0
0
0
0
0
0
0
0
0
0
0
0
0
0
0
0
0
0
0
0
0
0
0
0
0
0
0
0
0
0
0
0
0
0
0
42
161
701
2219
9844
23537
56784
82703
129809
170796
140319
111521
95603
78788
37712
17197
14374
2195
320
204
1
0
0
0
0
0
0
0
0
0
0
0
0
0
0
0
0
0
0
0
0
0
0
0
0
0
0
0
0
0
0
0
0
0
0
0
0
0
0
0
146
87
642
5663
8390
21897
72907
100901
136028
141952
167355
113476
86076
62666
36185
15271
4356
840
103
3
0
0
0
0
0
0
0
0
0
0
0
0
0
0
0
0
0
0
0
0
0
0
0
0
0
0
0
0
0
0
0
0
0
0
0
0
0
0
0
0
5
59
762
4827
11150
35214
56305
117788
171484
145068
137662
110722
74603
57782
40863
9316
1264
79
1
0
0
0
0
0
0
0
0
0
0
0
0
0
0
0
0
0
0
0
0
0
0
0
0
0
0
0
0
0
0
0
0
0
0
0
0
0
0
0
0
0
16
267
1070
3985
8445
29806
107393
103152
150425
166426
146330
130884
77414
36576
9306
2383
324
743
3
0
0
0
0
0
0
0
0
0
0
0
0
0
0
0
0
0
0
0
0
0
0
0
0
0
0
0
0
0
0
0
0
0
0
0
0
0
0
0
0
0
128
332
201
3313
17191
28792
102129
142410
153033
210183
132436
141326
25286
14423
3085
810
4
0
0
0
0
0
0
0
0
0
0
0
0
0
0
0
0
0
0
0
0
0
0
0
0
0
0
0
0
0
0
0
0
0
0
0
0
0
0
0
0
0
0
0
0
652
314
3813
52425
76871
107475
199268
179929
151202
78779
89672
28668
4222
750
1036
0
0
0
0
0
0
0
0
0
0
0
0
0
0
0
0
0
0
0
0
0
0
0
0
0
0
0
0
0
0
0
0
0
0
0
0
0
0
0
0
0
0
0
0
0
0
3796
11206
66601
96153
142095
275360
156301
78133
46190
92859
3708
2673
7
0
0
0
0
0
0
0
0
0
0
0
0
0
0
0
0
0
0
0
0
0
0
0
0
0
0
0
0
0
0
0
0
0
0
0
0
0
0
0
0
0
0
0
0
0
0
0
1058
3386
40808
100665
210863
224153
104471
245564
30114
13313
681
0
0
0
0
0
0
0
0
0
0
0
0
0
0
0
0
0
0
0
0
0
0
0
0
0
0
0
0
0
0
0
0
0
0
0
0
0
0
0
0
0
0
0
0
0
0
0
0
2
2
62723
25427
242645
86591
191969
99532
227596
29667
8928
0
0
0
0
0
0
0
0
0
0
0
0
0
0
0
0
0
0
0
0
0
0
0
0
0
0
0
0
0
0
0
0
0
0
0
0
0
0
0
0
0
0
0
0
0
0
0
0
0
0
0
22121
19768
388755
74569
137119
13949
318795
0
0
0
0
0
0
0
0
0
0
0
0
0
0
0
0
0
0
0
0
0
0
0
0
0
0
0
0
0
0
0
0
0
0
0
0
0
0
0
0
0
0
0
0
0
0
0
0
0
0
0
0
318796
121413
127488
9944
357660
36515
3266
0
0
0
0
0
0
0
0
0
0
0
0
0
0
0
0
0
0
0
0
0
0
0
0
0
0
0
0
0
0
0
0
0
0
0
0
0
0
0
0
0
0
0
0
0
0
0
0
0
0
0
0
0
0
0
442769
532307
0
0
0
0
0
0
0
0
0
0
0
0
0
0
0
0
0
0
0
0
0
0
0
0
0
0
0
0
0
0
0
0
0
0
0
0
0
0
0
0
0
0
0
0
0
0
0
0
0
0
0
0
0
0
0
0
0
975082
0
0
0
0
0
0
0
0
0
0
0
0
0
0
0
0
0
0
0
0
0
0
0
0
0
0
0
0
0
0
0
0
0
0
0
0
0
0
0
0
0
0
0
0
0
0
0
0
0
0
0
0
0
0
0
0
